1	1	0	0	1	1	2	5	0	0	0
1	1	0	0	1	2	3	2	0	0	0
1	1	0	0	1	3	4	4	0	0	0
1	1	0	0	1	4	5	2	0	0	0
1	1	0	0	1	5	6	9	0	0	0
1	1	0	0	1	7	8	0	2	0	0
1	1	0	0	1	10	11	2	0	1	0
1	1	0	0	1	11	12	4	0	0	0
1	1	0	0	1	12	13	2	0	0	0
1	1	0	0	1	15	16	0	2	0	0
1	1	0	0	1	16	17	0	0	1	0
1	1	0	0	1	17	18	3	0	0	0
1	1	0	0	1	18	19	4	0	0	0
1	1	0	0	1	20	21	4	0	0	0
1	1	0	0	1	22	23	1	0	0	0
1	1	0	0	1	23	24	8	0	0	0
1	1	0	0	1	25	26	2	0	0	0
1	1	0	0	1	26	27	4	0	0	0
1	1	0	0	1	27	28	5	0	0	0
1	1	0	0	1	28	29	4	0	0	0
1	1	0	0	1	29	30	7	0	0	0
1	1	0	0	1	30	31	1	0	0	0
1	1	0	0	1	32	33	4	0	0	0
1	1	0	0	1	33	34	5	0	0	0
1	1	0	0	1	37	38	0	0	1	0
1	1	0	0	1	39	40	0	0	3	0
1	1	0	0	1	40	41	5	0	0	0
1	1	0	0	1	42	43	4	0	0	0
1	1	0	0	1	44	45	0	1	0	0
1	1	0	0	1	45	46	0	0	5	0
1	1	0	0	1	46	47	2	0	0	0
1	1	0	0	1	47	48	3	0	0	0
1	1	0	0	1	48	49	1	0	0	0
1	1	0	0	1	49	50	2	0	0	0
1	1	0	0	1	50	51	2	0	0	0
1	1	0	0	1	51	52	1	0	0	0
1	1	0	0	1	55	56	1	0	0	0
1	1	0	0	1	56	57	4	0	0	0
1	1	0	0	1	58	59	9	0	0	0
1	1	0	0	1	59	60	1	0	0	0
1	1	0	0	1	61	62	6	0	0	0
1	1	0	0	1	63	64	7	0	0	0
1	1	0	0	1	66	67	5	0	0	0
1	1	0	0	1	68	69	0	1	0	0
1	1	0	0	1	69	70	6	0	0	0
1	1	0	0	1	70	71	2	0	0	0
1	1	0	0	1	71	72	2	0	0	0
1	1	0	0	1	73	74	8	0	0	0
1	1	0	0	1	74	75	1	0	0	0
1	1	0	0	1	76	77	2	0	0	0
1	1	0	0	1	77	78	6	0	0	0
1	1	0	0	1	79	80	0	3	0	0
1	1	0	0	1	80	81	0	0	1	0
1	1	0	0	1	81	82	7	0	0	0
1	1	0	0	1	82	83	1	0	0	0
1	1	0	0	1	84	85	2	0	0	0
1	1	0	0	1	86	87	4	0	0	0
1	1	0	0	1	87	88	6	0	0	0
1	1	0	0	1	89	90	5	0	0	0
1	1	0	0	1	91	92	5	0	0	0
1	1	0	0	1	92	93	3	0	0	0
1	1	0	0	1	93	94	1	0	0	0
1	1	0	0	1	94	95	5	0	0	0
1	1	0	0	1	97	98	8	0	0	0
1	1	0	0	1	98	99	1	0	0	0
1	1	0	0	1	99	100	6	0	0	0
