4	4	0	0	1	1	2	1	2	0	0	40	40
4	4	0	0	1	2	2	1	2	0	0	41	42
4	4	0	0	1	3	2	1	2	0	0	42	44
4	4	0	0	1	4	2	1	2	0	0	2	2
4	4	0	0	1	5	4	1	2	3	4	0	0	0	0	37	42	40	42
4	4	0	0	1	6	3	3	4	5	0	0	0	37	38	35
4	4	0	0	1	7	3	3	4	5	0	0	0	39	37	39
4	4	0	0	1	8	2	5	6	0	0	41	37
4	4	0	0	1	9	4	5	5	6	6	0	0	0	0	38	31	40	40
4	4	0	0	1	10	2	5	6	0	0	40	40
4	4	0	0	1	11	2	5	6	0	0	33	34
4	4	0	0	1	12	2	7	9	0	0	37	42
4	4	0	0	1	13	4	7	7	8	8	0	0	0	0	38	40	28	29
4	4	0	0	1	14	3	7	8	9	0	0	0	42	41	42
4	4	0	0	1	15	2	7	8	0	0	41	40
4	4	0	0	1	16	2	7	8	0	0	40	41
4	4	0	0	1	17	2	7	8	0	1	30	37
4	4	0	0	1	18	2	10	11	0	0	40	41
4	4	0	0	1	19	2	10	11	0	0	40	41
4	4	0	0	1	20	8	10	10	11	11	12	12	13	13	0	0	0	0	0	0	0	0	40	42	42	42	42	40	36	38
4	4	0	0	1	21	4	10	11	12	13	0	0	0	0	30	38	34	39
4	4	0	0	1	22	3	11	12	13	0	0	0	40	42	42
4	4	0	0	1	23	2	11	12	0	0	29	17
4	4	0	0	1	24	3	11	12	13	0	0	0	14	40	40
4	4	0	0	1	25	2	12	13	0	0	37	42
4	4	0	0	1	26	1	13	0	40
4	4	0	0	1	27	1	14	0	35
4	4	0	0	1	28	1	14	0	37
4	4	0	0	1	29	1	14	0	32
4	4	0	0	1	30	1	14	0	39
4	4	0	0	1	31	1	14	0	38
4	4	0	0	1	32	1	14	0	36
4	4	0	0	1	33	2	15	17	0	0	32	33
4	4	0	0	1	34	1	15	0	38
4	4	0	0	1	35	1	15	0	40
4	4	0	0	1	36	2	15	16	0	0	38	25
4	4	0	0	1	37	2	15	16	0	1	41	36
4	4	0	0	1	38	2	17	18	0	0	26	40
4	4	0	0	1	39	6	17	17	18	18	19	19	0	0	0	0	0	0	28	39	41	24	40	38
4	4	0	0	1	40	3	17	18	19	0	0	0	27	42	41
4	4	0	0	1	41	2	18	19	0	0	23	38
4	4	0	0	1	42	2	18	19	0	0	37	41
4	4	0	0	1	43	1	19	0	39
4	4	0	0	1	44	1	19	0	30
4	4	0	0	1	45	3	20	22	23	0	0	0	42	39	37
4	4	0	0	1	46	5	20	21	22	23	24	0	0	0	0	0	36	27	23	28	39
4	4	0	0	1	47	2	20	21	0	0	39	35
4	4	0	0	1	48	1	21	0	35
4	4	0	0	1	49	1	21	0	38
4	4	0	0	1	50	4	22	23	25	26	0	0	0	0	40	30	42	41
4	4	0	0	1	51	1	24	0	41
4	4	0	0	1	52	3	25	33	34	0	0	0	38	36	38
4	4	0	0	1	53	6	26	27	28	29	30	35	0	0	0	0	0	0	42	42	35	32	29	41
4	4	0	0	1	54	5	26	27	28	29	30	0	0	0	0	0	41	41	30	39	38
4	4	0	0	1	55	5	28	29	30	31	35	0	0	0	0	0	33	23	36	29	40
4	4	0	0	1	56	1	31	0	42
4	4	0	0	1	57	1	31	1	37
4	4	0	0	1	58	1	32	0	38
4	4	0	0	1	59	1	32	0	36
4	4	0	0	1	60	2	32	33	0	0	37	37
4	4	0	0	1	61	5	32	32	33	33	34	1	1	0	0	0	38	40	32	40	34
4	4	0	0	1	62	3	32	33	34	1	0	0	39	37	35
4	4	0	0	1	63	2	33	34	0	0	25	40
4	4	0	0	1	64	2	33	34	0	0	31	41
4	4	0	0	1	65	2	36	38	0	0	29	37
4	4	0	0	1	66	1	37	1	33
4	4	0	0	1	67	1	37	1	2
4	4	0	0	1	68	1	37	1	43
4	4	0	0	1	69	2	37	41	1	0	43	40
4	4	0	0	1	70	2	37	37	0	0	36	30
4	4	0	0	1	71	1	38	0	38
4	4	0	0	1	72	3	39	39	40	1	1	0	34	34	37
4	4	0	0	1	73	4	39	40	42	43	1	0	0	0	32	31	41	39
4	4	0	0	1	74	4	39	40	41	43	1	0	0	0	40	40	36	43
4	4	0	0	1	75	4	39	40	41	44	1	0	0	0	39	39	40	36
4	4	0	0	1	76	3	41	44	45	0	0	1	40	37	36
4	4	0	0	1	77	1	41	0	40
4	4	0	0	1	78	1	42	0	38
4	4	0	0	1	79	1	42	0	33
4	4	0	0	1	80	2	42	43	0	0	36	38
4	4	0	0	1	81	2	43	50	0	0	37	31
4	4	0	0	1	82	2	43	50	0	0	38	41
4	4	0	0	1	83	3	43	50	51	0	0	0	38	39	32
4	4	0	0	1	84	2	44	50	0	0	33	39
4	4	0	0	1	85	3	44	50	51	0	0	0	37	41	29
4	4	0	0	1	86	2	44	45	0	0	36	34
4	4	0	0	1	87	6	45	46	47	48	51	52	0	0	0	0	0	0	29	39	39	30	28	35
4	4	0	0	1	88	3	46	47	48	0	0	0	29	25	39
4	4	0	0	1	89	3	46	47	48	0	0	0	35	30	39
4	4	0	0	1	90	3	47	48	53	0	0	0	41	31	38
4	4	0	0	1	91	3	47	48	53	0	0	0	30	26	40
4	4	0	0	1	92	2	50	54	0	0	42	41
4	4	0	0	1	93	2	50	54	0	0	41	40
4	4	0	0	1	94	6	53	55	56	57	58	59	0	0	0	0	0	0	2	30	40	41	35	32
4	4	0	0	1	95	3	53	58	59	0	0	0	13	29	37
4	4	0	0	1	96	1	54	0	35
4	4	0	0	1	97	3	54	58	59	0	0	0	41	30	41
4	4	0	0	1	98	2	54	60	0	0	40	37
4	4	0	0	1	99	4	55	56	57	62	0	0	0	0	40	42	30	39
4	4	0	0	1	100	5	55	56	57	58	59	0	0	0	0	0	38	40	41	41	39
4	4	0	0	1	101	3	58	59	60	0	0	0	40	41	31
4	4	0	0	1	102	1	61	0	41
4	4	0	0	1	103	2	61	62	0	0	40	39
4	4	0	0	1	104	3	61	62	64	0	0	0	38	41	35
4	4	0	0	1	105	3	61	62	65	0	0	0	30	29	30
4	4	0	0	1	106	5	61	62	65	66	67	0	0	0	0	0	35	33	41	30	28
4	4	0	0	1	107	2	63	64	0	0	34	37
4	4	0	0	1	108	1	64	0	31
4	4	0	0	1	109	2	65	66	0	0	41	40
4	4	0	0	1	110	3	65	66	67	0	0	0	40	41	31
4	4	0	0	1	111	3	65	66	67	0	0	0	40	41	32
4	4	0	0	1	112	3	65	66	67	0	0	0	29	37	31
4	4	0	0	1	113	1	67	0	40
4	4	0	0	1	114	4	67	68	69	70	0	0	0	0	29	41	34	26
4	4	0	0	1	115	1	67	0	28
4	4	0	0	1	116	1	68	0	40
4	4	0	0	1	117	4	68	69	70	71	0	0	0	1	27	32	38	17
4	4	0	0	1	118	3	68	69	70	0	0	0	43	36	41
4	4	0	0	1	119	3	68	69	70	0	0	0	41	37	40
4	4	0	0	1	120	5	68	69	70	71	74	0	0	0	0	0	37	37	42	37	41
4	4	0	0	1	121	6	68	69	70	70	71	71	0	0	0	0	0	0	35	37	41	33	35	41
4	4	0	0	1	122	3	69	70	71	0	0	1	28	32	37
4	4	0	0	1	123	1	71	0	42
4	4	0	0	1	124	1	71	0	41
4	4	0	0	1	125	2	72	75	0	0	32	40
4	4	0	0	1	126	1	72	0	34
4	4	0	0	1	127	1	72	0	38
4	4	0	0	1	128	1	72	0	41
4	4	0	0	1	129	1	72	0	41
4	4	0	0	1	130	1	73	0	38
4	4	0	0	1	131	1	74	0	32
4	4	0	0	1	132	1	75	0	41
4	4	0	0	1	133	2	75	83	0	0	41	41
4	4	0	0	1	134	4	75	76	77	83	0	0	0	0	39	41	37	39
4	4	0	0	1	135	4	76	77	78	83	0	0	0	0	39	37	40	40
4	4	0	0	1	136	3	76	77	78	0	0	0	38	42	42
4	4	0	0	1	137	4	76	77	78	79	0	0	0	0	32	31	42	35
4	4	0	0	1	138	1	80	1	41
4	4	0	0	1	139	4	80	81	86	87	1	0	0	0	32	33	29	36
4	4	0	0	1	140	5	81	82	86	87	88	0	0	0	0	1	40	42	32	30	32
4	4	0	0	1	141	6	81	82	86	87	88	89	0	0	0	0	1	0	38	41	37	35	33	34
4	4	0	0	1	142	2	81	82	0	0	24	32
4	4	0	0	1	143	5	81	82	86	87	88	0	0	0	0	0	39	41	29	27	30
4	4	0	0	1	144	3	83	90	91	0	0	0	40	41	35
4	4	0	0	1	145	6	84	85	90	91	92	93	0	0	0	0	0	0	24	41	36	40	43	35
4	4	0	0	1	146	4	84	85	94	95	0	0	0	0	31	40	33	37
4	4	0	0	1	147	3	86	87	88	0	0	0	30	37	36
4	4	0	0	1	148	7	90	91	96	97	98	99	100	0	0	0	0	0	0	0	38	29	42	40	41	41	36
4	4	0	0	1	149	3	91	92	93	0	0	0	41	40	39
4	4	0	0	1	150	2	93	94	0	0	39	32
4	4	0	0	1	151	1	96	0	39
4	4	0	0	1	152	1	96	0	42
4	4	0	0	1	153	4	96	96	97	98	0	0	0	0	43	42	40	29
4	4	0	0	1	154	4	97	98	99	100	0	0	0	0	32	38	39	37
