2	2	0	0	1	1	2	4	0	0	0
2	2	0	0	1	3	4	4	0	0	0
2	2	0	0	1	4	5	1	0	0	0
2	2	0	0	1	5	6	1	0	0	0
2	2	0	0	1	7	8	0	1	0	0
2	2	0	0	1	9	10	1	0	0	0
2	2	0	0	1	10	11	1	0	0	0
2	2	0	0	1	11	12	1	0	0	0
2	2	0	0	1	12	13	1	0	0	0
2	2	0	0	1	15	16	0	1	0	0
2	2	0	0	1	18	19	2	0	0	0
2	2	0	0	1	20	21	3	0	0	0
2	2	0	0	1	22	23	4	0	0	0
2	2	0	0	1	32	33	0	0	2	0
2	2	0	0	1	33	34	2	0	0	0
2	2	0	0	1	39	40	0	0	4	0
2	2	0	0	1	44	45	1	1	0	0
2	2	0	0	1	46	47	2	0	0	0
2	2	0	0	1	47	48	1	0	0	0
2	2	0	0	1	49	50	1	0	0	0
2	2	0	0	1	52	53	1	0	0	0
2	2	0	0	1	55	56	2	0	0	0
2	2	0	0	1	57	58	2	0	0	0
2	2	0	0	1	59	60	1	0	0	0
2	2	0	0	1	61	62	1	0	0	0
2	2	0	0	1	63	64	2	0	0	0
2	2	0	0	1	65	66	2	0	0	0
2	2	0	0	1	68	69	3	0	0	0
2	2	0	0	1	69	70	1	0	0	0
2	2	0	0	1	70	71	1	0	0	0
2	2	0	0	1	72	73	1	0	0	0
2	2	0	0	1	73	74	4	0	0	0
2	2	0	0	1	74	75	2	0	0	0
2	2	0	0	1	76	77	1	0	0	0
2	2	0	0	1	78	79	1	0	0	0
2	2	0	0	1	79	80	0	1	0	0
2	2	0	0	1	80	81	0	0	1	0
2	2	0	0	1	83	84	2	1	0	0
2	2	0	0	1	84	85	1	0	3	0
2	2	0	0	1	86	87	2	0	0	0
2	2	0	0	1	88	89	2	0	0	0
2	2	0	0	1	90	91	3	0	0	0
2	2	0	0	1	92	93	3	0	0	0
2	2	0	0	1	96	97	2	0	0	0
2	2	0	0	1	98	99	2	0	0	0
2	2	0	0	1	99	100	1	0	0	0
