2	2	0	0	1	1	1	1	0	17
2	2	0	0	1	2	4	1	2	3	4	0	0	0	0	39	38	39	28
2	2	0	0	1	3	4	1	2	3	4	0	0	0	0	39	40	34	32
2	2	0	0	1	4	5	1	2	3	4	9	0	0	0	0	0	39	40	39	39	41
2	2	0	0	1	5	4	1	2	3	4	0	0	0	0	33	40	36	33
2	2	0	0	1	6	3	4	5	6	0	0	0	33	20	41
2	2	0	0	1	7	2	5	6	0	0	38	42
2	2	0	0	1	8	2	7	8	0	1	42	25
2	2	0	0	1	9	1	9	0	40
2	2	0	0	1	10	5	9	10	11	12	13	0	0	0	0	0	39	40	42	40	38
2	2	0	0	1	11	4	10	11	12	13	0	0	0	0	19	40	36	27
2	2	0	0	1	12	3	13	15	16	0	0	1	24	26	37
2	2	0	0	1	13	1	14	0	40
2	2	0	0	1	14	3	14	18	19	0	0	0	32	33	21
2	2	0	0	1	15	1	14	0	29
2	2	0	0	1	16	4	16	22	23	24	0	0	0	0	33	40	42	31
2	2	0	0	1	17	1	17	0	32
2	2	0	0	1	18	2	18	19	0	0	16	34
2	2	0	0	1	19	3	19	32	33	0	1	0	39	40	31
2	2	0	0	1	20	1	20	0	36
2	2	0	0	1	21	2	20	21	0	0	39	17
2	2	0	0	1	22	2	20	21	0	0	37	40
2	2	0	0	1	23	2	20	21	0	0	11	10
2	2	0	0	1	24	1	21	0	18
2	2	0	0	1	25	3	22	23	24	0	0	0	39	39	31
2	2	0	0	1	26	4	22	23	24	35	0	0	0	0	42	39	41	37
2	2	0	0	1	27	3	22	23	24	0	0	0	26	28	15
2	2	0	0	1	28	3	24	33	34	0	0	0	35	34	38
2	2	0	0	1	29	2	25	35	0	0	32	39
2	2	0	0	1	30	1	31	1	40
2	2	0	0	1	31	4	32	33	34	37	1	0	0	0	37	38	43	30
2	2	0	0	1	32	2	33	34	0	0	37	42
2	2	0	0	1	33	1	34	0	38
2	2	0	0	1	34	1	35	0	28
2	2	0	0	1	35	2	35	41	0	0	40	13
2	2	0	0	1	36	4	35	39	40	41	0	1	0	0	37	39	13	39
2	2	0	0	1	37	3	37	47	48	1	0	0	38	30	13
2	2	0	0	1	38	2	39	40	1	0	36	30
2	2	0	0	1	39	7	39	40	44	45	46	47	48	1	0	0	1	0	0	0	19	40	22	38	40	34	41
2	2	0	0	1	40	4	39	40	41	51	1	0	0	0	37	39	38	36
2	2	0	0	1	41	3	41	49	50	0	0	0	37	36	43
2	2	0	0	1	42	7	44	45	46	47	48	52	53	0	0	0	0	0	0	0	35	33	38	35	29	13	38
2	2	0	0	1	43	3	54	61	62	0	0	0	36	40	35
2	2	0	0	1	44	5	55	56	65	66	67	0	0	0	0	0	37	38	39	39	39
2	2	0	0	1	45	4	55	56	63	64	0	0	0	0	37	41	40	34
2	2	0	0	1	46	4	57	58	59	63	0	0	0	0	40	41	42	37
2	2	0	0	1	47	7	57	58	59	60	65	66	67	0	0	0	0	0	0	0	40	39	39	19	38	39	40
2	2	0	0	1	48	1	61	0	30
2	2	0	0	1	49	4	63	64	68	69	0	0	0	0	41	29	43	37
2	2	0	0	1	50	7	68	69	70	76	77	78	79	0	0	0	0	0	0	0	39	38	38	24	26	40	35
2	2	0	0	1	51	6	68	69	70	71	84	85	0	0	0	0	1	0	27	10	21	18	7	38
2	2	0	0	1	52	3	69	70	71	0	0	0	31	40	17
2	2	0	0	1	53	3	72	73	74	0	0	0	34	38	42
2	2	0	0	1	54	3	72	79	80	0	0	1	33	38	38
2	2	0	0	1	55	7	73	74	86	87	88	89	90	0	0	0	0	0	0	0	35	19	34	36	30	36	16
2	2	0	0	1	56	5	73	74	83	84	85	0	0	0	1	0	34	38	33	39	41
2	2	0	0	1	57	4	73	74	84	85	0	0	1	0	32	40	42	43
2	2	0	0	1	58	6	73	74	75	83	84	85	0	0	0	0	0	0	29	43	32	30	36	38
2	2	0	0	1	59	3	74	84	85	0	1	0	25	41	24
2	2	0	0	1	60	2	74	75	0	0	36	40
2	2	0	0	1	61	5	74	75	83	84	85	0	0	0	0	0	28	42	38	33	35
2	2	0	0	1	62	3	80	81	82	1	0	0	39	37	36
2	2	0	0	1	63	6	83	96	97	98	99	100	0	0	0	0	0	0	36	34	41	37	36	40
2	2	0	0	1	64	2	84	85	0	0	35	40
2	2	0	0	1	65	4	86	87	88	89	0	0	0	0	40	42	34	36
2	2	0	0	1	66	4	90	91	92	93	0	0	0	0	36	38	38	39
2	2	0	0	1	67	6	90	91	92	93	99	100	0	0	0	0	0	0	35	39	37	27	34	17
2	2	0	0	1	68	4	90	91	92	93	0	0	0	0	33	38	39	32
2	2	0	0	1	69	5	96	97	98	99	100	0	0	0	0	0	42	39	31	33	35
