5	5	0	0	1	1	1	1	0	29
5	5	0	0	1	2	2	1	2	0	0	27	36
5	5	0	0	1	3	2	1	2	0	0	34	31
5	5	0	0	1	4	2	1	2	0	0	36	36
5	5	0	0	1	5	2	1	2	0	0	36	35
5	5	0	0	1	6	2	1	2	0	0	27	32
5	5	0	0	1	7	1	2	0	32
5	5	0	0	1	8	2	3	4	0	0	33	34
5	5	0	0	1	9	2	3	4	0	0	32	35
5	5	0	0	1	10	2	3	4	0	0	31	33
5	5	0	0	1	11	2	3	4	0	0	33	33
5	5	0	0	1	12	1	4	0	34
5	5	0	0	1	13	1	5	0	27
5	5	0	0	1	14	2	5	6	0	0	28	33
5	5	0	0	1	15	2	5	6	0	0	30	35
5	5	0	0	1	16	1	6	0	32
5	5	0	0	1	17	1	6	0	28
5	5	0	0	1	18	1	7	0	33
5	5	0	0	1	19	1	7	0	34
5	5	0	0	1	20	2	7	8	0	0	21	25
5	5	0	0	1	21	1	8	1	31
5	5	0	0	1	22	1	9	0	17
5	5	0	0	1	23	1	9	0	33
5	5	0	0	1	24	1	9	0	32
5	5	0	0	1	25	1	9	0	36
5	5	0	0	1	26	0
5	5	0	0	1	27	1	10	0	23
5	5	0	0	1	28	2	10	11	0	0	32	25
5	5	0	0	1	29	2	10	11	0	0	34	34
5	5	0	0	1	30	2	11	12	0	0	37	30
5	5	0	0	1	31	1	12	0	31
5	5	0	0	1	32	1	14	0	34
5	5	0	0	1	33	1	14	0	31
5	5	0	0	1	34	1	14	0	28
5	5	0	0	1	35	1	14	0	33
5	5	0	0	1	36	1	14	0	28
5	5	0	0	1	37	1	14	0	28
5	5	0	0	1	38	1	16	0	23
5	5	0	0	1	39	1	16	0	31
5	5	0	0	1	40	1	17	0	36
5	5	0	0	1	41	2	17	18	0	0	27	23
5	5	0	0	1	42	1	18	0	24
5	5	0	0	1	43	2	18	19	0	0	25	23
5	5	0	0	1	44	2	18	19	0	0	29	34
5	5	0	0	1	45	2	18	19	0	0	25	27
5	5	0	0	1	46	1	19	0	23
5	5	0	0	1	47	1	20	0	39
5	5	0	0	1	48	1	20	0	28
5	5	0	0	1	49	1	20	0	41
5	5	0	0	1	50	1	20	0	28
5	5	0	0	1	51	2	20	21	0	0	24	34
5	5	0	0	1	52	1	21	0	29
5	5	0	0	1	53	1	21	0	28
5	5	0	0	1	54	1	21	0	28
5	5	0	0	1	55	1	22	0	32
5	5	0	0	1	56	2	22	23	0	0	28	29
5	5	0	0	1	57	2	22	23	0	0	31	32
5	5	0	0	1	58	2	22	23	0	0	29	30
5	5	0	0	1	59	3	22	23	24	0	0	0	34	30	33
5	5	0	0	1	60	3	22	23	24	0	0	0	30	26	32
5	5	0	0	1	61	2	23	24	0	0	29	36
5	5	0	0	1	62	1	25	0	26
5	5	0	0	1	63	1	25	0	31
5	5	0	0	1	64	1	25	0	28
5	5	0	0	1	65	1	25	0	34
5	5	0	0	1	66	1	25	0	31
5	5	0	0	1	67	2	25	26	0	0	21	32
5	5	0	0	1	68	1	25	0	31
5	5	0	0	1	69	1	26	0	30
5	5	0	0	1	70	1	26	0	28
5	5	0	0	1	71	1	26	0	30
5	5	0	0	1	72	3	26	27	28	0	0	0	31	32	29
5	5	0	0	1	73	4	26	27	28	29	0	0	0	0	31	28	22	33
5	5	0	0	1	74	4	26	27	28	29	0	0	0	0	25	23	29	35
5	5	0	0	1	75	3	27	28	29	0	0	0	24	35	20
5	5	0	0	1	76	3	27	28	29	0	0	0	32	35	27
5	5	0	0	1	77	2	28	29	0	0	31	29
5	5	0	0	1	78	1	30	0	31
5	5	0	0	1	79	1	30	0	33
5	5	0	0	1	80	1	31	0	34
5	5	0	0	1	81	1	31	0	29
5	5	0	0	1	82	1	31	0	27
5	5	0	0	1	83	2	32	33	1	0	33	27
5	5	0	0	1	84	2	32	33	0	0	22	22
5	5	0	0	1	85	2	32	33	0	0	26	26
5	5	0	0	1	86	2	32	33	0	0	20	4
5	5	0	0	1	87	1	33	0	31
5	5	0	0	1	88	2	33	34	0	0	33	32
5	5	0	0	1	89	1	35	0	25
5	5	0	0	1	90	1	35	0	27
5	5	0	0	1	91	1	35	0	21
5	5	0	0	1	92	1	37	1	33
5	5	0	0	1	93	1	37	1	27
5	5	0	0	1	94	1	38	0	34
5	5	0	0	1	95	1	38	0	32
5	5	0	0	1	96	2	39	40	1	0	27	21
5	5	0	0	1	97	2	39	40	1	0	33	31
5	5	0	0	1	98	2	39	40	1	0	32	29
5	5	0	0	1	99	2	40	41	0	0	22	32
5	5	0	0	1	100	1	41	0	33
5	5	0	0	1	101	1	41	0	24
5	5	0	0	1	102	1	41	0	28
5	5	0	0	1	103	1	42	0	4
5	5	0	0	1	104	1	42	0	34
5	5	0	0	1	105	1	42	0	32
5	5	0	0	1	106	1	42	0	28
5	5	0	0	1	107	2	42	43	0	0	32	32
5	5	0	0	1	108	1	43	0	33
5	5	0	0	1	109	1	43	0	26
5	5	0	0	1	110	1	43	0	36
5	5	0	0	1	111	1	43	0	12
5	5	0	0	1	112	1	44	0	32
5	5	0	0	1	113	1	44	0	35
5	5	0	0	1	114	3	44	45	46	0	1	0	35	36	26
5	5	0	0	1	115	2	45	46	1	0	34	25
5	5	0	0	1	116	2	46	47	0	0	14	27
5	5	0	0	1	117	3	46	47	48	0	0	0	19	3	23
5	5	0	0	1	118	2	47	48	0	0	28	23
5	5	0	0	1	119	2	47	48	0	0	31	24
5	5	0	0	1	120	1	49	0	29
5	5	0	0	1	121	1	49	0	34
5	5	0	0	1	122	1	49	0	33
5	5	0	0	1	123	2	49	50	0	0	32	32
5	5	0	0	1	124	1	50	0	34
5	5	0	0	1	125	1	50	0	31
5	5	0	0	1	126	1	51	0	38
5	5	0	0	1	127	1	51	0	29
5	5	0	0	1	128	1	51	0	35
5	5	0	0	1	129	1	52	0	28
5	5	0	0	1	130	1	52	0	30
5	5	0	0	1	131	1	52	0	23
5	5	0	0	1	132	1	53	0	16
5	5	0	0	1	133	1	54	0	32
5	5	0	0	1	134	1	54	0	33
5	5	0	0	1	135	1	54	0	23
5	5	0	0	1	136	1	54	0	26
5	5	0	0	1	137	2	55	56	0	0	30	32
5	5	0	0	1	138	2	55	56	0	0	34	30
5	5	0	0	1	139	3	57	58	59	0	0	0	26	4	27
5	5	0	0	1	140	3	57	58	59	0	0	0	26	32	29
5	5	0	0	1	141	2	58	59	0	0	31	38
5	5	0	0	1	142	2	58	59	0	0	4	26
5	5	0	0	1	143	2	58	59	0	0	32	37
5	5	0	0	1	144	1	60	0	26
5	5	0	0	1	145	1	60	0	34
5	5	0	0	1	146	1	60	0	33
5	5	0	0	1	147	1	60	0	32
5	5	0	0	1	148	1	60	0	34
5	5	0	0	1	149	1	60	0	35
5	5	0	0	1	150	1	61	0	32
5	5	0	0	1	151	1	61	0	9
5	5	0	0	1	152	1	61	0	2
5	5	0	0	1	153	1	61	0	34
5	5	0	0	1	154	1	61	0	22
5	5	0	0	1	155	1	61	0	24
5	5	0	0	1	156	1	61	0	34
5	5	0	0	1	157	2	61	62	0	0	32	35
5	5	0	0	1	158	1	62	0	36
5	5	0	0	1	159	1	63	0	34
5	5	0	0	1	160	1	63	0	35
5	5	0	0	1	161	2	63	64	0	0	33	32
5	5	0	0	1	162	2	63	64	0	0	28	27
5	5	0	0	1	163	1	64	0	28
5	5	0	0	1	164	1	64	0	28
5	5	0	0	1	165	2	65	66	0	0	22	35
5	5	0	0	1	166	2	65	66	0	0	27	23
5	5	0	0	1	167	2	65	66	0	0	21	34
5	5	0	0	1	168	1	67	0	29
5	5	0	0	1	169	1	67	0	26
5	5	0	0	1	170	1	67	0	26
5	5	0	0	1	171	1	68	0	33
5	5	0	0	1	172	2	68	69	0	0	30	26
5	5	0	0	1	173	2	68	69	0	0	34	23
5	5	0	0	1	174	3	68	69	70	0	0	0	27	32	30
5	5	0	0	1	175	3	68	69	70	0	0	0	29	35	30
5	5	0	0	1	176	3	68	69	70	0	0	0	36	17	38
5	5	0	0	1	177	1	71	0	32
5	5	0	0	1	178	1	71	0	36
5	5	0	0	1	179	1	71	0	30
5	5	0	0	1	180	1	71	0	30
5	5	0	0	1	181	1	72	0	20
5	5	0	0	1	182	1	72	0	37
5	5	0	0	1	183	1	72	0	23
5	5	0	0	1	184	1	73	0	22
5	5	0	0	1	185	1	73	0	31
5	5	0	0	1	186	1	73	0	16
5	5	0	0	1	187	1	73	0	34
5	5	0	0	1	188	1	73	0	24
5	5	0	0	1	189	1	74	0	33
5	5	0	0	1	190	1	74	0	28
5	5	0	0	1	191	1	75	0	26
5	5	0	0	1	192	1	75	0	32
5	5	0	0	1	193	1	75	0	30
5	5	0	0	1	194	2	76	77	0	0	34	32
5	5	0	0	1	195	2	76	77	0	0	15	4
5	5	0	0	1	196	3	76	77	78	0	0	0	32	39	20
5	5	0	0	1	197	3	76	77	78	0	0	0	28	30	32
5	5	0	0	1	198	3	76	77	78	0	0	0	25	28	33
5	5	0	0	1	199	1	79	0	32
5	5	0	0	1	200	1	79	0	22
5	5	0	0	1	201	2	81	82	0	0	27	32
5	5	0	0	1	202	2	81	82	0	0	4	28
5	5	0	0	1	203	1	82	0	35
5	5	0	0	1	204	1	83	0	35
5	5	0	0	1	205	1	83	0	32
5	5	0	0	1	206	2	84	85	0	0	30	33
5	5	0	0	1	207	2	84	85	0	0	32	37
5	5	0	0	1	208	1	86	0	32
5	5	0	0	1	209	2	86	87	0	0	35	27
5	5	0	0	1	210	3	86	87	88	0	0	0	31	3	31
5	5	0	0	1	211	4	86	87	88	89	0	0	0	0	33	34	28	28
5	5	0	0	1	212	4	86	87	88	89	0	0	0	0	31	34	29	23
5	5	0	0	1	213	2	88	89	0	0	28	28
5	5	0	0	1	214	2	89	90	0	0	34	34
5	5	0	0	1	215	1	90	0	21
5	5	0	0	1	216	1	90	0	31
5	5	0	0	1	217	1	90	0	29
5	5	0	0	1	218	2	90	91	0	0	36	28
5	5	0	0	1	219	2	91	92	0	0	29	24
5	5	0	0	1	220	2	91	92	0	0	14	24
5	5	0	0	1	221	2	91	92	0	0	26	16
5	5	0	0	1	222	3	91	92	93	0	0	0	36	36	34
5	5	0	0	1	223	1	93	0	31
5	5	0	0	1	224	1	93	0	30
5	5	0	0	1	225	1	96	0	27
5	5	0	0	1	226	1	96	0	33
5	5	0	0	1	227	1	97	0	31
5	5	0	0	1	228	3	97	98	99	0	0	0	37	41	25
5	5	0	0	1	229	4	97	98	99	100	0	0	0	0	26	24	24	24
5	5	0	0	1	230	4	97	98	99	100	0	0	0	0	32	21	29	30
5	5	0	0	1	231	3	98	99	100	0	0	0	7	34	29
5	5	0	0	1	232	2	99	100	0	0	28	34
