7	7	0	0	1	1	2	4	0	0	0
7	7	0	0	1	2	3	1	0	0	0
7	7	0	0	1	3	4	4	0	0	0
7	7	0	0	1	5	6	6	0	0	0
7	7	0	0	1	7	8	3	3	0	0
7	7	0	0	1	10	11	3	0	0	0
7	7	0	0	1	11	12	3	0	0	0
7	7	0	0	1	12	13	1	0	1	0
7	7	0	0	1	13	14	2	0	0	0
7	7	0	0	1	17	18	4	0	0	0
7	7	0	0	1	18	19	2	0	0	0
7	7	0	0	1	19	20	1	0	0	0
7	7	0	0	1	20	21	1	0	0	0
7	7	0	0	1	21	22	1	0	0	0
7	7	0	0	1	23	24	5	0	0	0
7	7	0	0	1	25	26	1	0	0	0
7	7	0	0	1	27	28	4	0	0	0
7	7	0	0	1	28	29	2	0	0	0
7	7	0	0	1	29	30	1	0	0	0
7	7	0	0	1	30	31	3	0	0	0
7	7	0	0	1	32	33	2	0	0	0
7	7	0	0	1	33	34	3	0	0	0
7	7	0	0	1	34	35	1	1	0	0
7	7	0	0	1	35	36	0	0	1	0
7	7	0	0	1	36	37	1	0	0	0
7	7	0	0	1	37	38	0	0	2	0
7	7	0	0	1	39	40	0	0	4	0
7	7	0	0	1	40	41	1	0	0	0
7	7	0	0	1	41	42	1	0	0	0
7	7	0	0	1	44	45	0	1	0	0
7	7	0	0	1	45	46	0	0	1	0
7	7	0	0	1	47	48	5	0	0	0
7	7	0	0	1	48	49	1	0	0	0
7	7	0	0	1	49	50	2	0	0	0
7	7	0	0	1	51	52	1	0	0	0
7	7	0	0	1	52	53	1	0	0	0
7	7	0	0	1	55	56	2	0	0	0
7	7	0	0	1	56	57	1	0	0	0
7	7	0	0	1	58	59	2	0	0	0
7	7	0	0	1	62	63	1	0	0	0
7	7	0	0	1	63	64	2	0	0	0
7	7	0	0	1	64	65	0	0	1	0
7	7	0	0	1	66	67	4	0	0	0
7	7	0	0	1	69	70	7	0	0	0
7	7	0	0	1	72	73	2	0	0	0
7	7	0	0	1	73	74	2	0	0	0
7	7	0	0	1	76	77	7	0	0	0
7	7	0	0	1	77	78	7	0	0	0
7	7	0	0	1	78	79	1	0	0	0
7	7	0	0	1	81	82	6	0	0	0
7	7	0	0	1	84	85	8	0	0	0
7	7	0	0	1	87	88	2	0	0	0
7	7	0	0	1	88	89	1	0	0	0
7	7	0	0	1	91	92	1	0	0	0
7	7	0	0	1	92	93	4	0	0	0
7	7	0	0	1	94	95	2	0	0	0
7	7	0	0	1	98	99	3	0	0	0
7	7	0	0	1	99	100	2	0	0	0
