11	11	0	0	1	1	5	1	2	3	4	5	0	0	0	0	0	35	31	39	31	33
11	11	0	0	1	2	2	1	2	0	0	33	36
11	11	0	0	1	3	2	1	2	0	0	33	37
11	11	0	0	1	4	1	1	0	32
11	11	0	0	1	5	4	1	2	3	4	0	0	0	0	30	37	32	26
11	11	0	0	1	6	2	1	2	0	0	9	26
11	11	0	0	1	7	8	1	1	2	2	3	3	4	4	0	0	0	0	0	0	0	0	35	36	36	33	33	36	35	35
11	11	0	0	1	8	2	1	2	0	0	31	32
11	11	0	0	1	9	3	1	2	7	0	0	0	31	19	31
11	11	0	0	1	10	4	2	3	4	6	0	0	0	0	32	37	35	31
11	11	0	0	1	11	2	3	7	0	0	25	28
11	11	0	0	1	12	3	3	4	8	0	0	1	29	30	28
11	11	0	0	1	13	4	3	4	5	6	0	0	0	0	28	34	34	27
11	11	0	0	1	14	3	5	6	8	0	0	1	34	36	34
11	11	0	0	1	15	1	7	0	23
11	11	0	0	1	16	2	7	8	0	1	36	31
11	11	0	0	1	17	1	7	0	24
11	11	0	0	1	18	2	7	8	0	0	35	33
11	11	0	0	1	19	3	7	8	9	0	1	0	36	32	41
11	11	0	0	1	20	1	8	1	27
11	11	0	0	1	21	1	9	0	40
11	11	0	0	1	22	1	9	0	37
11	11	0	0	1	23	1	9	0	22
11	11	0	0	1	24	1	9	0	31
11	11	0	0	1	25	1	9	0	34
11	11	0	0	1	26	4	10	11	12	13	0	0	0	0	30	31	38	34
11	11	0	0	1	27	2	10	11	0	0	40	40
11	11	0	0	1	28	2	10	11	0	0	32	31
11	11	0	0	1	29	2	10	11	0	0	32	13
11	11	0	0	1	30	4	10	11	12	14	0	0	0	0	28	37	29	34
11	11	0	0	1	31	2	10	11	0	0	27	18
11	11	0	0	1	32	3	11	12	13	0	0	0	31	32	26
11	11	0	0	1	33	1	12	0	27
11	11	0	0	1	34	2	12	13	0	0	35	28
11	11	0	0	1	35	2	13	14	0	0	41	44
11	11	0	0	1	36	2	13	14	0	0	32	32
11	11	0	0	1	37	1	13	0	31
11	11	0	0	1	38	1	14	0	21
11	11	0	0	1	39	1	14	0	33
11	11	0	0	1	40	1	14	0	25
11	11	0	0	1	41	1	14	0	35
11	11	0	0	1	42	1	14	0	32
11	11	0	0	1	43	1	14	0	26
11	11	0	0	1	44	2	15	16	0	0	43	36
11	11	0	0	1	45	2	15	15	0	0	33	34
11	11	0	0	1	46	3	15	17	18	0	0	0	32	22	26
11	11	0	0	1	47	4	15	16	17	18	0	0	0	0	26	29	26	33
11	11	0	0	1	48	2	15	16	0	0	33	25
11	11	0	0	1	49	2	15	18	0	0	32	33
11	11	0	0	1	50	2	15	16	0	0	33	26
11	11	0	0	1	51	1	15	0	2
11	11	0	0	1	52	2	15	19	0	0	36	31
11	11	0	0	1	53	3	16	18	19	1	0	0	12	28	26
11	11	0	0	1	54	1	16	1	31
11	11	0	0	1	55	1	16	1	23
11	11	0	0	1	56	5	17	18	19	20	21	0	0	0	0	0	45	34	40	43	37
11	11	0	0	1	57	1	17	0	32
11	11	0	0	1	58	3	17	18	21	0	0	0	32	26	35
11	11	0	0	1	59	1	17	0	17
11	11	0	0	1	60	2	18	21	0	0	23	32
11	11	0	0	1	61	3	18	19	21	0	0	0	27	29	23
11	11	0	0	1	62	1	20	0	34
11	11	0	0	1	63	2	20	21	0	0	35	36
11	11	0	0	1	64	1	20	0	36
11	11	0	0	1	65	2	20	21	0	0	36	32
11	11	0	0	1	66	9	22	23	24	25	26	27	28	29	30	0	0	0	0	0	0	0	0	0	41	42	33	28	39	37	33	30	25
11	11	0	0	1	67	3	22	23	24	0	0	0	32	31	32
11	11	0	0	1	68	2	22	23	0	0	25	12
11	11	0	0	1	69	3	22	23	24	0	0	0	30	32	29
11	11	0	0	1	70	2	24	25	0	0	36	33
11	11	0	0	1	71	1	25	0	33
11	11	0	0	1	72	1	25	0	33
11	11	0	0	1	73	1	25	0	38
11	11	0	0	1	74	6	25	26	27	28	29	31	0	0	0	0	0	1	33	33	13	31	2	22
11	11	0	0	1	75	6	25	26	27	28	29	32	0	0	0	0	0	0	32	34	32	32	26	33
11	11	0	0	1	76	3	26	32	33	0	0	0	22	19	29
11	11	0	0	1	77	8	27	28	29	30	31	32	33	34	0	0	0	0	1	1	0	0	33	30	25	27	27	35	36	33
11	11	0	0	1	78	7	27	28	29	30	31	32	33	0	0	0	0	1	1	0	33	33	26	33	30	37	37
11	11	0	0	1	79	2	30	31	0	0	17	28
11	11	0	0	1	80	1	31	0	22
11	11	0	0	1	81	1	31	0	35
11	11	0	0	1	82	1	31	0	34
11	11	0	0	1	83	1	31	1	14
11	11	0	0	1	84	1	31	0	33
11	11	0	0	1	85	1	31	0	19
11	11	0	0	1	86	2	32	33	0	0	30	31
11	11	0	0	1	87	3	32	33	35	1	0	0	34	30	32
11	11	0	0	1	88	3	32	33	35	1	0	0	31	30	33
11	11	0	0	1	89	2	32	33	0	0	34	31
11	11	0	0	1	90	3	32	33	35	1	0	0	32	35	31
11	11	0	0	1	91	3	32	33	35	1	0	0	33	37	31
11	11	0	0	1	92	2	32	33	0	0	30	36
11	11	0	0	1	93	4	32	33	34	35	0	0	0	0	30	33	32	31
11	11	0	0	1	94	1	34	0	27
11	11	0	0	1	95	2	35	36	0	0	37	43
11	11	0	0	1	96	2	35	36	0	0	35	33
11	11	0	0	1	97	1	35	0	16
11	11	0	0	1	98	1	35	0	34
11	11	0	0	1	99	1	35	0	28
11	11	0	0	1	100	3	36	37	38	0	0	0	35	43	37
11	11	0	0	1	101	1	36	0	23
11	11	0	0	1	102	6	36	37	38	39	40	41	0	1	0	1	0	0	36	41	42	24	24	24
11	11	0	0	1	103	1	36	0	22
11	11	0	0	1	104	1	36	0	28
11	11	0	0	1	105	1	37	0	18
11	11	0	0	1	106	2	37	38	0	0	32	33
11	11	0	0	1	107	2	37	38	1	0	35	30
11	11	0	0	1	108	2	37	41	0	0	32	27
11	11	0	0	1	109	4	37	39	40	41	0	1	0	0	31	34	31	30
11	11	0	0	1	110	2	38	41	0	0	37	31
11	11	0	0	1	111	1	38	0	31
11	11	0	0	1	112	1	38	0	33
11	11	0	0	1	113	1	38	0	29
11	11	0	0	1	114	5	39	40	41	42	43	1	0	0	0	0	31	31	33	36	37
11	11	0	0	1	115	2	39	40	1	0	33	33
11	11	0	0	1	116	3	39	40	41	1	0	0	27	32	31
11	11	0	0	1	117	3	39	40	41	1	0	0	34	31	32
11	11	0	0	1	118	3	39	40	41	1	0	0	33	32	33
11	11	0	0	1	119	1	41	0	26
11	11	0	0	1	120	6	42	44	45	46	47	48	0	0	1	0	0	0	36	22	34	37	25	31
11	11	0	0	1	121	3	42	45	46	0	0	0	31	31	20
11	11	0	0	1	122	3	42	45	46	0	1	0	30	37	31
11	11	0	0	1	123	3	42	47	48	0	0	0	30	18	29
11	11	0	0	1	124	4	42	43	46	47	0	0	0	0	27	18	26	13
11	11	0	0	1	125	1	43	0	35
11	11	0	0	1	126	1	43	0	31
11	11	0	0	1	127	2	44	49	0	0	34	29
11	11	0	0	1	128	4	44	45	46	49	0	0	0	0	34	23	29	26
11	11	0	0	1	129	5	46	47	48	50	51	0	0	0	0	0	32	33	26	20	31
11	11	0	0	1	130	5	46	47	48	50	51	0	0	0	1	0	31	33	26	12	32
11	11	0	0	1	131	3	47	48	50	0	0	0	29	20	25
11	11	0	0	1	132	1	48	0	28
11	11	0	0	1	133	2	49	52	0	0	33	31
11	11	0	0	1	134	2	50	53	0	0	33	32
11	11	0	0	1	135	2	50	51	0	0	26	32
11	11	0	0	1	136	1	51	0	31
11	11	0	0	1	137	2	51	54	0	0	24	32
11	11	0	0	1	138	1	51	0	25
11	11	0	0	1	139	2	51	54	0	0	35	28
11	11	0	0	1	140	2	52	54	0	0	26	34
11	11	0	0	1	141	2	52	54	0	0	2	27
11	11	0	0	1	142	1	52	0	34
11	11	0	0	1	143	2	53	54	0	0	27	34
11	11	0	0	1	144	1	53	0	28
11	11	0	0	1	145	1	53	0	34
11	11	0	0	1	146	1	54	0	36
11	11	0	0	1	147	3	54	55	56	0	0	0	33	37	32
11	11	0	0	1	148	1	54	0	34
11	11	0	0	1	149	4	54	55	56	57	0	0	0	0	29	25	22	19
11	11	0	0	1	150	2	55	56	0	0	17	30
11	11	0	0	1	151	2	55	56	0	0	34	33
11	11	0	0	1	152	3	57	58	59	0	0	0	33	31	33
11	11	0	0	1	153	3	57	58	59	0	0	0	30	26	27
11	11	0	0	1	154	3	57	58	59	0	0	0	26	29	34
11	11	0	0	1	155	4	57	58	59	61	0	0	0	0	26	17	3	14
11	11	0	0	1	156	5	60	61	62	63	64	0	0	0	0	0	19	32	37	43	38
11	11	0	0	1	157	2	60	62	0	0	35	32
11	11	0	0	1	158	2	60	62	0	0	27	27
11	11	0	0	1	159	2	60	62	0	0	23	14
11	11	0	0	1	160	1	60	0	26
11	11	0	0	1	161	1	61	0	34
11	11	0	0	1	162	3	61	62	63	0	0	0	30	36	31
11	11	0	0	1	163	5	63	64	65	66	67	0	0	0	0	0	41	44	40	43	37
11	11	0	0	1	164	5	63	64	65	66	67	0	0	0	0	0	34	29	14	28	29
11	11	0	0	1	165	1	63	0	4
11	11	0	0	1	166	2	63	64	0	0	36	26
11	11	0	0	1	167	2	63	64	0	0	37	28
11	11	0	0	1	168	3	65	66	67	0	0	0	29	35	22
11	11	0	0	1	169	2	65	66	0	0	3	22
11	11	0	0	1	170	2	66	67	0	0	28	14
11	11	0	0	1	171	1	67	0	24
11	11	0	0	1	172	2	68	69	0	0	36	34
11	11	0	0	1	173	3	68	69	70	0	0	0	36	26	27
11	11	0	0	1	174	1	68	0	28
11	11	0	0	1	175	3	68	69	70	0	0	0	31	34	34
11	11	0	0	1	176	4	68	69	70	72	0	0	0	0	24	34	27	27
11	11	0	0	1	177	3	68	69	70	0	0	0	27	11	27
11	11	0	0	1	178	3	69	70	71	0	0	1	2	28	28
11	11	0	0	1	179	2	69	71	1	1	8	36
11	11	0	0	1	180	3	69	70	71	0	0	0	31	33	36
11	11	0	0	1	181	1	71	0	32
11	11	0	0	1	182	2	71	73	0	0	30	29
11	11	0	0	1	183	3	71	72	73	1	0	0	26	25	33
11	11	0	0	1	184	2	71	72	0	0	40	35
11	11	0	0	1	185	2	72	72	0	0	26	33
11	11	0	0	1	186	1	72	0	18
11	11	0	0	1	187	1	73	0	22
11	11	0	0	1	188	2	73	75	0	0	28	29
11	11	0	0	1	189	3	75	76	77	0	0	0	26	34	33
11	11	0	0	1	190	2	73	78	0	0	20	4
11	11	0	0	1	191	2	74	78	0	0	12	31
11	11	0	0	1	192	1	74	0	30
11	11	0	0	1	193	2	74	75	0	0	31	32
11	11	0	0	1	194	2	75	79	0	0	17	29
11	11	0	0	1	195	3	75	79	80	0	0	1	35	30	35
11	11	0	0	1	196	1	75	0	32
11	11	0	0	1	197	6	76	77	78	79	81	82	0	0	0	0	0	0	32	32	29	31	32	25
11	11	0	0	1	198	3	76	77	78	0	0	0	24	26	34
11	11	0	0	1	199	1	79	0	31
11	11	0	0	1	200	6	80	81	82	83	84	85	1	0	0	0	0	0	30	29	24	33	32	28
11	11	0	0	1	201	3	80	84	85	1	0	0	25	30	32
11	11	0	0	1	202	2	80	85	1	0	29	28
11	11	0	0	1	203	2	81	82	0	0	29	27
11	11	0	0	1	204	15	81	82	83	84	85	86	87	88	89	90	91	92	93	94	95	0	0	0	0	0	0	0	0	0	0	0	0	0	0	0	40	39	41	35	42	43	23	30	28	38	45	32	33	31	30
11	11	0	0	1	205	1	83	0	33
11	11	0	0	1	206	1	83	0	35
11	11	0	0	1	207	1	83	0	31
11	11	0	0	1	208	1	83	0	36
11	11	0	0	1	209	6	84	85	86	87	88	89	0	0	0	0	1	0	33	33	33	34	32	36
11	11	0	0	1	210	4	86	87	88	89	0	0	0	0	23	28	32	30
11	11	0	0	1	211	15	86	87	88	89	90	91	92	93	94	95	96	97	98	99	100	0	0	1	0	0	0	0	0	0	0	0	0	0	0	0	44	26	23	31	39	44	39	39	41	41	37	31	43	32	39
11	11	0	0	1	212	5	86	87	88	89	90	0	0	0	0	0	31	30	32	33	34
11	11	0	0	1	213	5	87	88	89	94	95	0	0	0	0	0	34	35	33	26	16
11	11	0	0	1	214	4	88	89	94	95	0	0	0	0	31	28	24	16
11	11	0	0	1	215	3	90	91	92	0	0	0	33	30	34
11	11	0	0	1	216	3	90	94	95	0	0	0	33	35	31
11	11	0	0	1	217	1	91	0	17
11	11	0	0	1	218	2	91	92	0	0	23	34
11	11	0	0	1	219	2	91	92	0	0	35	22
11	11	0	0	1	220	3	91	92	93	0	0	0	28	31	26
11	11	0	0	1	221	2	94	96	0	0	20	33
11	11	0	0	1	222	1	94	0	28
11	11	0	0	1	223	2	94	95	0	0	31	32
11	11	0	0	1	224	4	97	98	99	100	0	0	0	0	23	23	33	13
11	11	0	0	1	225	4	97	98	99	100	0	0	0	0	31	32	33	29
11	11	0	0	1	226	2	99	100	0	0	33	23
