10	10	0	0	1	1	1	1	0	28
10	10	0	0	1	2	4	1	2	7	8	0	0	0	1	26	7	27	36
10	10	0	0	1	3	5	2	3	4	5	6	0	0	0	0	0	31	32	30	34	33
10	10	0	0	1	4	3	3	4	4	0	0	0	35	34	34
10	10	0	0	1	5	2	3	4	0	0	29	26
10	10	0	0	1	6	2	5	6	0	0	37	35
10	10	0	0	1	7	1	5	0	26
10	10	0	0	1	8	2	6	9	0	0	36	33
10	10	0	0	1	9	3	7	8	9	0	1	0	34	34	27
10	10	0	0	1	10	1	9	0	31
10	10	0	0	1	11	1	9	0	35
10	10	0	0	1	12	1	10	0	33
10	10	0	0	1	13	3	10	11	12	0	0	0	40	37	38
10	10	0	0	1	14	3	10	11	12	0	0	0	35	37	38
10	10	0	0	1	15	2	12	13	0	0	28	32
10	10	0	0	1	16	2	12	13	0	0	35	33
10	10	0	0	1	17	1	13	0	32
10	10	0	0	1	18	1	13	0	26
10	10	0	0	1	19	1	14	0	33
10	10	0	0	1	20	1	14	0	33
10	10	0	0	1	21	1	14	0	31
10	10	0	0	1	22	1	14	0	35
10	10	0	0	1	23	1	14	0	36
10	10	0	0	1	24	3	15	18	19	0	0	0	35	32	33
10	10	0	0	1	25	3	15	15	16	0	0	1	36	31	31
10	10	0	0	1	26	1	16	1	36
10	10	0	0	1	27	2	16	20	1	0	35	34
10	10	0	0	1	28	3	16	17	18	1	0	0	33	20	32
10	10	0	0	1	29	1	16	1	35
10	10	0	0	1	30	3	17	20	21	0	0	0	17	38	39
10	10	0	0	1	31	3	17	20	21	0	0	0	31	29	24
10	10	0	0	1	32	1	17	0	25
10	10	0	0	1	33	1	17	0	16
10	10	0	0	1	34	2	17	18	0	0	29	6
10	10	0	0	1	35	3	17	18	19	0	0	0	22	30	31
10	10	0	0	1	36	2	18	19	0	0	24	34
10	10	0	0	1	37	1	19	0	36
10	10	0	0	1	38	5	20	21	22	23	24	0	0	0	0	0	40	20	33	34	32
10	10	0	0	1	39	2	20	21	0	0	35	36
10	10	0	0	1	40	3	20	21	21	0	0	0	36	31	32
10	10	0	0	1	41	2	20	21	0	0	35	33
10	10	0	0	1	42	5	20	21	22	23	24	0	1	0	0	0	30	5	26	26	29
10	10	0	0	1	43	2	20	21	0	0	29	35
10	10	0	0	1	44	1	22	0	30
10	10	0	0	1	45	3	22	23	25	0	0	0	10	27	28
10	10	0	0	1	46	2	22	23	0	0	24	29
10	10	0	0	1	47	1	24	0	32
10	10	0	0	1	48	1	25	0	35
10	10	0	0	1	49	6	25	26	26	27	28	29	0	0	0	0	0	0	16	28	29	28	24	30
10	10	0	0	1	50	3	25	26	27	0	0	0	31	22	31
10	10	0	0	1	51	3	26	27	34	0	0	0	23	19	31
10	10	0	0	1	52	5	26	27	28	29	31	0	0	0	0	0	26	10	24	17	29
10	10	0	0	1	53	5	26	27	28	29	31	0	0	0	0	0	28	28	18	14	29
10	10	0	0	1	54	2	30	31	0	0	35	37
10	10	0	0	1	55	4	30	30	31	31	0	0	0	0	36	26	29	36
10	10	0	0	1	56	2	30	31	0	0	29	35
10	10	0	0	1	57	2	31	34	0	0	31	29
10	10	0	0	1	58	3	32	33	34	0	0	0	33	35	34
10	10	0	0	1	59	2	32	33	0	0	35	8
10	10	0	0	1	60	3	32	33	34	0	0	0	26	32	31
10	10	0	0	1	61	2	33	34	0	0	35	33
10	10	0	0	1	62	0
10	10	0	0	1	63	0
10	10	0	0	1	64	1	35	0	29
10	10	0	0	1	65	1	36	0	24
10	10	0	0	1	66	1	36	0	31
10	10	0	0	1	67	4	37	39	40	41	0	1	0	0	17	34	16	13
10	10	0	0	1	68	1	37	1	33
10	10	0	0	1	69	1	37	1	34
10	10	0	0	1	70	2	37	38	1	0	34	30
10	10	0	0	1	71	1	38	0	33
10	10	0	0	1	72	1	38	0	30
10	10	0	0	1	73	3	39	40	41	1	0	0	30	18	21
10	10	0	0	1	74	2	39	40	1	0	36	33
10	10	0	0	1	75	3	39	40	42	1	0	0	24	27	25
10	10	0	0	1	76	4	39	40	41	41	1	0	0	0	31	32	33	13
10	10	0	0	1	77	2	41	43	0	0	34	39
10	10	0	0	1	78	2	42	43	0	0	35	31
10	10	0	0	1	79	2	42	43	0	0	31	37
10	10	0	0	1	80	3	42	43	49	0	0	0	9	34	11
10	10	0	0	1	81	1	43	0	31
10	10	0	0	1	82	3	44	49	50	0	0	0	31	33	34
10	10	0	0	1	83	2	44	50	0	0	26	33
10	10	0	0	1	84	3	44	45	50	0	0	0	31	25	31
10	10	0	0	1	85	7	44	45	45	46	46	47	48	0	0	0	0	0	0	0	31	22	18	29	29	25	32
10	10	0	0	1	86	4	46	47	48	51	0	0	0	0	31	16	22	37
10	10	0	0	1	87	2	47	48	0	0	19	33
10	10	0	0	1	88	3	47	48	52	0	0	0	28	23	30
10	10	0	0	1	89	3	47	48	51	0	0	0	26	21	34
10	10	0	0	1	90	2	49	54	0	0	32	37
10	10	0	0	1	91	2	49	53	0	0	33	33
10	10	0	0	1	92	3	49	50	51	0	0	0	30	32	34
10	10	0	0	1	93	2	52	53	0	0	25	30
10	10	0	0	1	94	1	52	0	23
10	10	0	0	1	95	1	52	0	26
10	10	0	0	1	96	1	52	0	24
10	10	0	0	1	97	2	53	53	0	0	31	31
10	10	0	0	1	98	2	53	54	0	0	29	28
10	10	0	0	1	99	7	55	56	57	58	59	61	62	0	0	0	0	0	0	0	34	36	35	32	32	38	34
10	10	0	0	1	100	4	58	58	59	59	0	0	0	0	33	29	36	23
10	10	0	0	1	101	1	60	0	25
10	10	0	0	1	102	2	61	62	0	0	28	32
10	10	0	0	1	103	3	63	63	64	0	0	0	25	28	27
10	10	0	0	1	104	2	63	64	0	0	14	22
10	10	0	0	1	105	1	63	0	32
10	10	0	0	1	106	1	63	0	35
10	10	0	0	1	107	2	63	64	0	0	39	36
10	10	0	0	1	108	4	63	64	65	66	0	0	0	0	28	12	32	28
10	10	0	0	1	109	1	64	0	20
10	10	0	0	1	110	1	64	0	26
10	10	0	0	1	111	3	64	65	66	0	0	0	33	28	25
10	10	0	0	1	112	2	65	66	0	0	29	27
10	10	0	0	1	113	1	67	0	25
10	10	0	0	1	114	1	67	0	26
10	10	0	0	1	115	3	68	69	70	0	0	0	34	30	32
10	10	0	0	1	116	3	68	69	70	0	0	0	27	33	17
10	10	0	0	1	117	3	68	69	70	0	0	0	35	27	32
10	10	0	0	1	118	3	68	70	71	0	0	1	37	36	33
10	10	0	0	1	119	4	68	69	70	71	0	0	0	1	36	36	31	29
10	10	0	0	1	120	3	68	69	70	0	0	0	28	21	21
10	10	0	0	1	121	5	70	71	72	73	74	0	0	0	0	0	34	35	26	38	37
10	10	0	0	1	122	4	70	71	75	76	0	1	0	0	33	36	36	35
10	10	0	0	1	123	2	71	72	1	0	38	23
10	10	0	0	1	124	1	71	0	29
10	10	0	0	1	125	1	72	0	15
10	10	0	0	1	126	1	72	0	14
10	10	0	0	1	127	3	72	73	74	0	0	0	28	37	38
10	10	0	0	1	128	3	73	78	79	0	0	0	24	11	30
10	10	0	0	1	129	4	73	74	79	80	0	0	0	1	27	15	31	35
10	10	0	0	1	130	3	74	81	82	0	0	0	36	27	30
10	10	0	0	1	131	1	74	0	17
10	10	0	0	1	132	2	75	79	0	0	26	25
10	10	0	0	1	133	3	75	81	82	0	0	0	39	23	35
10	10	0	0	1	134	2	75	83	0	0	38	36
10	10	0	0	1	135	3	75	76	80	0	0	1	39	34	38
10	10	0	0	1	136	2	75	79	0	0	28	33
10	10	0	0	1	137	4	76	77	78	79	0	0	0	0	15	24	17	16
10	10	0	0	1	138	3	76	77	78	0	0	0	28	26	20
10	10	0	0	1	139	6	76	76	77	77	78	78	0	0	0	0	0	0	32	31	29	23	30	33
10	10	0	0	1	140	3	76	77	78	0	0	0	16	14	26
10	10	0	0	1	141	2	77	78	0	0	6	30
10	10	0	0	1	142	4	80	80	81	82	1	1	0	0	31	13	32	31
10	10	0	0	1	143	1	80	1	34
10	10	0	0	1	144	1	80	1	29
10	10	0	0	1	145	2	80	81	1	0	33	28
10	10	0	0	1	146	7	80	81	82	86	87	88	89	1	0	0	0	0	1	0	29	38	36	37	38	35	35
10	10	0	0	1	147	2	82	83	0	0	33	35
10	10	0	0	1	148	5	84	85	90	91	92	0	0	0	0	0	33	26	31	29	31
10	10	0	0	1	149	5	84	85	91	92	93	0	0	0	0	0	32	30	30	36	34
10	10	0	0	1	150	3	86	87	90	0	0	0	32	32	36
10	10	0	0	1	151	5	86	87	88	89	90	0	0	0	0	0	33	36	35	34	33
10	10	0	0	1	152	4	86	87	88	89	0	0	0	0	29	15	34	23
10	10	0	0	1	153	1	90	0	32
10	10	0	0	1	154	2	94	95	0	0	32	26
10	10	0	0	1	155	2	94	95	0	0	29	32
10	10	0	0	1	156	1	95	0	26
10	10	0	0	1	157	1	96	0	36
10	10	0	0	1	158	4	97	98	99	100	0	0	0	0	30	34	34	35
10	10	0	0	1	159	2	99	100	0	0	33	34
10	10	0	0	1	160	2	99	100	0	0	30	24
