9	9	0	0	1	1	4	1	2	5	6	0	0	0	0	33	22	30	29
9	9	0	0	1	2	2	1	2	0	0	34	36
9	9	0	0	1	3	2	1	2	0	0	38	37
9	9	0	0	1	4	2	1	2	0	0	33	36
9	9	0	0	1	5	2	1	2	0	0	34	35
9	9	0	0	1	6	3	1	2	3	0	0	0	31	36	31
9	9	0	0	1	7	2	1	2	0	0	33	31
9	9	0	0	1	8	2	1	2	0	0	34	37
9	9	0	0	1	9	7	1	2	2	3	3	4	4	0	0	0	0	0	0	0	36	32	33	35	31	31	34
9	9	0	0	1	10	2	1	2	0	0	32	34
9	9	0	0	1	11	4	3	4	7	8	0	0	0	1	34	35	33	35
9	9	0	0	1	12	0
9	9	0	0	1	13	2	3	4	0	0	33	35
9	9	0	0	1	14	2	3	4	0	0	37	34
9	9	0	0	1	15	1	5	0	28
9	9	0	0	1	16	2	5	6	0	0	34	31
9	9	0	0	1	17	2	5	6	0	0	35	31
9	9	0	0	1	18	2	5	6	0	0	27	36
9	9	0	0	1	19	3	5	6	7	0	0	0	33	36	33
9	9	0	0	1	20	2	5	6	0	0	28	33
9	9	0	0	1	21	2	5	6	0	0	36	33
9	9	0	0	1	22	1	6	0	36
9	9	0	0	1	23	1	6	0	32
9	9	0	0	1	24	1	6	0	33
9	9	0	0	1	25	1	7	0	37
9	9	0	0	1	26	1	7	0	35
9	9	0	0	1	27	2	7	8	0	0	34	11
9	9	0	0	1	28	2	7	8	0	1	37	36
9	9	0	0	1	29	2	7	8	0	1	29	30
9	9	0	0	1	30	1	8	0	33
9	9	0	0	1	31	1	9	0	36
9	9	0	0	1	32	1	9	0	35
9	9	0	0	1	33	1	9	0	34
9	9	0	0	1	34	1	9	0	36
9	9	0	0	1	35	1	9	0	32
9	9	0	0	1	36	1	9	0	32
9	9	0	0	1	37	1	9	0	33
9	9	0	0	1	38	1	9	0	26
9	9	0	0	1	39	1	9	0	36
9	9	0	0	1	40	1	9	0	4
9	9	0	0	1	41	2	10	11	0	0	32	33
9	9	0	0	1	42	3	10	11	14	0	0	0	34	36	33
9	9	0	0	1	43	4	10	11	12	14	0	0	0	0	33	35	27	35
9	9	0	0	1	44	3	10	11	13	0	0	0	29	14	22
9	9	0	0	1	45	3	10	11	14	0	0	0	29	3	28
9	9	0	0	1	46	2	10	11	0	0	36	27
9	9	0	0	1	47	2	10	11	0	0	38	37
9	9	0	0	1	48	3	10	11	14	0	0	0	34	36	32
9	9	0	0	1	49	3	10	11	12	0	0	0	32	28	32
9	9	0	0	1	50	2	10	11	0	0	15	33
9	9	0	0	1	51	4	10	11	12	13	0	0	0	0	25	24	29	33
9	9	0	0	1	52	2	10	11	0	0	3	33
9	9	0	0	1	53	4	10	11	12	14	0	0	0	0	28	31	8	29
9	9	0	0	1	54	1	12	0	29
9	9	0	0	1	55	2	12	13	0	0	32	32
9	9	0	0	1	56	2	12	13	0	0	32	31
9	9	0	0	1	57	2	12	13	0	0	32	24
9	9	0	0	1	58	1	13	0	22
9	9	0	0	1	59	1	13	0	34
9	9	0	0	1	60	1	13	0	21
9	9	0	0	1	61	1	13	0	19
9	9	0	0	1	62	1	13	0	29
9	9	0	0	1	63	1	14	0	27
9	9	0	0	1	64	1	14	0	27
9	9	0	0	1	65	1	14	0	34
9	9	0	0	1	66	1	14	0	36
9	9	0	0	1	67	1	14	0	30
9	9	0	0	1	68	1	14	0	35
9	9	0	0	1	69	1	14	0	28
9	9	0	0	1	70	1	14	0	34
9	9	0	0	1	71	1	14	0	32
9	9	0	0	1	72	1	15	0	33
9	9	0	0	1	73	1	15	0	37
9	9	0	0	1	74	2	15	16	0	1	33	30
9	9	0	0	1	75	1	15	0	32
9	9	0	0	1	76	1	15	0	25
9	9	0	0	1	77	3	16	18	19	0	0	0	33	29	34
9	9	0	0	1	78	1	16	0	29
9	9	0	0	1	79	1	16	0	36
9	9	0	0	1	80	3	16	18	19	1	0	0	32	29	35
9	9	0	0	1	81	1	16	0	30
9	9	0	0	1	82	3	16	18	19	0	0	0	30	32	35
9	9	0	0	1	83	1	17	0	31
9	9	0	0	1	84	1	17	0	23
9	9	0	0	1	85	1	17	0	30
9	9	0	0	1	86	3	17	20	21	0	0	0	15	32	35
9	9	0	0	1	87	1	17	0	24
9	9	0	0	1	88	2	17	21	0	0	30	32
9	9	0	0	1	89	3	17	18	19	0	0	0	32	25	33
9	9	0	0	1	90	2	17	18	0	0	25	36
9	9	0	0	1	91	4	18	19	20	21	0	0	0	0	26	33	33	35
9	9	0	0	1	92	4	18	19	20	21	0	0	0	0	24	30	30	28
9	9	0	0	1	93	2	18	19	0	0	27	40
9	9	0	0	1	94	1	19	0	34
9	9	0	0	1	95	3	19	20	21	0	0	0	31	33	35
9	9	0	0	1	96	1	19	0	29
9	9	0	0	1	97	1	20	0	35
9	9	0	0	1	98	1	20	0	32
9	9	0	0	1	99	1	20	0	32
9	9	0	0	1	100	1	20	0	34
9	9	0	0	1	101	1	20	0	35
9	9	0	0	1	102	2	20	21	0	0	33	36
9	9	0	0	1	103	2	20	21	0	0	35	29
9	9	0	0	1	104	2	20	21	0	0	31	35
9	9	0	0	1	105	1	21	0	34
9	9	0	0	1	106	1	21	0	32
9	9	0	0	1	107	1	21	0	26
9	9	0	0	1	108	2	22	23	0	0	32	32
9	9	0	0	1	109	2	22	23	0	0	32	33
9	9	0	0	1	110	2	22	23	0	0	33	21
9	9	0	0	1	111	2	22	23	0	0	27	27
9	9	0	0	1	112	3	22	23	24	0	0	0	32	32	32
9	9	0	0	1	113	3	22	23	24	0	0	0	34	31	36
9	9	0	0	1	114	3	22	23	24	0	0	0	25	33	35
9	9	0	0	1	115	3	22	23	24	0	0	0	34	33	36
9	9	0	0	1	116	3	22	23	24	0	0	0	34	27	34
9	9	0	0	1	117	3	22	23	24	0	0	0	26	31	31
9	9	0	0	1	118	3	22	23	24	0	0	0	28	31	32
9	9	0	0	1	119	2	23	24	0	0	30	34
9	9	0	0	1	120	1	24	0	36
9	9	0	0	1	121	1	24	0	28
9	9	0	0	1	122	2	24	25	0	0	31	35
9	9	0	0	1	123	3	25	26	31	0	0	0	33	27	35
9	9	0	0	1	124	2	25	32	0	0	27	2
9	9	0	0	1	125	1	25	0	34
9	9	0	0	1	126	3	25	26	27	0	0	0	33	32	31
9	9	0	0	1	127	2	25	34	0	0	33	33
9	9	0	0	1	128	7	25	26	27	28	29	32	33	0	0	0	0	0	0	0	33	32	28	30	10	31	32
9	9	0	0	1	129	2	25	26	0	0	35	32
9	9	0	0	1	130	2	25	32	0	0	31	30
9	9	0	0	1	131	5	25	26	27	32	33	0	0	0	0	0	30	28	25	29	29
9	9	0	0	1	132	4	26	27	28	29	0	0	0	0	33	21	30	24
9	9	0	0	1	133	3	26	33	34	0	0	0	25	32	33
9	9	0	0	1	134	2	26	27	0	0	35	32
9	9	0	0	1	135	7	26	27	28	29	30	32	33	0	0	0	0	0	0	0	33	30	29	22	26	32	35
9	9	0	0	1	136	4	26	27	28	29	0	0	0	0	8	30	25	31
9	9	0	0	1	137	5	26	27	28	29	34	0	0	0	0	0	33	34	27	26	33
9	9	0	0	1	138	5	27	28	29	32	33	0	0	0	0	0	34	33	25	24	31
9	9	0	0	1	139	3	27	28	29	0	0	0	26	22	34
9	9	0	0	1	140	2	30	31	0	0	36	35
9	9	0	0	1	141	1	30	0	31
9	9	0	0	1	142	2	30	31	0	0	31	32
9	9	0	0	1	143	1	31	0	35
9	9	0	0	1	144	1	31	0	32
9	9	0	0	1	145	1	31	0	33
9	9	0	0	1	146	1	31	0	28
9	9	0	0	1	147	2	32	33	0	0	33	31
9	9	0	0	1	148	2	32	33	0	0	30	21
9	9	0	0	1	149	4	32	33	34	35	0	0	0	0	33	31	27	34
9	9	0	0	1	150	2	32	33	0	0	38	29
9	9	0	0	1	151	1	32	0	36
9	9	0	0	1	152	3	32	33	35	0	0	0	32	35	35
9	9	0	0	1	153	3	33	34	35	0	0	0	28	33	33
9	9	0	0	1	154	2	33	34	0	0	33	23
9	9	0	0	1	155	1	34	0	35
9	9	0	0	1	156	1	34	0	32
9	9	0	0	1	157	1	35	0	31
9	9	0	0	1	158	2	35	36	0	0	33	32
9	9	0	0	1	159	2	35	36	0	0	30	29
9	9	0	0	1	160	1	35	0	38
9	9	0	0	1	161	2	35	36	0	0	34	19
9	9	0	0	1	162	1	35	0	28
9	9	0	0	1	163	1	35	0	27
9	9	0	0	1	164	1	35	0	32
9	9	0	0	1	165	2	36	37	0	0	24	25
9	9	0	0	1	166	2	36	37	0	1	25	36
9	9	0	0	1	167	1	36	0	29
9	9	0	0	1	168	1	36	0	31
9	9	0	0	1	169	1	36	0	32
9	9	0	0	1	170	1	36	0	25
9	9	0	0	1	171	1	37	1	29
9	9	0	0	1	172	4	37	39	40	41	0	0	0	0	33	32	33	33
9	9	0	0	1	173	4	37	39	40	41	0	0	0	0	30	32	32	32
9	9	0	0	1	174	1	37	0	22
9	9	0	0	1	175	4	38	39	40	41	0	1	0	0	32	34	31	24
9	9	0	0	1	176	2	38	41	0	0	21	27
9	9	0	0	1	177	1	38	0	33
9	9	0	0	1	178	1	38	0	37
9	9	0	0	1	179	1	38	0	33
9	9	0	0	1	180	1	38	0	36
9	9	0	0	1	181	1	38	0	28
9	9	0	0	1	182	2	38	41	0	0	36	31
9	9	0	0	1	183	3	39	40	41	0	0	0	32	28	33
9	9	0	0	1	184	2	39	40	0	0	31	29
9	9	0	0	1	185	2	39	40	0	0	36	33
9	9	0	0	1	186	1	41	0	33
9	9	0	0	1	187	1	41	0	32
9	9	0	0	1	188	2	41	42	0	0	32	32
9	9	0	0	1	189	2	41	42	0	0	30	33
9	9	0	0	1	190	3	42	44	45	0	0	0	26	33	32
9	9	0	0	1	191	2	42	42	0	0	22	17
9	9	0	0	1	192	1	42	0	36
9	9	0	0	1	193	2	42	43	0	0	37	25
9	9	0	0	1	194	2	42	43	0	0	32	33
9	9	0	0	1	195	2	42	43	0	0	26	34
9	9	0	0	1	196	2	42	43	0	0	35	34
9	9	0	0	1	197	1	43	0	30
9	9	0	0	1	198	1	43	0	44
9	9	0	0	1	199	4	43	46	47	48	0	0	0	0	30	34	24	31
9	9	0	0	1	200	2	44	49	0	0	35	31
9	9	0	0	1	201	3	44	45	46	0	0	0	33	32	36
9	9	0	0	1	202	1	44	0	33
9	9	0	0	1	203	5	44	45	46	47	48	0	0	0	0	0	35	25	27	21	29
9	9	0	0	1	204	2	44	45	0	0	29	30
9	9	0	0	1	205	3	44	49	50	0	0	0	33	29	32
9	9	0	0	1	206	2	44	45	0	0	35	32
9	9	0	0	1	207	2	44	45	0	1	34	28
9	9	0	0	1	208	6	45	46	47	48	49	50	0	0	0	0	0	0	26	5	9	24	27	30
9	9	0	0	1	209	2	45	46	0	0	25	23
9	9	0	0	1	210	3	45	46	51	1	0	0	23	32	36
9	9	0	0	1	211	3	47	48	50	0	0	0	32	25	32
9	9	0	0	1	212	2	47	48	0	0	22	17
9	9	0	0	1	213	2	49	50	0	0	32	33
9	9	0	0	1	214	2	49	49	0	0	35	32
9	9	0	0	1	215	1	49	0	15
9	9	0	0	1	216	1	49	0	23
9	9	0	0	1	217	3	49	50	52	0	0	0	30	19	22
9	9	0	0	1	218	2	49	50	0	0	22	25
9	9	0	0	1	219	2	50	52	0	0	33	25
9	9	0	0	1	220	2	50	53	0	1	10	2
9	9	0	0	1	221	1	50	0	29
9	9	0	0	1	222	1	50	0	37
9	9	0	0	1	223	3	50	51	52	0	0	0	31	35	32
9	9	0	0	1	224	3	50	51	53	0	0	0	30	35	29
9	9	0	0	1	225	2	51	53	0	0	33	31
9	9	0	0	1	226	2	51	53	0	0	33	20
9	9	0	0	1	227	2	51	53	0	0	35	25
9	9	0	0	1	228	1	51	0	41
9	9	0	0	1	229	1	51	0	33
9	9	0	0	1	230	2	52	54	0	0	25	32
9	9	0	0	1	231	2	52	54	0	0	24	21
9	9	0	0	1	232	2	52	54	0	0	25	32
9	9	0	0	1	233	1	52	0	27
9	9	0	0	1	234	1	53	0	29
9	9	0	0	1	235	1	53	0	23
9	9	0	0	1	236	1	53	0	35
9	9	0	0	1	237	3	54	55	56	0	0	0	32	36	32
9	9	0	0	1	238	1	54	0	32
9	9	0	0	1	239	4	54	57	58	59	0	0	0	0	36	28	28	33
9	9	0	0	1	240	1	54	0	28
9	9	0	0	1	241	1	54	0	36
9	9	0	0	1	242	4	55	56	59	60	0	0	0	0	32	36	27	32
9	9	0	0	1	243	2	55	56	0	0	38	27
9	9	0	0	1	244	2	55	56	0	0	37	33
9	9	0	0	1	245	2	55	56	0	0	32	37
9	9	0	0	1	246	2	56	57	0	0	23	37
9	9	0	0	1	247	2	57	58	0	0	38	28
9	9	0	0	1	248	3	57	58	59	0	0	0	35	28	31
9	9	0	0	1	249	3	57	58	59	0	0	0	29	31	33
9	9	0	0	1	250	1	57	0	21
9	9	0	0	1	251	5	57	58	59	61	62	0	0	0	0	0	32	34	31	33	34
9	9	0	0	1	252	3	57	58	59	0	0	0	30	34	44
9	9	0	0	1	253	4	57	58	59	62	0	0	0	0	30	30	26	34
9	9	0	0	1	254	3	57	58	59	0	0	0	31	39	22
9	9	0	0	1	255	3	58	59	60	0	0	0	32	30	31
9	9	0	0	1	256	3	58	59	62	0	0	0	33	35	33
9	9	0	0	1	257	5	58	59	60	61	62	0	0	0	0	0	30	35	31	32	34
9	9	0	0	1	258	1	59	0	30
9	9	0	0	1	259	2	60	62	0	0	31	31
9	9	0	0	1	260	1	60	0	24
9	9	0	0	1	261	1	60	0	19
9	9	0	0	1	262	1	60	0	29
9	9	0	0	1	263	3	60	61	62	0	0	0	32	28	33
9	9	0	0	1	264	2	60	62	0	0	28	33
9	9	0	0	1	265	2	60	62	0	0	34	30
9	9	0	0	1	266	1	60	0	32
9	9	0	0	1	267	1	60	0	22
9	9	0	0	1	268	1	60	0	30
9	9	0	0	1	269	1	60	0	33
9	9	0	0	1	270	1	60	0	30
9	9	0	0	1	271	2	60	62	0	0	33	33
9	9	0	0	1	272	1	60	0	33
9	9	0	0	1	273	1	61	0	40
9	9	0	0	1	274	2	62	64	0	0	36	33
9	9	0	0	1	275	1	62	0	35
9	9	0	0	1	276	2	62	64	0	0	30	33
9	9	0	0	1	277	1	62	0	30
9	9	0	0	1	278	1	63	0	36
9	9	0	0	1	279	2	63	64	0	0	31	31
9	9	0	0	1	280	1	63	0	3
9	9	0	0	1	281	2	63	64	0	0	37	33
9	9	0	0	1	282	2	63	67	0	0	31	18
9	9	0	0	1	283	4	63	64	66	67	0	0	0	0	36	31	25	32
9	9	0	0	1	284	2	63	64	0	0	31	20
9	9	0	0	1	285	5	63	64	65	66	67	0	0	0	0	0	31	21	29	30	33
9	9	0	0	1	286	2	63	64	0	0	30	24
9	9	0	0	1	287	2	63	64	0	0	32	31
9	9	0	0	1	288	2	63	64	0	0	31	28
9	9	0	0	1	289	2	64	67	0	0	21	24
9	9	0	0	1	290	1	64	0	33
9	9	0	0	1	291	1	64	0	34
9	9	0	0	1	292	1	64	0	33
9	9	0	0	1	293	1	64	0	33
9	9	0	0	1	294	2	65	66	0	0	33	36
9	9	0	0	1	295	2	65	66	0	0	25	32
9	9	0	0	1	296	3	65	66	67	0	0	0	33	14	22
9	9	0	0	1	297	3	65	66	67	0	0	0	27	30	33
9	9	0	0	1	298	2	65	66	0	0	34	33
9	9	0	0	1	299	3	65	66	67	0	0	0	40	30	18
9	9	0	0	1	300	3	65	66	67	0	0	0	36	26	17
9	9	0	0	1	301	3	65	66	67	0	0	0	29	27	37
9	9	0	0	1	302	3	65	66	67	0	0	0	29	36	21
9	9	0	0	1	303	1	67	0	27
9	9	0	0	1	304	1	67	0	33
9	9	0	0	1	305	1	67	0	24
9	9	0	0	1	306	1	67	0	20
9	9	0	0	1	307	1	67	0	23
9	9	0	0	1	308	2	68	72	0	0	30	23
9	9	0	0	1	309	1	68	0	20
9	9	0	0	1	310	1	68	0	36
9	9	0	0	1	311	3	68	69	70	0	0	0	34	29	27
9	9	0	0	1	312	2	69	70	0	0	37	32
9	9	0	0	1	313	4	68	69	70	71	0	0	0	0	35	33	33	33
9	9	0	0	1	314	2	69	70	0	0	35	33
9	9	0	0	1	315	2	69	70	0	0	29	35
9	9	0	0	1	316	2	69	70	0	0	22	28
9	9	0	0	1	317	1	71	0	32
9	9	0	0	1	318	1	71	0	28
9	9	0	0	1	319	1	71	0	33
9	9	0	0	1	320	1	71	0	23
9	9	0	0	1	321	1	71	0	35
9	9	0	0	1	322	1	71	0	33
9	9	0	0	1	323	1	71	0	29
9	9	0	0	1	324	1	71	0	33
9	9	0	0	1	325	1	72	0	27
9	9	0	0	1	326	1	72	0	31
9	9	0	0	1	327	2	72	74	0	0	24	33
9	9	0	0	1	328	1	72	0	27
9	9	0	0	1	329	1	72	0	20
9	9	0	0	1	330	1	73	0	15
9	9	0	0	1	331	1	73	0	30
9	9	0	0	1	332	1	73	0	21
9	9	0	0	1	333	3	73	76	77	0	0	0	25	34	29
9	9	0	0	1	334	4	73	74	76	77	0	0	0	0	24	31	33	32
9	9	0	0	1	335	2	73	79	0	0	14	35
9	9	0	0	1	336	0
9	9	0	0	1	337	2	73	74	0	0	29	20
9	9	0	0	1	338	2	74	79	0	0	23	36
9	9	0	0	1	339	1	74	0	33
9	9	0	0	1	340	2	74	75	0	0	28	27
9	9	0	0	1	341	2	75	80	0	1	33	29
9	9	0	0	1	342	1	75	0	26
9	9	0	0	1	343	3	75	79	80	0	0	1	33	32	34
9	9	0	0	1	344	1	75	0	34
9	9	0	0	1	345	2	75	80	0	1	32	26
9	9	0	0	1	346	1	75	0	28
9	9	0	0	1	347	3	75	81	82	0	0	0	33	33	32
9	9	0	0	1	348	1	75	0	30
9	9	0	0	1	349	1	75	0	17
9	9	0	0	1	350	5	76	77	78	80	81	0	0	0	1	0	32	31	35	34	33
9	9	0	0	1	351	2	76	77	0	0	34	32
9	9	0	0	1	352	2	76	77	0	0	17	26
9	9	0	0	1	353	2	76	77	0	0	31	33
9	9	0	0	1	354	2	76	77	0	0	35	34
9	9	0	0	1	355	5	76	77	78	81	82	0	0	0	0	0	32	32	36	31	32
9	9	0	0	1	356	2	76	77	0	0	32	30
9	9	0	0	1	357	3	76	77	78	0	0	0	31	33	33
9	9	0	0	1	358	6	76	77	78	79	81	82	0	0	0	0	0	0	32	32	35	19	25	30
9	9	0	0	1	359	1	78	0	34
9	9	0	0	1	360	2	78	79	0	0	32	25
9	9	0	0	1	361	1	79	0	33
9	9	0	0	1	362	1	79	0	40
9	9	0	0	1	363	1	79	0	31
9	9	0	0	1	364	3	79	84	85	0	0	0	31	32	35
9	9	0	0	1	365	2	79	83	0	0	31	34
9	9	0	0	1	366	2	79	83	0	0	29	31
9	9	0	0	1	367	2	80	83	1	0	31	33
9	9	0	0	1	368	3	80	84	85	1	0	0	34	28	16
9	9	0	0	1	369	3	80	84	85	1	0	0	22	31	37
9	9	0	0	1	370	2	81	82	0	0	32	33
9	9	0	0	1	371	4	81	82	84	85	0	0	0	0	34	33	32	28
9	9	0	0	1	372	1	81	0	17
9	9	0	0	1	373	2	81	82	0	0	17	30
9	9	0	0	1	374	2	81	82	0	0	36	35
9	9	0	0	1	375	1	82	0	37
9	9	0	0	1	376	1	82	0	36
9	9	0	0	1	377	1	83	0	32
9	9	0	0	1	378	1	83	0	34
9	9	0	0	1	379	1	83	0	33
9	9	0	0	1	380	1	83	0	30
9	9	0	0	1	381	1	84	0	34
9	9	0	0	1	382	1	84	0	24
9	9	0	0	1	383	1	84	0	28
9	9	0	0	1	384	4	86	87	88	89	0	0	0	0	37	44	28	21
9	9	0	0	1	385	5	86	87	88	89	94	0	0	0	0	0	33	35	35	35	35
9	9	0	0	1	386	2	88	89	0	0	34	35
9	9	0	0	1	387	4	89	90	94	95	0	0	0	0	31	26	31	31
9	9	0	0	1	388	3	90	94	95	0	0	0	35	35	36
9	9	0	0	1	389	1	90	0	32
9	9	0	0	1	390	1	90	0	13
9	9	0	0	1	391	1	90	0	43
9	9	0	0	1	392	1	90	0	42
9	9	0	0	1	393	1	90	0	32
9	9	0	0	1	394	3	90	91	92	0	0	0	32	30	37
9	9	0	0	1	395	1	91	0	26
9	9	0	0	1	396	3	91	92	93	0	0	0	38	39	32
9	9	0	0	1	397	3	93	96	97	0	0	0	33	35	33
9	9	0	0	1	398	1	93	0	31
9	9	0	0	1	399	1	93	0	33
9	9	0	0	1	400	1	93	0	31
9	9	0	0	1	401	1	93	0	4
9	9	0	0	1	402	1	93	0	30
9	9	0	0	1	403	7	94	95	96	97	98	99	100	0	0	0	0	0	0	0	31	31	32	29	33	29	28
9	9	0	0	1	404	1	94	0	33
9	9	0	0	1	405	2	94	95	0	0	42	22
9	9	0	0	1	406	4	94	94	95	95	0	0	0	0	33	33	32	36
9	9	0	0	1	407	5	94	95	98	99	100	0	0	0	0	0	27	30	30	31	29
9	9	0	0	1	408	1	96	0	37
9	9	0	0	1	409	1	96	0	36
9	9	0	0	1	410	1	96	0	36
9	9	0	0	1	411	1	96	0	33
9	9	0	0	1	412	1	96	0	43
9	9	0	0	1	413	1	96	0	23
9	9	0	0	1	414	2	96	97	0	0	30	32
9	9	0	0	1	415	4	97	98	99	100	0	0	0	0	22	40	32	27
9	9	0	0	1	416	4	97	98	99	100	0	0	0	0	30	32	30	28
9	9	0	0	1	417	4	97	98	99	100	0	0	0	0	32	30	35	28
9	9	0	0	1	418	4	97	98	99	100	0	0	0	0	33	33	29	28
9	9	0	0	1	419	4	97	98	99	100	0	0	0	0	32	36	22	38
9	9	0	0	1	420	1	100	0	29
