6	6	0	0	1	1	2	1	2	0	0	34	36
6	6	0	0	1	2	2	1	2	0	0	36	33
6	6	0	0	1	3	1	2	0	27
6	6	0	0	1	4	4	3	4	7	8	0	0	0	1	36	35	29	36
6	6	0	0	1	5	2	3	4	0	0	37	34
6	6	0	0	1	6	2	3	4	0	0	32	34
6	6	0	0	1	7	1	8	1	33
6	6	0	0	1	8	1	9	0	37
6	6	0	0	1	9	1	9	0	36
6	6	0	0	1	10	2	10	14	0	0	35	35
6	6	0	0	1	11	1	10	0	32
6	6	0	0	1	12	2	10	11	0	0	26	24
6	6	0	0	1	13	2	12	13	0	0	33	32
6	6	0	0	1	14	2	12	13	0	0	32	28
6	6	0	0	1	15	1	13	0	24
6	6	0	0	1	16	1	14	0	33
6	6	0	0	1	17	1	14	0	33
6	6	0	0	1	18	1	14	0	33
6	6	0	0	1	19	1	16	1	35
6	6	0	0	1	20	2	16	19	1	0	33	27
6	6	0	0	1	21	2	17	20	0	0	32	35
6	6	0	0	1	22	4	17	18	20	21	0	0	0	0	32	25	33	32
6	6	0	0	1	23	3	17	18	21	0	0	0	4	20	26
6	6	0	0	1	24	2	18	21	0	0	26	33
6	6	0	0	1	25	3	18	20	21	0	0	0	16	32	20
6	6	0	0	1	26	1	19	0	34
6	6	0	0	1	27	3	19	20	21	0	0	0	35	35	34
6	6	0	0	1	28	1	20	0	29
6	6	0	0	1	29	1	20	0	31
6	6	0	0	1	30	2	20	21	0	0	36	37
6	6	0	0	1	31	2	20	21	0	0	25	33
6	6	0	0	1	32	1	21	0	35
6	6	0	0	1	33	2	22	23	0	0	31	26
6	6	0	0	1	34	2	22	23	0	0	20	15
6	6	0	0	1	35	2	22	23	0	0	32	32
6	6	0	0	1	36	3	22	23	24	0	0	0	32	32	31
6	6	0	0	1	37	3	22	23	24	0	0	0	32	32	31
6	6	0	0	1	38	2	25	31	0	0	21	29
6	6	0	0	1	39	2	25	31	0	0	33	26
6	6	0	0	1	40	5	26	27	28	29	34	0	0	0	0	0	33	30	32	26	31
6	6	0	0	1	41	4	26	27	28	29	0	0	0	0	22	27	25	32
6	6	0	0	1	42	4	27	28	29	34	0	0	0	0	26	27	22	25
6	6	0	0	1	43	4	28	29	30	34	0	0	0	0	33	27	33	32
6	6	0	0	1	44	3	28	29	30	0	0	0	25	10	34
6	6	0	0	1	45	3	28	29	30	0	0	0	19	28	32
6	6	0	0	1	46	2	29	30	0	0	25	34
6	6	0	0	1	47	3	30	33	34	0	0	0	32	28	32
6	6	0	0	1	48	2	30	34	0	0	32	33
6	6	0	0	1	49	1	30	0	33
6	6	0	0	1	50	1	30	0	33
6	6	0	0	1	51	1	31	0	33
6	6	0	0	1	52	1	31	0	33
6	6	0	0	1	53	2	32	35	0	0	36	35
6	6	0	0	1	54	1	33	0	32
6	6	0	0	1	55	1	34	0	33
6	6	0	0	1	56	1	35	0	32
6	6	0	0	1	57	1	36	0	26
6	6	0	0	1	58	2	36	38	0	0	27	31
6	6	0	0	1	59	3	37	39	40	1	1	0	33	33	32
6	6	0	0	1	60	1	37	1	31
6	6	0	0	1	61	1	38	0	32
6	6	0	0	1	62	1	38	0	32
6	6	0	0	1	63	2	39	40	1	0	33	32
6	6	0	0	1	64	2	39	40	1	0	34	29
6	6	0	0	1	65	2	41	42	0	0	32	32
6	6	0	0	1	66	3	42	47	48	0	0	0	30	15	27
6	6	0	0	1	67	1	44	0	32
6	6	0	0	1	68	2	45	46	1	0	35	30
6	6	0	0	1	69	2	45	46	1	0	33	36
6	6	0	0	1	70	3	46	47	48	0	0	0	33	27	33
6	6	0	0	1	71	2	47	48	0	0	26	32
6	6	0	0	1	72	1	49	0	32
6	6	0	0	1	73	1	50	0	33
6	6	0	0	1	74	2	51	54	0	0	35	33
6	6	0	0	1	75	1	53	0	23
6	6	0	0	1	76	1	53	0	33
6	6	0	0	1	77	1	55	0	17
6	6	0	0	1	78	2	55	56	0	0	31	37
6	6	0	0	1	79	2	55	56	0	0	34	27
6	6	0	0	1	80	1	57	0	27
6	6	0	0	1	81	2	57	61	0	0	32	33
6	6	0	0	1	82	3	57	58	59	0	0	0	23	30	33
6	6	0	0	1	83	3	58	59	62	0	0	0	32	33	17
6	6	0	0	1	84	1	60	0	17
6	6	0	0	1	85	2	62	63	0	0	34	33
6	6	0	0	1	86	2	63	64	0	0	37	21
6	6	0	0	1	87	2	65	66	0	0	34	31
6	6	0	0	1	88	2	65	66	0	0	16	34
6	6	0	0	1	89	3	65	66	67	0	0	0	30	27	32
6	6	0	0	1	90	1	67	0	32
6	6	0	0	1	91	1	67	0	18
6	6	0	0	1	92	1	67	0	27
6	6	0	0	1	93	1	68	0	35
6	6	0	0	1	94	2	69	70	0	0	32	32
6	6	0	0	1	95	2	69	70	0	0	28	33
6	6	0	0	1	96	1	70	0	26
6	6	0	0	1	97	1	71	0	31
6	6	0	0	1	98	1	71	0	32
6	6	0	0	1	99	2	71	73	0	0	34	32
6	6	0	0	1	100	2	71	73	0	0	36	32
6	6	0	0	1	101	1	72	0	14
6	6	0	0	1	102	1	74	0	22
6	6	0	0	1	103	2	74	79	0	0	30	34
6	6	0	0	1	104	2	74	79	0	0	30	22
6	6	0	0	1	105	1	75	0	28
6	6	0	0	1	106	2	75	80	0	1	30	33
6	6	0	0	1	107	1	75	0	36
6	6	0	0	1	108	1	75	0	35
6	6	0	0	1	109	2	76	77	0	0	32	32
6	6	0	0	1	110	2	78	83	0	0	35	34
6	6	0	0	1	111	2	79	83	0	0	33	36
6	6	0	0	1	112	1	79	0	33
6	6	0	0	1	113	1	81	0	30
6	6	0	0	1	114	1	81	0	35
6	6	0	0	1	115	2	81	82	0	0	35	32
6	6	0	0	1	116	2	81	82	0	0	34	37
6	6	0	0	1	117	1	83	0	21
6	6	0	0	1	118	3	83	86	87	0	0	0	32	35	36
6	6	0	0	1	119	3	86	87	93	0	0	0	32	34	17
6	6	0	0	1	120	4	91	92	93	96	0	0	0	0	33	35	27	35
6	6	0	0	1	121	3	91	92	93	0	0	0	33	34	36
6	6	0	0	1	122	2	93	96	0	0	32	20
6	6	0	0	1	123	4	97	98	99	100	0	0	0	0	26	29	35	23
6	6	0	0	1	124	2	99	100	0	0	34	29
