8	8	0	0	1	1	2	1	2	0	0	26	33
8	8	0	0	1	2	2	1	2	0	0	37	39
8	8	0	0	1	3	5	1	2	3	5	6	0	0	0	0	0	37	35	29	33	37
8	8	0	0	1	4	3	1	2	3	0	0	0	41	38	35
8	8	0	0	1	5	4	1	2	3	4	0	0	0	0	24	33	20	33
8	8	0	0	1	6	4	1	2	3	4	0	0	0	0	32	36	38	39
8	8	0	0	1	7	4	1	2	3	4	0	0	0	0	40	40	38	41
8	8	0	0	1	8	4	1	2	3	4	0	0	0	0	23	36	34	39
8	8	0	0	1	9	2	3	4	0	0	35	37
8	8	0	0	1	10	2	3	4	0	0	38	41
8	8	0	0	1	11	3	3	4	5	0	0	0	14	22	19
8	8	0	0	1	12	2	5	6	0	0	35	30
8	8	0	0	1	13	2	5	6	0	0	38	40
8	8	0	0	1	14	2	6	9	0	0	38	39
8	8	0	0	1	15	2	6	9	0	0	39	25
8	8	0	0	1	16	1	7	0	39
8	8	0	0	1	17	2	7	8	0	1	38	34
8	8	0	0	1	18	2	7	8	0	1	24	25
8	8	0	0	1	19	2	7	8	0	1	31	40
8	8	0	0	1	20	1	9	0	34
8	8	0	0	1	21	1	9	0	32
8	8	0	0	1	22	2	10	11	0	0	40	39
8	8	0	0	1	23	3	10	11	12	0	0	0	36	14	22
8	8	0	0	1	24	4	10	11	12	13	0	0	0	0	36	36	39	39
8	8	0	0	1	25	4	10	11	12	13	0	0	0	0	30	39	39	39
8	8	0	0	1	26	2	11	12	0	0	2	25
8	8	0	0	1	27	2	14	14	0	0	35	38
8	8	0	0	1	28	1	14	0	34
8	8	0	0	1	29	1	14	0	39
8	8	0	0	1	30	1	14	0	29
8	8	0	0	1	31	1	14	0	38
8	8	0	0	1	32	2	14	15	0	0	27	39
8	8	0	0	1	33	1	14	0	38
8	8	0	0	1	34	1	14	0	27
8	8	0	0	1	35	1	15	0	36
8	8	0	0	1	36	1	15	0	36
8	8	0	0	1	37	1	15	0	39
8	8	0	0	1	38	1	15	0	37
8	8	0	0	1	39	3	15	16	20	0	1	1	40	39	8
8	8	0	0	1	40	2	15	16	0	1	38	40
8	8	0	0	1	41	3	15	16	20	0	1	0	20	29	2
8	8	0	0	1	42	2	15	16	0	1	36	39
8	8	0	0	1	43	2	15	16	0	1	35	38
8	8	0	0	1	44	1	16	1	40
8	8	0	0	1	45	2	16	21	1	0	34	41
8	8	0	0	1	46	3	16	20	21	1	0	0	39	37	37
8	8	0	0	1	47	2	16	21	1	0	31	29
8	8	0	0	1	48	2	17	18	0	0	38	26
8	8	0	0	1	49	3	17	18	19	0	0	0	39	28	35
8	8	0	0	1	50	2	18	19	0	0	22	16
8	8	0	0	1	51	2	18	19	0	0	26	40
8	8	0	0	1	52	2	18	19	0	0	23	39
8	8	0	0	1	53	1	19	0	35
8	8	0	0	1	54	1	19	0	36
8	8	0	0	1	55	1	20	0	40
8	8	0	0	1	56	2	20	24	0	0	40	18
8	8	0	0	1	57	2	20	21	0	0	40	35
8	8	0	0	1	58	2	21	24	0	0	36	37
8	8	0	0	1	59	2	22	25	0	0	32	37
8	8	0	0	1	60	5	22	23	24	30	31	1	0	0	0	0	10	4	31	38	40
8	8	0	0	1	61	3	24	30	31	0	0	0	39	37	40
8	8	0	0	1	62	4	25	32	33	34	0	0	0	0	39	39	38	37
8	8	0	0	1	63	1	25	0	38
8	8	0	0	1	64	1	25	0	10
8	8	0	0	1	65	3	25	33	34	0	0	0	40	35	38
8	8	0	0	1	66	1	25	0	34
8	8	0	0	1	67	5	26	27	28	29	35	0	0	0	0	0	27	39	36	27	33
8	8	0	0	1	68	2	30	31	0	0	39	40
8	8	0	0	1	69	3	30	31	35	0	0	0	38	39	35
8	8	0	0	1	70	2	30	31	0	0	36	39
8	8	0	0	1	71	1	31	0	41
8	8	0	0	1	72	3	32	33	36	0	0	0	36	29	39
8	8	0	0	1	73	2	32	33	0	0	40	37
8	8	0	0	1	74	3	32	33	36	0	0	0	12	29	32
8	8	0	0	1	75	3	32	33	34	0	0	0	28	11	35
8	8	0	0	1	76	4	32	33	34	36	0	0	0	0	34	38	33	30
8	8	0	0	1	77	3	32	33	34	0	0	0	30	41	30
8	8	0	0	1	78	2	34	36	0	0	35	22
8	8	0	0	1	79	2	36	38	0	0	23	22
8	8	0	0	1	80	1	37	1	32
8	8	0	0	1	81	1	37	1	41
8	8	0	0	1	82	1	37	1	31
8	8	0	0	1	83	1	37	1	40
8	8	0	0	1	84	1	37	1	40
8	8	0	0	1	85	1	38	0	26
8	8	0	0	1	86	1	38	0	35
8	8	0	0	1	87	2	38	42	0	0	39	32
8	8	0	0	1	88	2	38	42	0	0	37	37
8	8	0	0	1	89	3	39	40	41	1	0	0	36	37	39
8	8	0	0	1	90	2	41	43	0	0	28	30
8	8	0	0	1	91	1	41	0	38
8	8	0	0	1	92	5	41	45	46	47	48	0	1	0	0	0	38	27	35	22	40
8	8	0	0	1	93	2	42	49	0	0	18	40
8	8	0	0	1	94	2	42	43	0	0	32	41
8	8	0	0	1	95	2	42	43	0	0	33	34
8	8	0	0	1	96	2	43	50	0	0	38	39
8	8	0	0	1	97	2	43	50	0	0	35	36
8	8	0	0	1	98	1	44	0	32
8	8	0	0	1	99	3	44	50	51	0	0	0	37	32	30
8	8	0	0	1	100	7	44	45	46	47	48	51	52	0	1	0	0	0	0	0	33	29	32	12	24	26	27
8	8	0	0	1	101	7	44	45	46	47	48	49	50	0	1	0	0	0	0	0	39	40	34	32	26	31	38
8	8	0	0	1	102	4	45	46	47	48	1	0	0	0	23	35	30	40
8	8	0	0	1	103	3	46	47	48	0	0	0	33	29	36
8	8	0	0	1	104	4	46	47	48	51	0	0	0	0	37	33	29	35
8	8	0	0	1	105	3	46	47	48	0	0	0	37	19	27
8	8	0	0	1	106	2	47	48	0	0	33	27
8	8	0	0	1	107	1	53	0	31
8	8	0	0	1	108	1	49	0	39
8	8	0	0	1	109	4	49	50	50	51	0	0	0	0	38	40	31	33
8	8	0	0	1	110	3	49	50	52	0	0	0	37	40	40
8	8	0	0	1	111	2	50	51	0	0	40	20
8	8	0	0	1	112	3	51	55	56	0	0	0	38	36	32
8	8	0	0	1	113	1	51	0	35
8	8	0	0	1	114	3	51	55	56	0	0	0	37	38	33
8	8	0	0	1	115	2	51	55	0	0	33	33
8	8	0	0	1	116	1	52	0	27
8	8	0	0	1	117	5	53	55	56	57	58	0	0	0	0	0	37	40	39	39	30
8	8	0	0	1	118	2	53	54	0	0	36	39
8	8	0	0	1	119	2	54	60	0	0	40	38
8	8	0	0	1	120	1	54	0	2
8	8	0	0	1	121	2	54	60	0	0	39	37
8	8	0	0	1	122	2	54	60	0	0	39	36
8	8	0	0	1	123	1	55	0	26
8	8	0	0	1	124	2	55	56	0	0	39	41
8	8	0	0	1	125	4	55	56	61	62	0	0	0	0	37	40	39	39
8	8	0	0	1	126	2	55	56	0	0	39	40
8	8	0	0	1	127	4	55	56	57	58	0	0	0	0	38	39	40	34
8	8	0	0	1	128	3	57	58	59	0	0	0	39	40	38
8	8	0	0	1	129	3	58	59	60	0	0	0	38	40	22
8	8	0	0	1	130	2	59	60	0	0	32	39
8	8	0	0	1	131	3	60	63	64	0	0	0	35	38	35
8	8	0	0	1	132	4	61	65	66	67	0	0	0	0	39	30	26	31
8	8	0	0	1	133	1	63	0	40
8	8	0	0	1	134	2	63	64	0	0	37	31
8	8	0	0	1	135	2	63	64	0	0	32	32
8	8	0	0	1	136	1	64	0	27
8	8	0	0	1	137	3	65	66	67	0	0	0	39	39	29
8	8	0	0	1	138	1	67	0	33
8	8	0	0	1	139	3	68	69	70	0	0	0	38	34	28
8	8	0	0	1	140	5	68	69	70	73	74	0	0	0	0	0	41	38	30	38	31
8	8	0	0	1	141	4	68	69	70	73	0	0	0	0	39	36	32	25
8	8	0	0	1	142	3	68	69	70	0	0	0	36	32	37
8	8	0	0	1	143	3	68	69	70	0	0	0	42	38	37
8	8	0	0	1	144	4	68	69	70	74	0	0	0	0	40	39	34	35
8	8	0	0	1	145	3	69	70	71	0	0	0	33	34	32
8	8	0	0	1	146	3	69	70	71	0	0	0	34	39	39
8	8	0	0	1	147	2	70	71	0	0	27	34
8	8	0	0	1	148	2	71	75	0	0	34	38
8	8	0	0	1	149	2	71	72	0	0	40	33
8	8	0	0	1	150	3	71	72	75	0	0	0	34	23	38
8	8	0	0	1	151	1	72	0	28
8	8	0	0	1	152	4	72	76	77	78	0	0	0	0	29	36	36	28
8	8	0	0	1	153	2	72	78	0	0	16	28
8	8	0	0	1	154	4	73	80	81	82	0	1	0	0	21	36	35	35
8	8	0	0	1	155	4	73	80	81	82	0	1	0	0	25	37	36	34
8	8	0	0	1	156	2	73	80	0	1	25	25
8	8	0	0	1	157	2	73	74	0	0	29	21
8	8	0	0	1	158	4	73	74	81	82	0	0	0	0	28	35	28	40
8	8	0	0	1	159	2	75	82	0	0	39	37
8	8	0	0	1	160	6	76	77	78	83	84	85	0	0	0	0	0	0	38	37	34	29	38	35
8	8	0	0	1	161	4	76	77	78	79	0	0	0	0	22	32	36	31
8	8	0	0	1	162	3	77	78	79	0	0	0	29	41	37
8	8	0	0	1	163	2	78	79	0	0	33	34
8	8	0	0	1	164	2	78	79	0	0	35	34
8	8	0	0	1	165	2	78	79	0	0	33	37
8	8	0	0	1	166	1	79	0	37
8	8	0	0	1	167	2	80	81	1	0	16	2
8	8	0	0	1	168	4	80	81	86	87	1	0	0	0	37	32	37	33
8	8	0	0	1	169	5	80	81	83	84	85	1	0	0	0	0	34	34	20	31	36
8	8	0	0	1	170	7	81	82	86	87	88	89	90	0	0	0	0	0	0	0	38	39	32	30	38	42	38
8	8	0	0	1	171	5	82	86	87	88	89	0	0	0	0	0	34	36	31	36	40
8	8	0	0	1	172	4	83	86	87	88	0	0	0	0	35	33	32	27
8	8	0	0	1	173	6	83	86	87	88	89	90	0	0	0	0	0	0	37	37	28	36	37	31
8	8	0	0	1	174	7	83	84	85	90	91	92	93	0	0	0	0	0	0	0	38	33	32	34	38	40	33
8	8	0	0	1	175	3	83	84	85	0	0	0	34	38	36
8	8	0	0	1	176	5	84	85	91	92	93	0	0	0	0	0	30	34	36	41	37
8	8	0	0	1	177	5	84	85	91	92	93	0	0	0	0	0	33	36	38	41	37
8	8	0	0	1	178	4	84	85	94	95	0	0	0	0	33	36	39	38
8	8	0	0	1	179	4	86	87	88	96	0	0	0	0	40	39	29	39
8	8	0	0	1	180	5	86	87	88	94	95	0	0	0	0	0	13	35	2	40	40
8	8	0	0	1	181	6	86	87	88	89	96	97	0	0	0	0	0	0	12	32	29	24	39	37
8	8	0	0	1	182	6	89	90	97	98	99	100	0	0	0	0	0	0	35	39	40	37	41	40
8	8	0	0	1	183	3	89	90	96	0	0	0	37	39	36
8	8	0	0	1	184	6	90	91	92	98	99	100	0	0	0	0	0	0	39	34	33	30	40	35
8	8	0	0	1	185	7	90	91	92	97	98	99	100	0	0	0	0	0	0	0	39	35	41	39	27	41	35
8	8	0	0	1	186	3	91	92	93	0	0	0	36	39	27
8	8	0	0	1	187	3	91	92	93	0	0	0	31	36	31
8	8	0	0	1	188	2	94	95	0	0	39	30
8	8	0	0	1	189	2	94	95	0	0	38	39
8	8	0	0	1	190	5	96	97	98	99	100	0	0	0	0	0	40	21	38	37	21
8	8	0	0	1	191	5	96	97	98	99	100	0	0	0	0	0	22	26	32	20	16
