13	13	0	0	1	1	2	1	2	0	0	34	37
13	13	0	0	1	2	2	1	2	0	0	35	21
13	13	0	0	1	3	2	2	5	0	0	32	34
13	13	0	0	1	4	1	2	0	38
13	13	0	0	1	5	3	3	4	6	0	0	0	35	34	32
13	13	0	0	1	6	2	3	4	0	0	32	33
13	13	0	0	1	7	1	7	0	33
13	13	0	0	1	8	1	7	0	24
13	13	0	0	1	9	2	7	8	0	1	23	35
13	13	0	0	1	10	2	7	8	0	0	31	33
13	13	0	0	1	11	2	7	8	0	1	37	33
13	13	0	0	1	12	1	8	1	35
13	13	0	0	1	13	1	9	0	30
13	13	0	0	1	14	1	9	0	38
13	13	0	0	1	15	1	9	0	33
13	13	0	0	1	16	1	10	0	34
13	13	0	0	1	17	2	10	11	0	0	30	30
13	13	0	0	1	18	2	10	11	0	0	35	29
13	13	0	0	1	19	2	10	11	0	0	33	33
13	13	0	0	1	20	2	10	11	0	0	35	37
13	13	0	0	1	21	3	10	11	12	0	0	0	34	36	28
13	13	0	0	1	22	3	12	13	14	0	0	0	33	32	35
13	13	0	0	1	23	1	12	0	28
13	13	0	0	1	24	3	12	13	14	0	0	0	32	27	34
13	13	0	0	1	25	3	12	13	14	0	0	0	32	33	28
13	13	0	0	1	26	1	13	0	34
13	13	0	0	1	27	1	13	0	21
13	13	0	0	1	28	1	13	0	32
13	13	0	0	1	29	1	13	0	31
13	13	0	0	1	30	1	14	0	33
13	13	0	0	1	31	1	14	0	35
13	13	0	0	1	32	2	15	17	0	0	36	28
13	13	0	0	1	33	1	15	0	37
13	13	0	0	1	34	1	15	0	32
13	13	0	0	1	35	1	15	0	34
13	13	0	0	1	36	2	16	17	1	0	36	26
13	13	0	0	1	37	1	16	0	22
13	13	0	0	1	38	3	16	17	18	1	0	0	36	26	26
13	13	0	0	1	39	2	16	17	0	0	31	27
13	13	0	0	1	40	1	16	0	16
13	13	0	0	1	41	2	16	18	0	0	31	26
13	13	0	0	1	42	1	16	0	27
13	13	0	0	1	43	1	17	0	26
13	13	0	0	1	44	1	17	0	33
13	13	0	0	1	45	3	18	19	20	0	0	0	27	34	35
13	13	0	0	1	46	3	18	19	20	0	0	0	26	30	26
13	13	0	0	1	47	2	18	19	0	0	27	35
13	13	0	0	1	48	3	18	19	20	0	0	0	20	33	38
13	13	0	0	1	49	1	19	0	36
13	13	0	0	1	50	1	19	0	35
13	13	0	0	1	51	1	20	0	30
13	13	0	0	1	52	1	20	0	28
13	13	0	0	1	53	1	20	0	36
13	13	0	0	1	54	1	21	0	37
13	13	0	0	1	55	1	21	0	35
13	13	0	0	1	56	1	21	0	31
13	13	0	0	1	57	1	21	0	36
13	13	0	0	1	58	1	22	0	29
13	13	0	0	1	59	2	22	23	0	0	32	32
13	13	0	0	1	60	3	22	23	24	0	0	0	33	33	31
13	13	0	0	1	61	3	22	23	24	0	0	0	25	30	28
13	13	0	0	1	62	1	24	0	35
13	13	0	0	1	63	2	25	30	0	0	33	8
13	13	0	0	1	64	3	25	30	31	0	0	1	33	30	31
13	13	0	0	1	65	1	25	0	38
13	13	0	0	1	66	1	25	0	33
13	13	0	0	1	67	1	25	0	34
13	13	0	0	1	68	1	25	0	35
13	13	0	0	1	69	3	26	27	31	0	0	1	33	27	28
13	13	0	0	1	70	2	26	27	0	0	28	20
13	13	0	0	1	71	4	26	27	28	29	0	0	0	0	31	33	26	33
13	13	0	0	1	72	4	26	27	28	29	0	0	0	0	34	10	26	32
13	13	0	0	1	73	3	27	28	29	0	0	0	31	33	26
13	13	0	0	1	74	3	27	28	29	0	0	0	19	34	27
13	13	0	0	1	75	4	29	30	32	33	0	0	0	0	32	30	31	36
13	13	0	0	1	76	3	30	33	34	0	0	0	35	36	33
13	13	0	0	1	77	2	30	31	0	0	35	31
13	13	0	0	1	78	1	31	1	26
13	13	0	0	1	79	2	32	33	1	0	32	34
13	13	0	0	1	80	1	33	0	35
13	13	0	0	1	81	3	33	34	35	0	0	0	33	31	36
13	13	0	0	1	82	3	33	34	35	0	0	0	16	28	36
13	13	0	0	1	83	2	34	35	0	0	21	33
13	13	0	0	1	84	2	34	35	0	0	33	37
13	13	0	0	1	85	1	34	0	33
13	13	0	0	1	86	2	35	36	0	0	34	34
13	13	0	0	1	87	1	35	0	34
13	13	0	0	1	88	1	35	0	32
13	13	0	0	1	89	1	36	0	34
13	13	0	0	1	90	1	37	1	36
13	13	0	0	1	91	2	37	39	0	1	23	31
13	13	0	0	1	92	1	37	1	36
13	13	0	0	1	93	1	37	0	9
13	13	0	0	1	94	4	38	39	40	41	0	1	0	0	27	35	30	27
13	13	0	0	1	95	3	38	39	40	0	1	0	20	36	32
13	13	0	0	1	96	3	38	39	40	0	1	0	38	35	31
13	13	0	0	1	97	2	39	40	1	0	36	23
13	13	0	0	1	98	1	41	0	31
13	13	0	0	1	99	1	41	0	34
13	13	0	0	1	100	1	42	0	38
13	13	0	0	1	101	2	42	44	0	0	36	34
13	13	0	0	1	102	3	42	44	45	0	0	1	19	35	36
13	13	0	0	1	103	1	42	0	31
13	13	0	0	1	104	1	42	0	26
13	13	0	0	1	105	2	42	43	0	0	32	36
13	13	0	0	1	106	4	43	46	47	48	0	0	0	0	28	36	26	33
13	13	0	0	1	107	1	43	0	36
13	13	0	0	1	108	1	44	0	34
13	13	0	0	1	109	2	44	45	0	0	32	28
13	13	0	0	1	110	1	45	0	25
13	13	0	0	1	111	3	45	46	49	1	0	0	35	33	37
13	13	0	0	1	112	4	46	47	48	49	0	0	0	0	32	33	27	38
13	13	0	0	1	113	3	47	48	50	0	0	0	33	23	36
13	13	0	0	1	114	1	48	0	33
13	13	0	0	1	115	2	49	51	0	0	22	34
13	13	0	0	1	116	1	49	0	30
13	13	0	0	1	117	1	50	0	34
13	13	0	0	1	118	1	53	0	36
13	13	0	0	1	119	1	53	0	35
13	13	0	0	1	120	1	54	0	35
13	13	0	0	1	121	1	54	0	34
13	13	0	0	1	122	3	57	58	59	0	0	0	33	33	32
13	13	0	0	1	123	2	58	59	0	0	7	36
13	13	0	0	1	124	1	61	0	33
13	13	0	0	1	125	1	61	0	32
13	13	0	0	1	126	1	61	0	33
13	13	0	0	1	127	3	63	65	66	0	0	0	29	36	33
13	13	0	0	1	128	1	63	0	33
13	13	0	0	1	129	2	63	67	0	0	37	34
13	13	0	0	1	130	3	63	64	67	0	0	0	37	16	32
13	13	0	0	1	131	1	64	0	19
13	13	0	0	1	132	1	64	0	30
13	13	0	0	1	133	1	64	0	16
13	13	0	0	1	134	2	65	66	0	0	30	33
13	13	0	0	1	135	2	65	66	0	0	21	25
13	13	0	0	1	136	3	65	66	67	0	0	0	35	37	26
13	13	0	0	1	137	3	65	66	67	0	0	0	25	33	32
13	13	0	0	1	138	1	68	0	30
13	13	0	0	1	139	4	68	68	69	70	0	0	0	0	34	37	31	33
13	13	0	0	1	140	1	68	0	27
13	13	0	0	1	141	3	68	69	70	0	0	0	27	30	18
13	13	0	0	1	142	3	68	69	70	0	0	0	35	35	31
13	13	0	0	1	143	1	70	0	26
13	13	0	0	1	144	1	72	0	25
13	13	0	0	1	145	1	72	0	28
13	13	0	0	1	146	1	75	0	30
13	13	0	0	1	147	1	73	0	26
13	13	0	0	1	148	1	73	0	33
13	13	0	0	1	149	4	73	76	77	78	0	0	0	0	26	28	29	26
13	13	0	0	1	150	1	73	0	27
13	13	0	0	1	151	1	73	0	34
13	13	0	0	1	152	3	73	76	77	0	0	0	26	17	20
13	13	0	0	1	153	2	73	74	0	0	33	27
13	13	0	0	1	154	4	74	76	77	78	0	0	0	0	21	31	27	33
13	13	0	0	1	155	3	74	76	77	0	0	0	33	33	27
13	13	0	0	1	156	1	74	0	34
13	13	0	0	1	157	4	75	76	77	78	0	0	0	0	18	10	13	32
13	13	0	0	1	158	1	75	0	32
13	13	0	0	1	159	1	75	0	33
13	13	0	0	1	160	1	75	0	17
13	13	0	0	1	161	1	75	0	34
13	13	0	0	1	162	2	75	79	0	0	35	37
13	13	0	0	1	163	3	76	77	81	0	0	0	31	31	35
13	13	0	0	1	164	2	78	82	0	0	37	31
13	13	0	0	1	165	1	79	0	28
13	13	0	0	1	166	2	80	82	1	0	36	33
13	13	0	0	1	167	1	80	1	34
13	13	0	0	1	168	1	80	1	34
13	13	0	0	1	169	2	80	83	1	0	36	36
13	13	0	0	1	170	1	81	0	33
13	13	0	0	1	171	4	81	82	84	85	0	0	1	0	35	34	35	32
13	13	0	0	1	172	1	82	0	31
13	13	0	0	1	173	3	82	84	85	0	1	0	35	37	36
13	13	0	0	1	174	1	83	0	23
13	13	0	0	1	175	1	83	0	35
13	13	0	0	1	176	2	84	85	1	0	11	25
13	13	0	0	1	177	2	84	85	1	0	37	37
13	13	0	0	1	178	1	85	0	34
13	13	0	0	1	179	5	86	87	91	92	93	0	0	0	0	0	23	35	31	31	36
13	13	0	0	1	180	2	89	93	0	0	36	35
13	13	0	0	1	181	1	90	0	36
13	13	0	0	1	182	1	90	0	32
13	13	0	0	1	183	1	90	0	34
13	13	0	0	1	184	1	90	0	36
13	13	0	0	1	185	1	90	0	36
13	13	0	0	1	186	3	90	94	95	0	0	0	32	35	34
13	13	0	0	1	187	4	91	92	94	95	0	0	1	0	15	38	10	37
13	13	0	0	1	188	5	91	92	93	94	95	0	0	0	0	0	30	36	33	36	29
13	13	0	0	1	189	3	91	92	93	0	0	0	15	37	28
13	13	0	0	1	190	5	95	97	98	99	100	0	0	0	0	0	32	37	37	37	34
13	13	0	0	1	191	3	96	97	98	0	0	0	30	33	27
