6	6	0	0	1	1	2	2	0	0	0
6	6	0	0	1	3	4	3	0	0	0
6	6	0	0	1	7	8	0	1	0	0
6	6	0	0	1	10	11	1	0	0	0
6	6	0	0	1	12	13	2	0	0	0
6	6	0	0	1	17	18	2	0	0	0
6	6	0	0	1	20	21	5	0	0	0
6	6	0	0	1	22	23	3	0	0	0
6	6	0	0	1	23	24	2	0	0	0
6	6	0	0	1	27	28	2	0	0	0
6	6	0	0	1	28	29	1	0	0	0
6	6	0	0	1	29	30	4	0	0	0
6	6	0	0	1	33	34	1	0	0	0
6	6	0	0	1	39	40	0	0	3	0
6	6	0	0	1	41	42	1	0	0	0
6	6	0	0	1	45	46	0	0	2	0
6	6	0	0	1	47	48	3	0	0	0
6	6	0	0	1	55	56	2	0	0	0
6	6	0	0	1	58	59	2	0	0	0
6	6	0	0	1	62	63	1	0	0	0
6	6	0	0	1	63	64	1	0	0	0
6	6	0	0	1	65	66	2	0	0	0
6	6	0	0	1	66	67	1	0	0	0
6	6	0	0	1	69	70	2	0	0	0
6	6	0	0	1	76	77	1	0	0	0
6	6	0	0	1	81	82	2	0	0	0
6	6	0	0	1	86	87	2	0	0	0
6	6	0	0	1	92	93	2	0	0	0
6	6	0	0	1	98	99	1	0	0	0
6	6	0	0	1	99	100	1	0	0	0
