15	15	0	0	1	1	2	1	5	0	0	15	34
15	15	0	0	1	2	1	1	0	34
15	15	0	0	1	3	2	1	2	0	0	33	34
15	15	0	0	1	4	2	1	2	0	0	29	33
15	15	0	0	1	5	2	1	2	0	0	33	36
15	15	0	0	1	6	3	1	2	5	0	0	0	36	27	35
15	15	0	0	1	7	2	1	2	0	0	36	38
15	15	0	0	1	8	2	1	2	0	0	35	22
15	15	0	0	1	9	1	2	0	27
15	15	0	0	1	10	3	2	5	6	0	0	0	33	38	32
15	15	0	0	1	11	2	3	4	0	0	30	37
15	15	0	0	1	12	2	3	4	0	0	35	38
15	15	0	0	1	13	1	4	0	37
15	15	0	0	1	14	2	5	6	0	0	31	30
15	15	0	0	1	15	4	5	6	7	8	0	0	0	1	27	35	14	28
15	15	0	0	1	16	1	6	0	38
15	15	0	0	1	17	2	6	8	0	1	37	33
15	15	0	0	1	18	2	7	8	0	1	39	32
15	15	0	0	1	19	1	8	1	36
15	15	0	0	1	20	1	8	1	35
15	15	0	0	1	21	1	8	1	23
15	15	0	0	1	22	1	8	1	35
15	15	0	0	1	23	1	9	0	32
15	15	0	0	1	24	1	9	0	21
15	15	0	0	1	25	1	9	0	36
15	15	0	0	1	26	1	9	0	37
15	15	0	0	1	27	1	10	0	26
15	15	0	0	1	28	2	10	11	0	0	34	32
15	15	0	0	1	29	2	10	11	0	0	36	33
15	15	0	0	1	30	2	10	11	0	0	27	28
15	15	0	0	1	31	2	10	11	0	0	37	38
15	15	0	0	1	32	2	10	11	0	0	37	34
15	15	0	0	1	33	2	11	12	0	0	33	33
15	15	0	0	1	34	2	11	12	0	0	37	26
15	15	0	0	1	35	2	11	12	0	0	36	29
15	15	0	0	1	36	1	12	0	33
15	15	0	0	1	37	2	12	13	0	0	31	33
15	15	0	0	1	38	2	12	13	0	0	35	33
15	15	0	0	1	39	2	12	13	0	0	32	31
15	15	0	0	1	40	3	12	13	14	0	0	0	34	33	36
15	15	0	0	1	41	3	12	13	14	0	0	0	29	31	24
15	15	0	0	1	42	1	13	0	31
15	15	0	0	1	43	2	13	14	0	0	33	35
15	15	0	0	1	44	1	14	0	37
15	15	0	0	1	45	1	14	0	35
15	15	0	0	1	46	1	14	0	34
15	15	0	0	1	47	1	14	0	31
15	15	0	0	1	48	1	15	0	36
15	15	0	0	1	49	1	15	0	31
15	15	0	0	1	50	1	15	0	36
15	15	0	0	1	51	1	15	0	33
15	15	0	0	1	52	1	15	0	32
15	15	0	0	1	53	1	15	0	36
15	15	0	0	1	54	1	16	1	34
15	15	0	0	1	55	2	16	17	1	0	37	28
15	15	0	0	1	56	1	16	1	35
15	15	0	0	1	57	1	17	0	26
15	15	0	0	1	58	1	17	0	26
15	15	0	0	1	59	1	17	0	34
15	15	0	0	1	60	1	17	0	33
15	15	0	0	1	61	1	17	0	33
15	15	0	0	1	62	2	17	18	0	0	32	22
15	15	0	0	1	63	2	18	19	0	0	27	37
15	15	0	0	1	64	2	18	19	0	0	26	35
15	15	0	0	1	65	2	18	19	0	0	22	26
15	15	0	0	1	66	2	18	19	0	0	32	32
15	15	0	0	1	67	2	18	19	0	0	34	37
15	15	0	0	1	68	1	19	0	35
15	15	0	0	1	69	1	19	0	35
15	15	0	0	1	70	1	19	0	34
15	15	0	0	1	71	2	19	20	0	0	35	36
15	15	0	0	1	72	2	20	21	0	0	36	37
15	15	0	0	1	73	2	20	21	0	0	36	36
15	15	0	0	1	74	2	20	21	0	0	27	25
15	15	0	0	1	75	1	21	0	35
15	15	0	0	1	76	1	21	0	36
15	15	0	0	1	77	1	21	0	6
15	15	0	0	1	78	1	21	0	36
15	15	0	0	1	79	1	21	0	4
15	15	0	0	1	80	1	21	0	27
15	15	0	0	1	81	1	22	0	32
15	15	0	0	1	82	2	22	23	0	0	30	32
15	15	0	0	1	83	2	22	23	0	0	27	26
15	15	0	0	1	84	3	22	23	24	0	0	0	31	32	37
15	15	0	0	1	85	3	22	23	24	1	0	0	12	25	29
15	15	0	0	1	86	3	22	23	24	0	0	0	22	31	19
15	15	0	0	1	87	3	22	23	24	0	0	0	33	33	33
15	15	0	0	1	88	2	23	24	0	0	32	31
15	15	0	0	1	89	1	24	0	37
15	15	0	0	1	90	1	24	0	14
15	15	0	0	1	91	3	25	30	31	0	0	0	22	18	32
15	15	0	0	1	92	2	25	30	0	0	32	33
15	15	0	0	1	93	1	25	0	36
15	15	0	0	1	94	1	25	0	37
15	15	0	0	1	95	2	25	30	0	0	32	34
15	15	0	0	1	96	1	26	0	30
15	15	0	0	1	97	2	26	31	0	0	33	29
15	15	0	0	1	98	2	26	27	0	0	33	29
15	15	0	0	1	99	4	26	27	28	29	0	0	0	0	31	31	26	33
15	15	0	0	1	100	4	26	27	28	29	0	0	0	0	32	33	16	17
15	15	0	0	1	101	4	26	27	28	29	0	0	0	0	31	31	34	23
15	15	0	0	1	102	4	26	27	28	29	0	0	0	0	27	31	24	30
15	15	0	0	1	103	2	28	29	0	0	34	27
15	15	0	0	1	104	1	30	0	35
15	15	0	0	1	105	2	30	31	0	0	30	28
15	15	0	0	1	106	2	30	32	0	0	38	31
15	15	0	0	1	107	2	30	32	0	0	36	33
15	15	0	0	1	108	1	32	0	36
15	15	0	0	1	109	1	32	0	41
15	15	0	0	1	110	2	32	33	0	0	36	34
15	15	0	0	1	111	2	32	33	0	0	36	35
15	15	0	0	1	112	2	32	33	0	0	13	9
15	15	0	0	1	113	1	33	0	33
15	15	0	0	1	114	3	33	34	35	0	0	0	34	30	35
15	15	0	0	1	115	1	34	0	23
15	15	0	0	1	116	1	34	0	33
15	15	0	0	1	117	2	34	35	0	0	30	36
15	15	0	0	1	118	1	35	0	33
15	15	0	0	1	119	1	35	0	36
15	15	0	0	1	120	1	35	0	31
15	15	0	0	1	121	1	35	0	35
15	15	0	0	1	122	1	35	0	31
15	15	0	0	1	123	1	36	0	31
15	15	0	0	1	124	1	36	0	32
15	15	0	0	1	125	2	37	38	1	0	30	26
15	15	0	0	1	126	2	37	38	1	0	38	32
15	15	0	0	1	127	1	37	1	36
15	15	0	0	1	128	1	37	1	21
15	15	0	0	1	129	2	37	38	1	0	34	33
15	15	0	0	1	130	2	38	41	0	0	32	34
15	15	0	0	1	131	3	38	39	40	0	1	0	37	37	27
15	15	0	0	1	132	1	38	0	32
15	15	0	0	1	133	2	38	41	0	0	36	35
15	15	0	0	1	134	1	38	0	31
15	15	0	0	1	135	3	38	39	40	0	1	0	38	38	34
15	15	0	0	1	136	1	38	0	30
15	15	0	0	1	137	1	39	1	33
15	15	0	0	1	138	2	39	40	1	0	33	30
15	15	0	0	1	139	2	39	40	1	0	38	33
15	15	0	0	1	140	2	39	40	1	0	37	31
15	15	0	0	1	141	2	39	40	1	0	37	20
15	15	0	0	1	142	2	39	40	1	0	31	32
15	15	0	0	1	143	2	39	40	1	0	32	34
15	15	0	0	1	144	3	39	40	41	1	0	0	32	32	31
15	15	0	0	1	145	2	40	41	0	0	33	30
15	15	0	0	1	146	2	40	41	0	0	28	34
15	15	0	0	1	147	1	41	0	26
15	15	0	0	1	148	1	41	0	22
15	15	0	0	1	149	1	41	0	33
15	15	0	0	1	150	1	41	0	28
15	15	0	0	1	151	1	41	0	30
15	15	0	0	1	152	1	41	0	11
15	15	0	0	1	153	1	42	0	33
15	15	0	0	1	154	2	42	43	0	0	34	37
15	15	0	0	1	155	4	42	43	44	45	0	0	0	1	33	35	34	27
15	15	0	0	1	156	1	43	0	36
15	15	0	0	1	157	3	43	45	46	0	1	0	34	37	37
15	15	0	0	1	158	3	43	45	46	0	1	0	33	27	28
15	15	0	0	1	159	1	43	0	35
15	15	0	0	1	160	1	44	0	32
15	15	0	0	1	161	1	44	0	33
15	15	0	0	1	162	1	44	0	34
15	15	0	0	1	163	2	45	46	1	0	32	20
15	15	0	0	1	164	3	45	46	49	1	0	0	32	25	36
15	15	0	0	1	165	3	45	46	49	1	0	0	34	32	36
15	15	0	0	1	166	2	45	46	1	0	35	33
15	15	0	0	1	167	4	46	47	48	49	0	0	0	0	35	35	21	37
15	15	0	0	1	168	2	49	51	0	0	32	38
15	15	0	0	1	169	1	49	0	38
15	15	0	0	1	170	2	49	51	0	0	33	34
15	15	0	0	1	171	1	50	0	31
15	15	0	0	1	172	2	50	52	0	0	33	33
15	15	0	0	1	173	2	50	51	0	0	21	36
15	15	0	0	1	174	1	50	0	36
15	15	0	0	1	175	2	50	52	0	0	32	32
15	15	0	0	1	176	2	51	52	0	0	33	26
15	15	0	0	1	177	1	51	0	38
15	15	0	0	1	178	1	52	0	26
15	15	0	0	1	179	1	52	0	27
15	15	0	0	1	180	1	52	0	27
15	15	0	0	1	181	1	53	0	35
15	15	0	0	1	182	1	53	0	35
15	15	0	0	1	183	1	54	0	34
15	15	0	0	1	184	1	54	0	36
15	15	0	0	1	185	1	54	0	33
15	15	0	0	1	186	1	54	0	36
15	15	0	0	1	187	2	55	56	0	0	37	32
15	15	0	0	1	188	2	55	56	0	0	37	34
15	15	0	0	1	189	2	55	56	0	0	22	20
15	15	0	0	1	190	2	57	60	0	0	32	32
15	15	0	0	1	191	1	57	0	36
15	15	0	0	1	192	1	57	0	29
15	15	0	0	1	193	3	57	58	60	0	0	0	26	33	26
15	15	0	0	1	194	3	57	58	59	0	0	0	32	33	22
15	15	0	0	1	195	3	58	59	60	0	0	0	33	34	32
15	15	0	0	1	196	2	58	59	0	0	35	38
15	15	0	0	1	197	2	58	59	0	0	28	33
15	15	0	0	1	198	2	58	59	0	0	32	34
15	15	0	0	1	199	2	59	60	0	0	31	32
15	15	0	0	1	200	2	60	61	0	0	34	31
15	15	0	0	1	201	2	60	61	0	0	36	32
15	15	0	0	1	202	2	60	62	0	0	30	33
15	15	0	0	1	203	1	61	0	20
15	15	0	0	1	204	0
15	15	0	0	1	205	2	61	62	0	0	26	23
15	15	0	0	1	206	1	62	0	34
15	15	0	0	1	207	1	63	0	33
15	15	0	0	1	208	1	63	0	31
15	15	0	0	1	209	2	63	64	0	0	35	31
15	15	0	0	1	210	1	64	0	33
15	15	0	0	1	211	4	64	65	66	67	0	0	0	0	29	34	36	33
15	15	0	0	1	212	4	64	65	66	67	0	0	0	0	32	36	33	32
15	15	0	0	1	213	2	65	66	0	0	32	36
15	15	0	0	1	214	2	65	66	0	0	35	37
15	15	0	0	1	215	2	65	66	0	0	31	33
15	15	0	0	1	216	1	67	0	22
15	15	0	0	1	217	2	68	71	0	0	33	35
15	15	0	0	1	218	2	68	71	0	0	36	31
15	15	0	0	1	219	3	68	69	70	0	0	0	34	37	32
15	15	0	0	1	220	3	68	69	70	0	0	0	37	32	31
15	15	0	0	1	221	4	68	69	70	72	0	0	0	0	36	38	33	31
15	15	0	0	1	222	3	68	69	70	0	0	0	38	34	25
15	15	0	0	1	223	2	69	70	0	0	26	19
15	15	0	0	1	224	2	69	70	0	0	35	27
15	15	0	0	1	225	2	69	70	0	0	32	29
15	15	0	0	1	226	3	69	70	72	0	0	0	36	34	33
15	15	0	0	1	227	3	69	70	72	0	0	0	27	32	32
15	15	0	0	1	228	2	70	72	0	0	27	30
15	15	0	0	1	229	2	70	72	0	0	30	31
15	15	0	0	1	230	1	71	0	25
15	15	0	0	1	231	1	71	0	29
15	15	0	0	1	232	1	72	0	32
15	15	0	0	1	233	2	73	74	0	0	27	33
15	15	0	0	1	234	1	73	0	33
15	15	0	0	1	235	1	73	0	35
15	15	0	0	1	236	2	73	75	0	0	27	33
15	15	0	0	1	237	2	73	75	0	0	24	26
15	15	0	0	1	238	1	73	0	35
15	15	0	0	1	239	1	73	0	26
15	15	0	0	1	240	1	73	0	34
15	15	0	0	1	241	1	74	0	27
15	15	0	0	1	242	1	74	0	29
15	15	0	0	1	243	1	74	0	33
15	15	0	0	1	244	1	74	0	31
15	15	0	0	1	245	3	74	76	77	0	0	0	32	34	34
15	15	0	0	1	246	1	74	0	31
15	15	0	0	1	247	1	74	0	35
15	15	0	0	1	248	3	74	76	77	0	0	0	28	32	27
15	15	0	0	1	249	2	76	77	0	0	21	31
15	15	0	0	1	250	2	76	77	0	0	32	14
15	15	0	0	1	251	2	76	77	0	0	18	33
15	15	0	0	1	252	3	76	77	80	0	0	1	33	35	33
15	15	0	0	1	253	4	76	77	78	79	0	0	0	0	32	32	37	37
15	15	0	0	1	254	3	76	77	78	0	0	0	23	11	33
15	15	0	0	1	255	4	76	77	78	80	0	0	0	1	28	21	23	30
15	15	0	0	1	256	1	78	0	32
15	15	0	0	1	257	2	78	80	0	1	37	32
15	15	0	0	1	258	1	78	0	24
15	15	0	0	1	259	3	79	81	82	0	0	0	31	11	26
15	15	0	0	1	260	3	79	81	82	0	0	0	35	32	30
15	15	0	0	1	261	1	79	0	29
15	15	0	0	1	262	3	79	81	82	0	0	0	30	33	30
15	15	0	0	1	263	1	79	0	36
15	15	0	0	1	264	1	79	0	32
15	15	0	0	1	265	1	80	1	33
15	15	0	0	1	266	1	80	1	37
15	15	0	0	1	267	1	80	1	30
15	15	0	0	1	268	2	80	83	1	0	37	34
15	15	0	0	1	269	3	81	81	82	0	0	0	31	37	33
15	15	0	0	1	270	2	81	83	0	0	29	36
15	15	0	0	1	271	4	81	82	84	85	0	0	0	0	32	35	30	32
15	15	0	0	1	272	1	82	0	32
15	15	0	0	1	273	1	83	0	32
15	15	0	0	1	274	1	83	0	19
15	15	0	0	1	275	1	83	0	32
15	15	0	0	1	276	2	84	85	0	0	32	24
15	15	0	0	1	277	2	84	85	0	0	37	26
15	15	0	0	1	278	2	84	85	0	0	36	32
15	15	0	0	1	279	2	84	85	0	0	32	30
15	15	0	0	1	280	4	86	87	91	92	0	0	0	0	29	37	30	27
15	15	0	0	1	281	4	86	87	88	89	0	0	0	0	36	37	35	36
15	15	0	0	1	282	6	86	87	88	89	92	93	0	0	0	0	0	0	33	38	36	36	36	37
15	15	0	0	1	283	4	86	87	88	89	0	0	0	0	34	36	34	35
15	15	0	0	1	284	3	88	89	93	0	0	0	36	37	37
15	15	0	0	1	285	1	89	0	33
15	15	0	0	1	286	1	90	0	22
15	15	0	0	1	287	1	90	0	37
15	15	0	0	1	288	1	90	0	35
15	15	0	0	1	289	2	90	93	0	0	30	32
15	15	0	0	1	290	4	91	92	94	95	0	0	0	0	25	36	36	36
15	15	0	0	1	291	1	93	0	19
15	15	0	0	1	292	2	94	95	0	0	30	13
15	15	0	0	1	293	4	96	97	98	99	0	0	0	0	38	36	36	35
15	15	0	0	1	294	1	96	0	37
15	15	0	0	1	295	1	96	0	38
15	15	0	0	1	296	1	96	0	35
15	15	0	0	1	297	1	96	0	37
15	15	0	0	1	298	2	96	97	0	0	36	28
15	15	0	0	1	299	2	97	98	0	0	35	33
15	15	0	0	1	300	4	97	98	99	100	0	0	0	0	31	35	36	19
15	15	0	0	1	301	4	97	98	99	100	0	0	0	0	27	33	35	33
15	15	0	0	1	302	2	99	100	0	0	34	35
15	15	0	0	1	303	2	99	100	0	0	37	38
15	15	0	0	1	304	2	99	100	0	0	16	28
15	15	0	0	1	305	2	99	100	0	0	36	38
15	15	0	0	1	306	2	99	100	0	0	34	32
