15	15	0	0	1	1	2	6	0	0	0
15	15	0	0	1	3	4	2	0	0	0
15	15	0	0	1	5	6	2	0	0	0
15	15	0	0	1	6	7	1	0	0	0
15	15	0	0	1	7	8	0	1	0	0
15	15	0	0	1	10	11	5	0	0	0
15	15	0	0	1	11	12	3	0	0	0
15	15	0	0	1	12	13	3	0	0	0
15	15	0	0	1	13	14	3	0	0	0
15	15	0	0	1	16	17	0	0	1	0
15	15	0	0	1	17	18	1	0	0	0
15	15	0	0	1	18	19	5	0	0	0
15	15	0	0	1	19	20	1	0	0	0
15	15	0	0	1	20	21	3	0	0	0
15	15	0	0	1	22	23	2	0	0	0
15	15	0	0	1	23	24	5	0	0	0
15	15	0	0	1	26	27	1	0	0	0
15	15	0	0	1	27	28	4	0	0	0
15	15	0	0	1	28	29	1	0	0	0
15	15	0	0	1	30	31	2	0	0	0
15	15	0	0	1	32	33	3	0	0	0
15	15	0	0	1	34	35	2	0	0	0
15	15	0	0	1	37	38	0	0	3	0
15	15	0	0	1	39	40	0	0	8	0
15	15	0	0	1	40	41	3	0	0	0
15	15	0	0	1	42	43	1	0	0	0
15	15	0	0	1	43	44	1	0	0	0
15	15	0	0	1	45	46	0	0	6	0
15	15	0	0	1	47	48	1	0	0	0
15	15	0	0	1	50	51	1	0	0	0
15	15	0	0	1	51	52	1	0	0	0
15	15	0	0	1	55	56	3	0	0	0
15	15	0	0	1	57	58	1	0	0	0
15	15	0	0	1	58	59	4	0	0	0
15	15	0	0	1	59	60	2	0	0	0
15	15	0	0	1	60	61	2	0	0	0
15	15	0	0	1	61	62	1	0	0	0
15	15	0	0	1	63	64	1	0	0	0
15	15	0	0	1	65	66	5	0	0	0
15	15	0	0	1	69	70	9	0	0	0
15	15	0	0	1	73	74	1	0	0	0
15	15	0	0	1	76	77	6	0	0	0
15	15	0	0	1	77	78	3	0	0	0
15	15	0	0	1	81	82	5	0	0	0
15	15	0	0	1	84	85	5	0	0	0
15	15	0	0	1	86	87	1	0	0	0
15	15	0	0	1	87	88	3	0	0	0
15	15	0	0	1	88	89	1	0	0	0
15	15	0	0	1	91	92	2	0	0	0
15	15	0	0	1	92	93	1	0	0	0
15	15	0	0	1	94	95	2	0	0	0
15	15	0	0	1	96	97	1	0	0	0
15	15	0	0	1	97	98	2	0	0	0
15	15	0	0	1	98	99	2	0	0	0
15	15	0	0	1	99	100	5	0	0	0
