25	25	0	0	1	1	4	1	2	3	4	0	0	0	0	38	40	34	38
25	25	0	0	1	2	8	1	2	3	4	5	6	7	8	0	0	0	0	0	0	0	1	44	34	34	39	42	39	35	31
25	25	0	0	1	3	1	1	0	33
25	25	0	0	1	4	2	1	2	0	0	31	34
25	25	0	0	1	5	7	3	4	5	6	7	8	9	0	0	0	0	0	1	0	35	37	43	40	37	38	19
25	25	0	0	1	6	2	3	4	0	0	34	34
25	25	0	0	1	7	2	3	4	0	0	32	35
25	25	0	0	1	8	1	4	0	37
25	25	0	0	1	9	2	5	7	0	0	35	35
25	25	0	0	1	10	3	7	8	9	0	1	0	41	38	44
25	25	0	0	1	11	1	9	0	43
25	25	0	0	1	12	1	9	0	38
25	25	0	0	1	13	1	10	0	35
25	25	0	0	1	14	4	10	10	11	11	0	0	0	0	31	29	29	33
25	25	0	0	1	15	2	10	11	0	0	38	39
25	25	0	0	1	16	3	10	11	13	0	0	0	35	36	9
25	25	0	0	1	17	2	10	11	0	0	34	36
25	25	0	0	1	18	2	11	12	0	0	16	19
25	25	0	0	1	19	3	12	13	14	0	0	0	30	41	43
25	25	0	0	1	20	1	14	0	38
25	25	0	0	1	21	1	14	0	16
25	25	0	0	1	22	1	14	0	30
25	25	0	0	1	23	1	15	0	40
25	25	0	0	1	24	1	16	1	38
25	25	0	0	1	25	2	16	17	1	0	35	25
25	25	0	0	1	26	5	17	18	19	20	21	0	0	0	0	0	19	43	42	32	43
25	25	0	0	1	27	1	17	0	32
25	25	0	0	1	28	1	17	0	36
25	25	0	0	1	29	1	17	0	28
25	25	0	0	1	30	1	17	0	25
25	25	0	0	1	31	1	17	0	32
25	25	0	0	1	32	1	18	0	29
25	25	0	0	1	33	2	20	21	0	0	33	37
25	25	0	0	1	34	1	20	0	26
25	25	0	0	1	35	2	20	21	0	0	30	19
25	25	0	0	1	36	1	21	0	24
25	25	0	0	1	37	1	21	0	33
25	25	0	0	1	38	1	21	0	19
25	25	0	0	1	39	1	21	0	34
25	25	0	0	1	40	1	22	0	31
25	25	0	0	1	41	3	22	23	24	0	0	0	31	31	36
25	25	0	0	1	42	2	23	24	0	0	34	38
25	25	0	0	1	43	11	25	26	27	28	29	30	31	32	33	34	35	0	0	0	0	0	0	0	0	0	0	0	33	44	43	34	39	28	44	44	46	22	43
25	25	0	0	1	44	11	25	26	27	28	29	30	31	32	33	34	35	0	0	0	0	0	0	0	0	0	0	0	32	40	45	38	43	37	44	43	44	37	37
25	25	0	0	1	45	4	25	28	29	30	0	0	0	0	32	11	21	31
25	25	0	0	1	46	2	25	31	0	0	36	33
25	25	0	0	1	47	11	25	26	27	28	29	30	31	32	33	34	35	0	0	0	0	0	0	0	0	0	0	0	34	41	41	32	38	34	39	43	43	25	37
25	25	0	0	1	48	2	26	27	0	0	33	35
25	25	0	0	1	49	2	26	27	0	0	35	34
25	25	0	0	1	50	4	26	27	28	29	0	0	0	0	33	32	25	32
25	25	0	0	1	51	4	26	27	28	29	0	0	0	0	36	36	28	35
25	25	0	0	1	52	3	27	28	29	0	0	0	22	28	22
25	25	0	0	1	53	3	27	28	29	0	0	0	29	25	36
25	25	0	0	1	54	3	28	29	30	0	0	0	34	22	21
25	25	0	0	1	55	1	31	0	37
25	25	0	0	1	56	1	32	0	4
25	25	0	0	1	57	2	33	34	0	0	28	20
25	25	0	0	1	58	2	34	35	0	0	27	36
25	25	0	0	1	59	2	35	36	0	0	35	49
25	25	0	0	1	60	1	35	0	25
25	25	0	0	1	61	1	35	0	36
25	25	0	0	1	62	1	35	0	36
25	25	0	0	1	63	1	35	0	38
25	25	0	0	1	64	1	35	0	35
25	25	0	0	1	65	1	36	0	32
25	25	0	0	1	66	1	36	0	33
25	25	0	0	1	67	1	36	0	34
25	25	0	0	1	68	1	36	0	11
25	25	0	0	1	69	1	36	0	33
25	25	0	0	1	70	1	36	0	35
25	25	0	0	1	71	1	36	0	27
25	25	0	0	1	72	2	37	37	1	1	34	33
25	25	0	0	1	73	1	37	1	35
25	25	0	0	1	74	2	37	38	1	0	37	37
25	25	0	0	1	75	1	37	1	27
25	25	0	0	1	76	5	39	40	41	42	43	1	0	0	0	0	29	32	38	36	37
25	25	0	0	1	77	3	45	46	49	1	0	0	34	27	37
25	25	0	0	1	78	3	46	47	48	0	0	0	39	29	37
25	25	0	0	1	79	3	47	48	49	0	0	0	36	29	20
25	25	0	0	1	80	7	48	49	50	51	52	53	54	0	0	0	0	0	0	0	47	39	43	28	33	37	35
25	25	0	0	1	81	2	49	51	0	0	39	32
25	25	0	0	1	82	1	49	0	26
25	25	0	0	1	83	1	49	0	40
25	25	0	0	1	84	1	49	0	33
25	25	0	0	1	85	2	50	51	0	0	34	38
25	25	0	0	1	86	2	50	52	0	0	32	33
25	25	0	0	1	87	1	50	0	23
25	25	0	0	1	88	1	52	0	20
25	25	0	0	1	89	1	52	0	19
25	25	0	0	1	90	1	52	0	28
25	25	0	0	1	91	1	53	0	34
25	25	0	0	1	92	1	57	1	17
25	25	0	0	1	93	3	58	59	60	0	0	0	35	34	19
25	25	0	0	1	94	1	59	0	38
25	25	0	0	1	95	2	60	62	0	0	35	34
25	25	0	0	1	96	1	61	0	28
25	25	0	0	1	97	6	62	63	64	65	66	67	0	0	0	0	0	0	42	44	43	41	44	33
25	25	0	0	1	98	1	62	0	35
25	25	0	0	1	99	1	62	0	35
25	25	0	0	1	100	3	63	65	66	0	0	0	36	35	32
25	25	0	0	1	101	4	64	65	66	67	0	0	0	0	28	34	37	35
25	25	0	0	1	102	1	64	0	29
25	25	0	0	1	103	6	65	66	67	68	69	70	0	0	0	0	0	0	43	32	29	39	39	50
25	25	0	0	1	104	1	65	0	27
25	25	0	0	1	105	3	65	66	67	0	0	0	33	25	22
25	25	0	0	1	106	3	65	66	67	0	0	0	35	37	30
25	25	0	0	1	107	5	68	69	70	71	72	0	0	0	0	0	39	42	32	37	25
25	25	0	0	1	108	1	68	0	35
25	25	0	0	1	109	2	68	69	0	0	33	33
25	25	0	0	1	110	2	68	69	0	0	39	12
25	25	0	0	1	111	2	71	72	0	0	36	33
25	25	0	0	1	112	1	71	0	36
25	25	0	0	1	113	11	72	73	74	75	76	77	78	79	80	81	82	0	0	0	0	0	0	0	0	1	0	0	19	43	43	42	41	45	44	39	44	36	41
25	25	0	0	1	114	13	73	74	75	76	77	78	79	80	81	82	83	84	85	0	0	0	0	0	0	0	1	0	0	0	0	0	38	27	38	45	44	45	36	43	41	44	35	39	41
25	25	0	0	1	115	1	73	0	33
25	25	0	0	1	116	1	73	0	31
25	25	0	0	1	117	1	74	0	21
25	25	0	0	1	118	2	74	75	0	0	24	35
25	25	0	0	1	119	1	74	0	33
25	25	0	0	1	120	11	75	76	77	78	79	80	81	82	83	84	85	0	0	0	0	0	1	0	0	0	0	0	35	29	42	43	32	44	37	46	40	35	44
25	25	0	0	1	121	2	75	78	0	0	35	32
25	25	0	0	1	122	2	75	79	0	0	34	34
25	25	0	0	1	123	2	76	77	0	0	35	34
25	25	0	0	1	124	3	76	77	80	0	0	1	25	38	29
25	25	0	0	1	125	3	76	77	78	0	0	0	27	16	34
25	25	0	0	1	126	4	76	77	78	80	0	0	0	1	32	32	36	33
25	25	0	0	1	127	2	77	78	0	0	30	38
25	25	0	0	1	128	1	79	0	28
25	25	0	0	1	129	1	79	0	40
25	25	0	0	1	130	2	79	82	0	0	30	24
25	25	0	0	1	131	15	79	80	81	82	83	84	85	86	87	88	89	90	91	92	93	0	1	0	0	0	0	0	0	0	0	0	0	0	0	0	28	41	38	46	35	31	38	45	33	26	44	45	43	43	38
25	25	0	0	1	132	1	80	1	33
25	25	0	0	1	133	2	81	82	0	0	28	33
25	25	0	0	1	134	2	81	82	0	0	31	30
25	25	0	0	1	135	1	82	0	19
25	25	0	0	1	136	1	82	0	34
25	25	0	0	1	137	1	84	0	31
25	25	0	0	1	138	1	84	0	26
25	25	0	0	1	139	2	84	85	0	0	30	32
25	25	0	0	1	140	15	86	87	88	89	90	91	92	93	94	95	96	97	98	99	100	0	0	1	0	0	0	0	0	0	0	0	0	0	0	0	45	32	26	32	39	41	38	41	43	39	41	30	41	21	34
25	25	0	0	1	141	4	90	91	92	93	0	0	0	0	30	36	35	35
25	25	0	0	1	142	10	91	92	93	94	95	96	97	98	99	100	0	0	0	0	0	0	0	0	0	1	39	25	32	29	34	40	38	34	23	39
25	25	0	0	1	143	5	91	92	93	94	95	0	0	0	0	0	31	34	29	35	26
25	25	0	0	1	144	1	96	0	40
