30	30	0	0	1	1	2	2	0	0	0
30	30	0	0	1	3	4	5	0	0	0
30	30	0	0	1	5	6	1	0	0	0
30	30	0	0	1	7	8	1	0	0	0
30	30	0	0	1	10	11	1	0	0	0
30	30	0	0	1	11	12	1	0	0	0
30	30	0	0	1	15	16	1	1	0	0
30	30	0	0	1	17	18	4	0	0	0
30	30	0	0	1	18	19	1	0	0	0
30	30	0	0	1	19	20	1	0	0	0
30	30	0	0	1	20	21	2	0	0	0
30	30	0	0	1	21	22	1	0	0	0
30	30	0	0	1	22	23	5	0	0	0
30	30	0	0	1	23	24	1	0	0	0
30	30	0	0	1	24	25	1	0	0	0
30	30	0	0	1	25	26	3	0	0	0
30	30	0	0	1	26	27	3	0	0	0
30	30	0	0	1	27	28	4	0	0	0
30	30	0	0	1	28	29	1	0	0	0
30	30	0	0	1	29	30	3	0	0	0
30	30	0	0	1	31	32	0	0	0	4
30	30	0	0	1	32	33	1	0	0	0
30	30	0	0	1	33	34	3	0	0	0
30	30	0	0	1	34	35	1	0	0	0
30	30	0	0	1	35	36	1	0	0	0
30	30	0	0	1	38	39	0	1	0	0
30	30	0	0	1	40	41	5	0	0	0
30	30	0	0	1	42	43	1	0	0	0
30	30	0	0	1	45	46	2	0	1	0
30	30	0	0	1	46	47	1	0	0	0
30	30	0	0	1	47	48	1	0	0	0
30	30	0	0	1	51	52	1	0	0	0
30	30	0	0	1	53	54	1	0	0	0
30	30	0	0	1	54	55	1	0	0	0
30	30	0	0	1	55	56	2	0	0	0
30	30	0	0	1	56	57	1	0	0	0
30	30	0	0	1	57	58	2	0	0	0
30	30	0	0	1	58	59	3	0	0	0
30	30	0	0	1	59	60	2	0	0	0
30	30	0	0	1	61	62	3	0	0	0
30	30	0	0	1	63	64	3	0	0	0
30	30	0	0	1	64	65	1	0	0	0
30	30	0	0	1	65	66	3	0	0	0
30	30	0	0	1	68	69	4	0	0	0
30	30	0	0	1	69	70	2	0	0	0
30	30	0	0	1	70	71	2	0	0	0
30	30	0	0	1	75	76	1	0	0	0
30	30	0	0	1	81	82	2	0	0	0
30	30	0	0	1	83	84	1	1	0	0
30	30	0	0	1	84	85	0	0	2	0
30	30	0	0	1	85	86	2	0	0	0
30	30	0	0	1	86	87	2	0	0	0
30	30	0	0	1	87	88	1	1	0	0
30	30	0	0	1	88	89	1	0	0	0
30	30	0	0	1	89	90	2	0	0	0
30	30	0	0	1	90	91	1	0	0	0
30	30	0	0	1	91	92	2	0	0	0
30	30	0	0	1	92	93	1	0	0	0
30	30	0	0	1	93	94	1	1	0	0
30	30	0	0	1	94	95	2	0	0	0
30	30	0	0	1	95	96	1	0	0	0
30	30	0	0	1	96	97	4	0	0	0
30	30	0	0	1	97	98	6	0	0	0
30	30	0	0	1	98	99	2	0	0	0
30	30	0	0	1	99	100	3	0	0	0
