30	30	0	0	1	1	4	1	2	3	4	0	0	0	0	38	42	41	37
30	30	0	0	1	2	7	1	2	3	4	5	6	7	0	0	0	0	0	0	0	30	41	30	31	38	33	40
30	30	0	0	1	3	2	3	4	0	0	14	33
30	30	0	0	1	4	2	3	4	0	0	37	38
30	30	0	0	1	5	2	3	4	0	0	37	37
30	30	0	0	1	6	1	6	0	30
30	30	0	0	1	7	1	7	0	38
30	30	0	0	1	8	2	7	8	0	0	38	37
30	30	0	0	1	9	1	8	0	36
30	30	0	0	1	10	1	8	1	35
30	30	0	0	1	11	1	9	0	41
30	30	0	0	1	12	2	10	13	0	0	31	14
30	30	0	0	1	13	1	10	0	31
30	30	0	0	1	14	2	10	11	0	0	30	35
30	30	0	0	1	15	2	11	12	0	0	37	19
30	30	0	0	1	16	1	13	0	35
30	30	0	0	1	17	1	14	0	35
30	30	0	0	1	18	1	14	0	25
30	30	0	0	1	19	1	14	0	27
30	30	0	0	1	20	1	14	0	36
30	30	0	0	1	21	4	15	16	18	19	0	1	0	0	38	36	22	23
30	30	0	0	1	22	5	15	16	17	18	19	0	0	0	0	0	37	36	33	40	41
30	30	0	0	1	23	1	16	1	22
30	30	0	0	1	24	1	16	0	36
30	30	0	0	1	25	7	17	18	19	20	21	22	23	0	0	0	0	0	0	0	39	34	30	42	36	33	30
30	30	0	0	1	26	2	17	18	0	0	35	23
30	30	0	0	1	27	2	17	18	0	0	33	24
30	30	0	0	1	28	1	18	0	34
30	30	0	0	1	29	1	18	0	26
30	30	0	0	1	30	1	19	0	33
30	30	0	0	1	31	1	19	0	23
30	30	0	0	1	32	5	20	21	22	23	24	0	0	0	0	0	36	42	37	41	35
30	30	0	0	1	33	5	20	21	22	23	24	0	0	0	0	0	27	39	38	42	37
30	30	0	0	1	34	1	20	0	38
30	30	0	0	1	35	8	22	23	24	25	26	27	28	29	0	0	0	0	0	0	0	0	45	45	39	22	32	26	34	33
30	30	0	0	1	36	2	22	23	0	0	33	26
30	30	0	0	1	37	3	22	23	24	0	0	0	31	31	34
30	30	0	0	1	38	2	23	24	0	0	31	39
30	30	0	0	1	39	1	24	0	40
30	30	0	0	1	40	9	25	26	27	28	29	30	31	32	33	0	0	0	0	0	0	1	1	0	30	41	42	38	46	37	31	42	43
30	30	0	0	1	41	11	25	26	27	28	29	30	31	32	33	34	35	0	0	0	0	0	0	1	1	0	0	0	41	42	43	45	36	37	46	39	39	40	44
30	30	0	0	1	42	5	25	26	27	28	29	0	0	0	0	0	33	37	37	27	35
30	30	0	0	1	43	1	25	0	33
30	30	0	0	1	44	1	25	0	36
30	30	0	0	1	45	1	25	0	39
30	30	0	0	1	46	2	26	27	0	0	36	35
30	30	0	0	1	47	2	26	27	0	0	5	18
30	30	0	0	1	48	8	27	28	29	30	31	32	33	34	0	0	0	0	1	1	0	0	37	37	32	28	40	36	38	34
30	30	0	0	1	49	3	31	32	33	1	1	0	32	21	19
30	30	0	0	1	50	2	31	33	1	0	29	24
30	30	0	0	1	51	1	32	1	37
30	30	0	0	1	52	5	32	33	34	35	36	0	0	0	0	0	36	35	38	41	22
30	30	0	0	1	53	1	33	0	29
30	30	0	0	1	54	2	33	34	0	0	34	21
30	30	0	0	1	55	1	34	0	33
30	30	0	0	1	56	1	34	0	25
30	30	0	0	1	57	3	35	36	37	0	0	1	44	33	37
30	30	0	0	1	58	1	35	0	27
30	30	0	0	1	59	1	35	0	34
30	30	0	0	1	60	1	36	0	36
30	30	0	0	1	61	0
30	30	0	0	1	62	1	36	0	31
30	30	0	0	1	63	1	37	1	28
30	30	0	0	1	64	4	38	39	40	41	0	1	0	0	40	22	25	29
30	30	0	0	1	65	1	38	0	34
30	30	0	0	1	66	1	38	0	39
30	30	0	0	1	67	2	40	41	0	0	32	23
30	30	0	0	1	68	5	40	41	42	43	44	0	0	0	0	0	29	40	41	40	50
30	30	0	0	1	69	2	40	41	0	0	32	24
30	30	0	0	1	70	2	40	41	0	0	8	12
30	30	0	0	1	71	3	43	45	46	0	0	0	29	34	34
30	30	0	0	1	72	1	44	0	38
30	30	0	0	1	73	5	45	46	46	47	48	1	0	0	0	0	38	38	18	12	29
30	30	0	0	1	74	2	45	46	0	0	23	12
30	30	0	0	1	75	1	46	0	17
30	30	0	0	1	76	3	47	48	49	0	0	0	28	22	37
30	30	0	0	1	77	1	49	0	34
30	30	0	0	1	78	2	49	51	0	0	35	36
30	30	0	0	1	79	2	51	52	0	0	30	37
30	30	0	0	1	80	1	51	0	33
30	30	0	0	1	81	1	52	0	27
30	30	0	0	1	82	2	53	54	0	0	36	29
30	30	0	0	1	83	7	54	55	56	57	58	59	60	0	0	0	0	0	0	0	38	36	40	40	36	31	30
30	30	0	0	1	84	8	55	56	57	58	59	60	61	62	0	0	0	0	0	0	0	0	40	44	40	39	37	46	40	38
30	30	0	0	1	85	4	55	56	58	59	0	0	0	0	33	27	19	33
30	30	0	0	1	86	10	57	58	59	60	61	62	63	64	65	66	0	0	0	0	0	0	0	0	0	0	34	25	30	35	44	40	43	39	43	40
30	30	0	0	1	87	2	57	60	0	0	37	37
30	30	0	0	1	88	2	58	59	0	0	35	38
30	30	0	0	1	89	1	61	0	33
30	30	0	0	1	90	1	61	0	26
30	30	0	0	1	91	1	61	0	34
30	30	0	0	1	92	1	61	0	33
30	30	0	0	1	93	7	61	62	63	64	65	66	67	0	0	0	0	0	0	0	37	34	43	42	45	38	42
30	30	0	0	1	94	1	62	0	38
30	30	0	0	1	95	1	62	0	33
30	30	0	0	1	96	3	63	65	66	0	0	0	33	37	35
30	30	0	0	1	97	2	63	64	0	0	30	34
30	30	0	0	1	98	3	64	65	66	0	0	0	33	38	36
30	30	0	0	1	99	1	64	0	35
30	30	0	0	1	100	5	68	69	70	71	72	0	0	0	0	0	41	35	38	41	29
30	30	0	0	1	101	2	68	71	0	0	36	36
30	30	0	0	1	102	2	68	71	0	0	35	26
30	30	0	0	1	103	1	68	0	26
30	30	0	0	1	104	2	68	71	0	0	36	19
30	30	0	0	1	105	2	68	71	0	0	27	31
30	30	0	0	1	106	2	68	69	0	0	30	33
30	30	0	0	1	107	4	68	69	70	71	0	0	0	0	37	33	27	37
30	30	0	0	1	108	3	68	69	70	0	0	0	35	31	16
30	30	0	0	1	109	2	69	70	0	0	11	18
30	30	0	0	1	110	3	69	70	72	0	0	0	27	30	37
30	30	0	0	1	111	1	72	0	8
30	30	0	0	1	112	1	72	0	37
30	30	0	0	1	113	1	72	0	15
30	30	0	0	1	114	1	73	0	36
30	30	0	0	1	115	2	73	75	0	0	29	35
30	30	0	0	1	116	1	73	0	31
30	30	0	0	1	117	1	74	0	31
30	30	0	0	1	118	1	74	0	27
30	30	0	0	1	119	3	75	76	77	0	0	0	23	30	29
30	30	0	0	1	120	2	75	78	0	0	21	34
30	30	0	0	1	121	2	75	78	0	0	32	15
30	30	0	0	1	122	2	78	80	0	1	37	29
30	30	0	0	1	123	3	79	81	82	0	0	0	35	16	27
30	30	0	0	1	124	1	80	1	29
30	30	0	0	1	125	1	80	1	29
30	30	0	0	1	126	3	81	82	83	0	0	0	38	40	37
30	30	0	0	1	127	13	83	84	85	86	87	88	89	90	91	92	93	94	95	0	0	0	0	0	1	0	0	0	0	0	0	0	32	36	40	35	37	33	36	44	41	41	39	37	42
30	30	0	0	1	128	13	83	84	85	86	87	88	89	90	91	92	93	94	95	0	1	0	0	0	0	0	0	0	0	0	1	0	26	40	42	50	23	28	30	38	39	32	23	37	32
30	30	0	0	1	129	1	84	1	18
30	30	0	0	1	130	2	84	85	1	0	32	32
30	30	0	0	1	131	2	84	85	1	0	35	35
30	30	0	0	1	132	1	85	0	34
30	30	0	0	1	133	15	86	87	88	89	90	91	92	93	94	95	96	97	98	99	100	0	0	0	0	0	0	0	0	0	0	0	0	0	0	0	27	27	19	42	43	28	41	32	37	39	32	29	30	40	41
30	30	0	0	1	134	3	86	87	88	0	0	0	36	37	34
30	30	0	0	1	135	1	89	0	35
30	30	0	0	1	136	1	90	0	35
30	30	0	0	1	137	1	90	0	36
30	30	0	0	1	138	1	90	0	34
30	30	0	0	1	139	1	93	0	28
30	30	0	0	1	140	7	94	95	96	97	98	99	100	0	0	0	0	0	0	0	42	37	40	31	37	23	28
30	30	0	0	1	141	2	95	96	0	0	32	36
30	30	0	0	1	142	1	96	0	38
30	30	0	0	1	143	1	96	0	39
30	30	0	0	1	144	2	96	97	0	0	37	27
30	30	0	0	1	145	2	96	97	0	0	16	11
30	30	0	0	1	146	2	97	98	0	0	32	32
30	30	0	0	1	147	3	97	98	99	0	0	0	33	31	33
30	30	0	0	1	148	4	97	98	99	100	0	0	0	0	23	25	38	38
30	30	0	0	1	149	3	97	98	99	0	0	0	36	35	33
30	30	0	0	1	150	4	97	98	99	100	0	0	0	0	32	36	35	32
30	30	0	0	1	151	4	97	98	99	100	0	0	0	0	31	39	34	40
