17	17	0	0	1	1	4	1	2	5	6	0	0	0	0	31	24	33	31
17	17	0	0	1	2	2	1	2	0	0	4	36
17	17	0	0	1	3	2	1	2	0	0	32	34
17	17	0	0	1	4	3	1	2	3	0	0	0	20	25	28
17	17	0	0	1	5	2	3	4	0	0	4	37
17	17	0	0	1	6	2	3	4	0	0	33	37
17	17	0	0	1	7	2	3	4	0	0	34	37
17	17	0	0	1	8	3	3	4	5	0	0	0	31	34	33
17	17	0	0	1	9	1	4	0	28
17	17	0	0	1	10	1	5	0	23
17	17	0	0	1	11	2	5	6	0	0	29	28
17	17	0	0	1	12	1	7	0	29
17	17	0	0	1	13	2	7	8	0	0	29	27
17	17	0	0	1	14	1	8	1	34
17	17	0	0	1	15	1	8	1	34
17	17	0	0	1	16	1	9	0	30
17	17	0	0	1	17	1	9	0	30
17	17	0	0	1	18	2	10	11	0	0	31	31
17	17	0	0	1	19	2	10	11	0	0	20	2
17	17	0	0	1	20	1	10	0	31
17	17	0	0	1	21	1	10	0	34
17	17	0	0	1	22	2	10	14	0	0	26	27
17	17	0	0	1	23	2	10	11	0	0	33	31
17	17	0	0	1	24	2	10	11	0	0	30	28
17	17	0	0	1	25	4	10	11	12	13	0	0	0	0	31	32	32	32
17	17	0	0	1	26	2	11	12	0	0	28	26
17	17	0	0	1	27	2	12	13	0	0	26	14
17	17	0	0	1	28	4	12	12	13	13	0	0	0	0	33	27	26	28
17	17	0	0	1	29	1	13	0	29
17	17	0	0	1	30	2	13	14	0	0	28	32
17	17	0	0	1	31	1	14	0	26
17	17	0	0	1	32	1	14	0	33
17	17	0	0	1	33	1	14	0	27
17	17	0	0	1	34	1	14	0	30
17	17	0	0	1	35	1	14	0	35
17	17	0	0	1	36	1	14	0	35
17	17	0	0	1	37	1	14	0	36
17	17	0	0	1	38	1	14	0	15
17	17	0	0	1	39	1	14	0	29
17	17	0	0	1	40	1	15	0	33
17	17	0	0	1	41	2	15	16	0	0	31	25
17	17	0	0	1	42	2	15	16	0	0	33	25
17	17	0	0	1	43	2	15	16	0	0	32	33
17	17	0	0	1	44	3	16	18	19	0	0	0	32	30	35
17	17	0	0	1	45	4	16	17	18	19	0	0	0	0	32	26	32	36
17	17	0	0	1	46	2	16	19	0	0	30	31
17	17	0	0	1	47	4	16	17	18	19	1	0	0	0	34	26	33	36
17	17	0	0	1	48	1	16	0	31
17	17	0	0	1	49	1	17	0	25
17	17	0	0	1	50	5	17	17	18	18	19	0	0	0	0	0	32	26	22	33	35
17	17	0	0	1	51	2	17	21	0	0	32	32
17	17	0	0	1	52	3	17	18	19	0	0	0	26	33	36
17	17	0	0	1	53	2	18	20	0	0	22	21
17	17	0	0	1	54	2	18	19	0	0	4	36
17	17	0	0	1	55	1	19	0	35
17	17	0	0	1	56	1	20	0	34
17	17	0	0	1	57	1	20	0	32
17	17	0	0	1	58	1	20	0	36
17	17	0	0	1	59	2	20	21	0	0	35	17
17	17	0	0	1	60	1	20	0	29
17	17	0	0	1	61	2	20	21	0	0	33	36
17	17	0	0	1	62	2	20	21	0	0	35	30
17	17	0	0	1	63	2	20	21	0	0	35	32
17	17	0	0	1	64	1	21	0	36
17	17	0	0	1	65	1	21	0	34
17	17	0	0	1	66	2	22	23	0	0	32	32
17	17	0	0	1	67	2	22	23	0	0	30	29
17	17	0	0	1	68	3	22	23	24	0	0	0	33	31	30
17	17	0	0	1	69	2	22	23	0	0	4	17
17	17	0	0	1	70	2	22	23	0	0	26	31
17	17	0	0	1	71	3	22	23	24	0	0	0	29	13	31
17	17	0	0	1	72	3	22	23	24	0	0	0	22	25	26
17	17	0	0	1	73	3	22	23	24	0	0	0	22	17	28
17	17	0	0	1	74	3	22	23	24	0	0	0	25	26	31
17	17	0	0	1	75	3	22	23	24	0	0	0	33	31	36
17	17	0	0	1	76	2	23	24	0	0	31	33
17	17	0	0	1	77	1	24	0	28
17	17	0	0	1	78	1	24	0	36
17	17	0	0	1	79	1	24	0	30
17	17	0	0	1	80	3	25	30	31	0	0	0	26	34	36
17	17	0	0	1	81	3	25	30	31	0	0	1	33	35	25
17	17	0	0	1	82	2	25	31	0	1	32	20
17	17	0	0	1	83	1	25	0	35
17	17	0	0	1	84	2	25	26	0	0	30	22
17	17	0	0	1	85	7	26	27	28	29	30	32	33	0	0	0	0	0	0	0	33	32	30	24	32	33	35
17	17	0	0	1	86	3	28	29	30	0	0	0	23	20	31
17	17	0	0	1	87	5	30	31	32	33	34	0	0	0	0	0	36	37	33	35	22
17	17	0	0	1	88	1	30	0	26
17	17	0	0	1	89	2	30	34	0	0	31	21
17	17	0	0	1	90	1	30	0	27
17	17	0	0	1	91	5	30	31	32	33	34	0	1	1	0	0	35	29	35	35	29
17	17	0	0	1	92	2	31	34	1	0	32	32
17	17	0	0	1	93	1	32	0	31
17	17	0	0	1	94	2	32	33	0	0	34	32
17	17	0	0	1	95	2	32	33	0	0	33	32
17	17	0	0	1	96	2	32	35	0	0	33	34
17	17	0	0	1	97	4	32	33	34	35	0	0	0	0	34	35	30	34
17	17	0	0	1	98	3	32	33	35	1	0	0	33	18	19
17	17	0	0	1	99	2	32	33	1	0	21	32
17	17	0	0	1	100	1	34	0	26
17	17	0	0	1	101	1	34	0	32
17	17	0	0	1	102	1	34	0	28
17	17	0	0	1	103	1	35	0	33
17	17	0	0	1	104	1	35	0	4
17	17	0	0	1	105	2	35	36	0	0	32	23
17	17	0	0	1	106	1	35	0	30
17	17	0	0	1	107	2	36	37	0	0	26	25
17	17	0	0	1	108	2	36	37	0	1	23	34
17	17	0	0	1	109	1	36	0	25
17	17	0	0	1	110	2	36	37	0	0	24	23
17	17	0	0	1	111	1	36	0	20
17	17	0	0	1	112	2	37	38	0	0	24	30
17	17	0	0	1	113	4	37	39	40	41	0	1	0	0	24	34	18	27
17	17	0	0	1	114	4	38	39	40	41	0	1	0	0	32	34	33	33
17	17	0	0	1	115	4	38	39	40	41	0	1	0	0	34	31	32	29
17	17	0	0	1	116	1	38	0	23
17	17	0	0	1	117	4	38	39	40	41	0	1	0	0	36	30	30	34
17	17	0	0	1	118	1	38	0	16
17	17	0	0	1	119	2	38	41	0	0	30	22
17	17	0	0	1	120	2	39	40	1	0	28	23
17	17	0	0	1	121	2	39	40	1	0	32	29
17	17	0	0	1	122	1	41	0	32
17	17	0	0	1	123	1	41	0	28
17	17	0	0	1	124	1	41	0	26
17	17	0	0	1	125	1	41	0	25
17	17	0	0	1	126	3	42	44	45	0	0	1	33	35	34
17	17	0	0	1	127	5	42	43	46	47	48	0	0	0	0	0	35	32	33	25	32
17	17	0	0	1	128	1	42	0	30
17	17	0	0	1	129	5	43	45	46	47	48	0	1	0	0	0	35	24	37	25	30
17	17	0	0	1	130	3	43	45	46	0	1	0	33	35	30
17	17	0	0	1	131	1	43	0	34
17	17	0	0	1	132	4	44	46	47	48	0	0	0	0	33	36	26	33
17	17	0	0	1	133	3	44	45	49	0	1	0	31	29	28
17	17	0	0	1	134	4	44	45	49	50	0	1	0	0	24	27	30	28
17	17	0	0	1	135	3	44	45	49	0	1	0	22	32	29
17	17	0	0	1	136	3	47	48	51	0	0	0	31	20	37
17	17	0	0	1	137	2	47	48	0	0	22	29
17	17	0	0	1	138	1	49	0	29
17	17	0	0	1	139	1	49	0	32
17	17	0	0	1	140	2	49	52	0	0	35	33
17	17	0	0	1	141	1	49	0	35
17	17	0	0	1	142	3	49	50	50	0	0	0	31	28	34
17	17	0	0	1	143	3	49	50	52	0	0	0	29	20	14
17	17	0	0	1	144	2	50	53	0	0	29	25
17	17	0	0	1	145	1	51	0	30
17	17	0	0	1	146	2	51	53	0	0	34	32
17	17	0	0	1	147	2	51	53	0	0	14	34
17	17	0	0	1	148	1	51	0	30
17	17	0	0	1	149	1	51	0	27
17	17	0	0	1	150	1	51	0	36
17	17	0	0	1	151	3	51	52	53	0	0	0	36	24	33
17	17	0	0	1	152	3	52	53	54	0	0	0	25	31	30
17	17	0	0	1	153	2	55	56	0	0	25	31
17	17	0	0	1	154	3	55	56	57	0	0	0	36	32	36
17	17	0	0	1	155	3	57	58	59	0	0	0	20	29	31
17	17	0	0	1	156	3	57	58	59	0	0	0	33	33	34
17	17	0	0	1	157	4	57	58	59	61	0	0	0	0	31	30	35	32
17	17	0	0	1	158	3	58	59	61	0	0	0	31	36	31
17	17	0	0	1	159	3	58	59	60	0	0	0	26	34	32
17	17	0	0	1	160	2	60	62	0	0	29	31
17	17	0	0	1	161	1	60	0	11
17	17	0	0	1	162	2	61	62	0	0	27	32
17	17	0	0	1	163	5	63	64	65	66	67	0	0	0	0	0	35	2	34	32	32
17	17	0	0	1	164	3	63	64	67	0	0	0	35	32	24
17	17	0	0	1	165	2	63	64	0	0	32	32
17	17	0	0	1	166	3	63	64	67	0	0	0	34	33	27
17	17	0	0	1	167	3	65	66	67	0	0	0	28	35	26
17	17	0	0	1	168	3	65	66	67	0	0	0	34	36	22
17	17	0	0	1	169	3	65	66	67	0	0	0	33	35	26
17	17	0	0	1	170	3	65	66	67	0	0	0	33	31	35
17	17	0	0	1	171	1	67	0	25
17	17	0	0	1	172	1	67	0	28
17	17	0	0	1	173	3	68	69	70	0	0	0	28	30	31
17	17	0	0	1	174	4	68	69	70	72	0	0	0	0	36	35	24	22
17	17	0	0	1	175	3	68	69	70	0	0	0	33	35	26
17	17	0	0	1	176	4	68	69	70	71	0	0	0	0	33	33	31	25
17	17	0	0	1	177	3	69	70	71	0	0	0	34	31	36
17	17	0	0	1	178	1	70	0	28
17	17	0	0	1	179	1	71	0	29
17	17	0	0	1	180	1	71	0	31
17	17	0	0	1	181	1	71	0	33
17	17	0	0	1	182	1	71	0	27
17	17	0	0	1	183	0
17	17	0	0	1	184	1	71	0	31
17	17	0	0	1	185	2	72	73	0	0	20	26
17	17	0	0	1	186	2	73	74	0	1	25	1
17	17	0	0	1	187	2	73	74	0	0	22	30
17	17	0	0	1	188	2	73	74	0	0	20	27
17	17	0	0	1	189	1	74	0	14
17	17	0	0	1	190	1	74	0	19
17	17	0	0	1	191	3	75	78	79	0	0	0	33	26	34
17	17	0	0	1	192	3	75	80	81	0	1	0	34	22	33
17	17	0	0	1	193	1	75	0	31
17	17	0	0	1	194	2	75	79	0	0	26	36
17	17	0	0	1	195	3	75	79	80	0	0	1	33	34	35
17	17	0	0	1	196	1	75	0	23
17	17	0	0	1	197	1	75	0	32
17	17	0	0	1	198	5	76	77	78	79	80	0	0	0	0	1	32	32	35	33	35
17	17	0	0	1	199	6	76	77	78	80	81	82	0	0	0	1	0	0	29	24	32	30	36	30
17	17	0	0	1	200	1	78	0	33
17	17	0	0	1	201	1	79	0	28
17	17	0	0	1	202	1	79	0	26
17	17	0	0	1	203	2	79	83	0	0	28	35
17	17	0	0	1	204	2	79	83	0	0	15	30
17	17	0	0	1	205	1	79	0	33
17	17	0	0	1	206	3	79	80	83	0	1	0	27	34	30
17	17	0	0	1	207	1	80	1	35
17	17	0	0	1	208	1	83	0	33
17	17	0	0	1	209	5	83	84	85	86	87	0	0	0	0	0	29	35	31	33	33
17	17	0	0	1	210	4	84	85	86	87	0	0	0	0	30	26	29	30
17	17	0	0	1	211	4	84	85	88	89	0	0	0	0	11	4	1	3
17	17	0	0	1	212	5	84	85	86	87	88	0	0	0	0	0	37	27	30	29	30
17	17	0	0	1	213	1	86	0	34
17	17	0	0	1	214	4	86	87	88	89	0	0	0	0	29	22	33	25
17	17	0	0	1	215	6	86	87	88	89	94	95	0	0	0	0	0	0	32	27	37	34	26	30
17	17	0	0	1	216	4	86	87	88	89	0	0	0	0	27	37	38	40
17	17	0	0	1	217	3	89	94	95	0	0	0	35	30	30
17	17	0	0	1	218	1	90	0	24
17	17	0	0	1	219	3	90	91	92	0	0	0	29	32	36
17	17	0	0	1	220	3	90	91	92	0	0	0	33	32	36
17	17	0	0	1	221	3	90	91	92	0	0	0	32	15	30
17	17	0	0	1	222	2	91	92	0	0	32	34
17	17	0	0	1	223	2	91	92	0	0	24	37
17	17	0	0	1	224	2	93	96	0	0	25	22
17	17	0	0	1	225	6	94	95	97	98	99	100	0	0	0	0	0	0	28	24	29	20	25	28
17	17	0	0	1	226	0
17	17	0	0	1	227	1	96	0	35
17	17	0	0	1	228	1	96	0	37
17	17	0	0	1	229	1	96	0	35
17	17	0	0	1	230	4	97	98	99	100	0	0	0	0	25	26	31	18
17	17	0	0	1	231	3	98	99	100	0	0	0	29	34	30
