27	27	0	0	1	1	2	3	0	0	0
27	27	0	0	1	2	3	1	0	0	0
27	27	0	0	1	3	4	4	0	0	0
27	27	0	0	1	4	5	1	0	0	0
27	27	0	0	1	5	6	3	0	0	0
27	27	0	0	1	7	8	0	6	0	0
27	27	0	0	1	10	11	2	0	0	0
27	27	0	0	1	11	12	1	0	0	0
27	27	0	0	1	18	19	1	0	0	0
27	27	0	0	1	19	20	1	0	0	0
27	27	0	0	1	20	21	4	0	0	0
27	27	0	0	1	22	23	2	0	0	0
27	27	0	0	1	23	24	5	0	0	0
27	27	0	0	1	26	27	3	0	0	0
27	27	0	0	1	27	28	1	0	0	0
27	27	0	0	1	28	29	2	0	0	0
27	27	0	0	1	29	30	2	0	0	0
27	27	0	0	1	30	31	4	0	0	0
27	27	0	0	1	32	33	4	0	0	0
27	27	0	0	1	39	40	0	0	4	0
27	27	0	0	1	45	46	0	0	2	0
27	27	0	0	1	46	47	3	0	0	0
27	27	0	0	1	47	48	5	0	0	0
27	27	0	0	1	48	49	1	0	0	0
27	27	0	0	1	50	51	2	0	0	0
27	27	0	0	1	51	52	1	0	0	0
27	27	0	0	1	53	54	1	0	0	0
27	27	0	0	1	55	56	3	0	0	0
27	27	0	0	1	56	57	1	0	0	0
27	27	0	0	1	58	59	3	0	0	0
27	27	0	0	1	63	64	3	0	0	0
27	27	0	0	1	65	66	1	0	0	0
27	27	0	0	1	66	67	3	0	0	0
27	27	0	0	1	68	69	2	0	0	0
27	27	0	0	1	69	70	5	0	0	0
27	27	0	0	1	71	72	1	0	0	0
27	27	0	0	1	73	74	1	0	0	0
27	27	0	0	1	76	77	1	0	0	0
27	27	0	0	1	77	78	3	0	0	0
27	27	0	0	1	80	81	0	0	2	0
27	27	0	0	1	81	82	2	0	0	0
27	27	0	0	1	84	85	1	0	0	0
27	27	0	0	1	87	88	1	0	0	0
27	27	0	0	1	89	90	1	0	0	0
27	27	0	0	1	91	92	1	0	0	0
27	27	0	0	1	92	93	1	0	0	0
27	27	0	0	1	94	95	3	0	0	0
27	27	0	0	1	95	96	1	0	0	0
27	27	0	0	1	97	98	2	0	0	0
27	27	0	0	1	98	99	2	0	0	0
27	27	0	0	1	99	100	3	0	0	0
