21	21	0	0	1	1	3	1	2	6	0	0	0	43	40	33
21	21	0	0	1	2	2	1	2	0	0	43	41
21	21	0	0	1	3	4	1	2	3	4	0	0	0	0	34	38	24	34
21	21	0	0	1	4	4	1	2	3	4	0	0	0	0	41	42	40	41
21	21	0	0	1	5	4	1	2	3	4	0	0	0	0	24	35	40	42
21	21	0	0	1	6	2	3	4	0	0	40	43
21	21	0	0	1	7	2	3	4	0	0	41	44
21	21	0	0	1	8	2	3	4	0	0	16	17
21	21	0	0	1	9	3	3	4	5	0	0	0	30	34	31
21	21	0	0	1	10	3	3	4	5	0	0	0	33	39	40
21	21	0	0	1	11	2	5	6	0	0	38	39
21	21	0	0	1	12	2	5	7	0	0	2	2
21	21	0	0	1	13	2	5	6	0	0	40	42
21	21	0	0	1	14	3	5	6	9	0	0	0	39	41	42
21	21	0	0	1	15	2	5	6	0	0	32	38
21	21	0	0	1	16	1	7	0	39
21	21	0	0	1	17	2	7	8	0	1	40	36
21	21	0	0	1	18	2	7	8	0	1	42	40
21	21	0	0	1	19	2	7	8	0	1	41	40
21	21	0	0	1	20	2	7	8	0	1	35	42
21	21	0	0	1	21	1	7	0	2
21	21	0	0	1	22	1	8	1	34
21	21	0	0	1	23	1	9	0	34
21	21	0	0	1	24	1	9	0	41
21	21	0	0	1	25	1	9	0	41
21	21	0	0	1	26	1	9	0	33
21	21	0	0	1	27	2	10	11	0	0	41	37
21	21	0	0	1	28	3	10	11	12	0	0	0	40	41	42
21	21	0	0	1	29	2	12	13	0	0	39	39
21	21	0	0	1	30	2	12	13	0	0	39	39
21	21	0	0	1	31	2	12	13	0	0	36	39
21	21	0	0	1	32	1	14	0	31
21	21	0	0	1	33	1	14	0	40
21	21	0	0	1	34	2	14	15	0	0	36	39
21	21	0	0	1	35	1	14	0	32
21	21	0	0	1	36	1	14	0	39
21	21	0	0	1	37	1	14	0	36
21	21	0	0	1	38	1	14	0	36
21	21	0	0	1	39	1	14	0	34
21	21	0	0	1	40	2	15	16	0	1	42	40
21	21	0	0	1	41	2	15	16	0	1	41	37
21	21	0	0	1	42	2	15	16	0	1	35	40
21	21	0	0	1	43	2	15	16	0	1	36	41
21	21	0	0	1	44	2	16	21	1	0	29	34
21	21	0	0	1	45	1	16	1	41
21	21	0	0	1	46	3	16	20	21	1	0	0	40	33	42
21	21	0	0	1	47	1	17	0	31
21	21	0	0	1	48	1	17	0	30
21	21	0	0	1	49	1	17	0	32
21	21	0	0	1	50	1	17	0	24
21	21	0	0	1	51	3	17	18	19	0	0	0	31	41	31
21	21	0	0	1	52	3	17	18	19	0	0	0	41	32	39
21	21	0	0	1	53	2	18	19	0	0	42	41
21	21	0	0	1	54	1	19	0	40
21	21	0	0	1	55	1	19	0	41
21	21	0	0	1	56	1	21	0	29
21	21	0	0	1	57	1	21	0	40
21	21	0	0	1	58	1	22	0	30
21	21	0	0	1	59	2	22	23	0	0	40	35
21	21	0	0	1	60	2	22	23	0	0	40	41
21	21	0	0	1	61	5	22	23	24	30	31	0	0	0	0	0	42	42	42	40	40
21	21	0	0	1	62	3	22	23	24	0	0	0	41	41	40
21	21	0	0	1	63	5	22	23	24	30	31	0	0	0	0	0	42	42	42	39	41
21	21	0	0	1	64	3	22	23	24	0	0	0	40	42	40
21	21	0	0	1	65	2	23	24	0	0	35	22
21	21	0	0	1	66	2	23	24	0	0	36	41
21	21	0	0	1	67	3	25	33	34	0	0	0	41	37	40
21	21	0	0	1	68	1	25	0	39
21	21	0	0	1	69	2	25	35	0	0	40	37
21	21	0	0	1	70	3	25	26	35	0	0	0	39	34	38
21	21	0	0	1	71	3	25	26	27	0	0	0	39	40	34
21	21	0	0	1	72	2	25	26	0	0	40	40
21	21	0	0	1	73	4	25	26	27	35	0	0	0	0	40	42	34	38
21	21	0	0	1	74	5	26	27	28	29	35	0	0	0	0	0	42	42	41	32	40
21	21	0	0	1	75	6	26	27	28	29	30	35	0	0	0	0	0	0	40	41	40	31	33	30
21	21	0	0	1	76	5	27	28	29	30	35	0	0	0	0	0	41	40	31	36	37
21	21	0	0	1	77	6	27	28	29	30	31	35	0	0	0	0	0	0	40	39	31	37	35	40
21	21	0	0	1	78	4	28	29	30	31	0	0	0	0	22	33	40	39
21	21	0	0	1	79	2	30	31	0	0	41	41
21	21	0	0	1	80	2	30	31	0	0	38	42
21	21	0	0	1	81	1	31	0	41
21	21	0	0	1	82	1	31	0	35
21	21	0	0	1	83	2	32	33	0	0	29	32
21	21	0	0	1	84	4	32	33	34	35	0	0	0	0	39	31	39	41
21	21	0	0	1	85	3	32	33	34	0	0	0	34	41	40
21	21	0	0	1	86	2	33	34	0	0	37	40
21	21	0	0	1	87	2	34	36	0	0	42	42
21	21	0	0	1	88	2	34	35	0	0	36	40
21	21	0	0	1	89	1	35	0	39
21	21	0	0	1	90	2	35	37	0	1	40	40
21	21	0	0	1	91	2	36	38	0	0	32	41
21	21	0	0	1	92	1	36	0	29
21	21	0	0	1	93	2	36	37	0	1	29	42
21	21	0	0	1	94	1	37	1	40
21	21	0	0	1	95	1	37	1	37
21	21	0	0	1	96	1	37	1	42
21	21	0	0	1	97	1	37	1	41
21	21	0	0	1	98	1	38	0	42
21	21	0	0	1	99	1	38	0	40
21	21	0	0	1	100	3	38	42	43	0	0	0	35	24	41
21	21	0	0	1	101	1	38	0	38
21	21	0	0	1	102	1	38	0	2
21	21	0	0	1	103	3	39	40	43	1	0	0	40	40	39
21	21	0	0	1	104	3	39	40	41	1	0	0	39	37	43
21	21	0	0	1	105	1	41	0	41
21	21	0	0	1	106	1	41	0	36
21	21	0	0	1	107	3	41	44	45	0	0	1	40	35	35
21	21	0	0	1	108	1	41	1	40
21	21	0	0	1	109	6	42	44	45	46	47	48	0	0	1	0	0	0	33	33	38	42	31	41
21	21	0	0	1	110	2	42	43	0	0	42	42
21	21	0	0	1	111	3	42	43	50	0	0	0	30	42	42
21	21	0	0	1	112	2	43	51	0	0	31	31
21	21	0	0	1	113	2	44	45	0	1	36	36
21	21	0	0	1	114	3	44	45	52	0	1	0	41	40	42
21	21	0	0	1	115	4	44	45	46	50	0	1	0	0	41	42	38	40
21	21	0	0	1	116	3	44	45	46	0	1	0	40	40	38
21	21	0	0	1	117	3	46	47	48	0	0	0	42	32	41
21	21	0	0	1	118	3	46	47	48	0	0	0	36	32	42
21	21	0	0	1	119	3	46	47	48	0	0	0	32	30	40
21	21	0	0	1	120	2	47	48	0	0	32	42
21	21	0	0	1	121	3	47	48	52	0	0	0	41	32	41
21	21	0	0	1	122	2	47	48	0	0	24	38
21	21	0	0	1	123	4	47	48	52	53	0	0	0	0	31	27	27	35
21	21	0	0	1	124	2	49	53	0	0	40	40
21	21	0	0	1	125	3	49	50	53	0	0	0	39	42	40
21	21	0	0	1	126	3	49	50	53	0	0	0	30	42	40
21	21	0	0	1	127	4	52	55	56	57	0	0	0	0	15	42	40	33
21	21	0	0	1	128	4	52	55	56	57	0	0	0	0	31	42	40	40
21	21	0	0	1	129	4	53	57	58	59	0	0	0	0	41	42	39	36
21	21	0	0	1	130	6	53	55	56	57	58	59	0	0	0	0	0	0	41	41	41	42	31	35
21	21	0	0	1	131	2	53	60	0	0	39	41
21	21	0	0	1	132	4	53	57	58	59	0	0	0	0	40	40	34	36
21	21	0	0	1	133	4	54	58	59	60	0	0	0	0	41	32	35	31
21	21	0	0	1	134	1	54	0	38
21	21	0	0	1	135	2	54	60	0	0	42	37
21	21	0	0	1	136	3	57	58	59	0	0	0	41	42	41
21	21	0	0	1	137	1	57	0	2
21	21	0	0	1	138	1	60	0	42
21	21	0	0	1	139	1	60	0	45
21	21	0	0	1	140	3	60	63	64	0	0	0	31	40	35
21	21	0	0	1	141	1	60	0	33
21	21	0	0	1	142	3	61	63	64	0	0	0	34	39	38
21	21	0	0	1	143	5	61	62	65	66	67	0	0	0	0	0	32	32	41	36	41
21	21	0	0	1	144	4	61	62	63	64	0	0	0	0	31	41	41	40
21	21	0	0	1	145	4	62	65	66	67	0	0	0	0	41	40	39	41
21	21	0	0	1	146	1	62	0	38
21	21	0	0	1	147	4	62	65	66	67	0	0	0	0	31	34	29	27
21	21	0	0	1	148	1	63	0	40
21	21	0	0	1	149	1	64	0	37
21	21	0	0	1	150	1	67	0	23
21	21	0	0	1	151	1	68	0	39
21	21	0	0	1	152	4	68	69	70	73	0	0	0	0	42	35	35	41
21	21	0	0	1	153	5	68	69	70	73	74	0	0	0	0	0	42	35	36	42	40
21	21	0	0	1	154	5	68	69	70	71	72	0	0	0	0	0	42	36	40	35	39
21	21	0	0	1	155	5	68	69	70	73	74	0	0	0	0	0	42	36	41	31	40
21	21	0	0	1	156	3	68	69	70	0	0	0	36	32	34
21	21	0	0	1	157	3	68	69	70	0	0	0	43	33	39
21	21	0	0	1	158	4	68	69	70	74	0	0	0	0	39	36	41	42
21	21	0	0	1	159	3	69	70	71	0	0	0	38	42	41
21	21	0	0	1	160	3	69	70	71	0	0	0	24	39	41
21	21	0	0	1	161	4	70	71	73	74	0	0	0	0	36	41	31	42
21	21	0	0	1	162	4	71	72	74	75	0	0	0	0	40	27	31	30
21	21	0	0	1	163	4	72	76	77	78	0	0	0	0	32	42	42	41
21	21	0	0	1	164	4	72	76	77	78	0	0	0	0	27	39	40	40
21	21	0	0	1	165	1	73	0	40
21	21	0	0	1	166	3	73	74	80	0	0	1	31	34	40
21	21	0	0	1	167	3	73	74	75	0	0	0	31	42	41
21	21	0	0	1	168	3	73	74	74	0	0	0	26	42	42
21	21	0	0	1	169	3	74	75	82	0	0	0	36	38	22
21	21	0	0	1	170	3	75	84	85	0	0	0	41	40	41
21	21	0	0	1	171	5	76	77	78	84	85	0	0	0	0	0	30	29	32	40	42
21	21	0	0	1	172	3	76	77	78	0	0	0	42	43	42
21	21	0	0	1	173	6	76	77	78	79	84	85	0	0	0	0	0	0	40	39	41	14	32	37
21	21	0	0	1	174	4	76	77	78	79	0	0	0	0	28	32	39	26
21	21	0	0	1	175	2	79	80	0	1	34	39
21	21	0	0	1	176	2	79	80	0	1	35	39
21	21	0	0	1	177	2	79	80	0	1	35	39
21	21	0	0	1	178	4	80	81	84	85	1	0	0	0	40	36	38	42
21	21	0	0	1	179	7	80	81	82	86	87	88	89	1	0	0	0	0	0	0	39	37	32	38	38	35	42
21	21	0	0	1	180	6	80	81	82	86	87	88	1	0	0	0	0	0	39	41	39	31	29	35
21	21	0	0	1	181	6	80	81	82	86	87	88	1	0	0	0	0	0	34	40	39	37	31	39
21	21	0	0	1	182	6	80	81	82	86	87	88	1	0	0	0	0	0	34	40	42	24	26	29
21	21	0	0	1	183	7	81	82	86	87	88	89	90	0	0	0	0	0	0	0	40	43	34	34	34	39	37
21	21	0	0	1	184	4	81	82	90	91	0	0	0	0	37	41	41	33
21	21	0	0	1	185	4	81	82	89	90	0	0	0	0	31	41	33	41
21	21	0	0	1	186	4	83	90	91	92	0	0	0	0	41	39	36	32
21	21	0	0	1	187	7	83	84	85	86	87	88	89	0	0	0	0	0	0	0	40	31	31	30	32	27	29
21	21	0	0	1	188	2	84	85	0	0	39	37
21	21	0	0	1	189	5	86	87	88	94	95	0	0	0	0	0	34	40	30	37	41
21	21	0	0	1	190	4	90	91	92	93	0	0	0	0	21	33	41	35
21	21	0	0	1	191	3	91	92	93	0	0	0	43	41	41
21	21	0	0	1	192	3	91	92	93	0	0	0	32	33	34
21	21	0	0	1	193	2	94	95	0	0	39	36
21	21	0	0	1	194	2	94	95	0	0	42	41
21	21	0	0	1	195	2	94	95	0	0	41	41
21	21	0	0	1	196	2	94	95	0	0	37	41
21	21	0	0	1	197	2	94	95	0	0	32	36
21	21	0	0	1	198	2	94	95	0	0	34	40
21	21	0	0	1	199	1	95	0	31
21	21	0	0	1	200	1	96	0	42
21	21	0	0	1	201	1	96	0	43
21	21	0	0	1	202	5	96	97	98	99	100	0	0	0	0	0	32	40	43	40	33
21	21	0	0	1	203	4	97	98	99	100	0	0	0	0	40	43	41	33
21	21	0	0	1	204	4	97	98	99	100	0	0	0	0	40	43	42	26
21	21	0	0	1	205	4	97	98	99	100	0	0	0	0	37	41	40	36
