27	27	0	0	1	1	2	4	0	0	0
27	27	0	0	1	2	3	1	0	0	0
27	27	0	0	1	3	4	5	0	0	0
27	27	0	0	1	5	6	3	0	0	0
27	27	0	0	1	7	8	0	6	0	0
27	27	0	0	1	10	11	2	0	0	0
27	27	0	0	1	11	12	1	0	0	0
27	27	0	0	1	18	19	2	0	0	0
27	27	0	0	1	19	20	1	0	0	0
27	27	0	0	1	20	21	3	0	0	0
27	27	0	0	1	22	23	5	0	0	0
27	27	0	0	1	23	24	2	0	0	0
27	27	0	0	1	24	25	1	0	0	0
27	27	0	0	1	25	26	3	0	0	0
27	27	0	0	1	26	27	1	0	0	0
27	27	0	0	1	27	28	2	0	0	0
27	27	0	0	1	28	29	3	0	0	0
27	27	0	0	1	30	31	4	0	0	0
27	27	0	0	1	32	33	4	0	0	0
27	27	0	0	1	38	39	0	2	0	0
27	27	0	0	1	39	40	0	0	2	0
27	27	0	0	1	40	41	2	0	0	0
27	27	0	0	1	44	45	0	1	0	0
27	27	0	0	1	45	46	0	0	4	0
27	27	0	0	1	46	47	2	0	0	0
27	27	0	0	1	47	48	6	0	0	0
27	27	0	0	1	49	50	2	0	0	0
27	27	0	0	1	51	52	2	0	0	0
27	27	0	0	1	53	54	1	0	0	0
27	27	0	0	1	55	56	4	0	0	0
27	27	0	0	1	57	58	2	0	0	0
27	27	0	0	1	58	59	1	0	0	0
27	27	0	0	1	63	64	3	0	0	0
27	27	0	0	1	65	66	4	0	0	0
27	27	0	0	1	68	69	5	0	0	0
27	27	0	0	1	69	70	2	0	0	0
27	27	0	0	1	71	72	1	0	0	0
27	27	0	0	1	73	74	1	0	0	0
27	27	0	0	1	76	77	4	0	0	0
27	27	0	0	1	80	81	0	0	3	0
27	27	0	0	1	81	82	1	0	0	0
27	27	0	0	1	84	85	1	0	0	0
27	27	0	0	1	86	87	1	0	0	0
27	27	0	0	1	88	89	1	0	0	0
27	27	0	0	1	89	90	1	0	0	0
27	27	0	0	1	91	92	2	0	0	0
27	27	0	0	1	94	95	4	0	0	0
27	27	0	0	1	96	97	2	0	0	0
27	27	0	0	1	97	98	3	0	0	0
27	27	0	0	1	98	99	1	0	0	0
27	27	0	0	1	99	100	4	0	0	0
