23	23	0	0	1	1	1	1	0	32
23	23	0	0	1	2	2	1	2	0	0	32	32
23	23	0	0	1	3	4	1	2	7	8	0	0	0	1	36	36	37	38
23	23	0	0	1	4	2	3	4	0	0	34	38
23	23	0	0	1	5	4	3	3	4	4	0	0	0	0	37	34	35	40
23	23	0	0	1	6	1	4	0	30
23	23	0	0	1	7	3	5	7	8	0	0	1	32	35	36
23	23	0	0	1	8	2	5	6	0	0	34	34
23	23	0	0	1	9	2	5	6	0	0	32	35
23	23	0	0	1	10	2	6	9	0	0	32	29
23	23	0	0	1	11	1	7	0	31
23	23	0	0	1	12	2	7	8	0	1	35	31
23	23	0	0	1	13	2	7	8	0	1	36	32
23	23	0	0	1	14	2	7	8	0	1	21	34
23	23	0	0	1	15	1	9	0	24
23	23	0	0	1	16	1	9	0	23
23	23	0	0	1	17	1	9	0	34
23	23	0	0	1	18	1	9	0	33
23	23	0	0	1	19	3	9	10	11	0	0	0	40	40	36
23	23	0	0	1	20	3	10	11	12	0	0	0	33	40	34
23	23	0	0	1	21	2	10	11	0	0	26	31
23	23	0	0	1	22	2	10	11	0	0	22	30
23	23	0	0	1	23	2	10	11	0	0	35	26
23	23	0	0	1	24	5	10	10	11	11	12	0	0	0	0	0	31	31	22	36	34
23	23	0	0	1	25	3	10	11	13	0	0	0	35	33	21
23	23	0	0	1	26	3	10	11	12	0	0	0	31	35	32
23	23	0	0	1	27	3	11	12	13	0	0	0	29	19	15
23	23	0	0	1	28	2	12	13	0	0	26	33
23	23	0	0	1	29	2	12	13	0	0	34	30
23	23	0	0	1	30	2	12	13	0	0	29	19
23	23	0	0	1	31	1	13	0	33
23	23	0	0	1	32	1	13	0	24
23	23	0	0	1	33	1	14	0	21
23	23	0	0	1	34	1	14	0	30
23	23	0	0	1	35	1	14	0	31
23	23	0	0	1	36	1	14	0	31
23	23	0	0	1	37	1	14	0	32
23	23	0	0	1	38	1	14	0	35
23	23	0	0	1	39	1	15	0	40
23	23	0	0	1	40	4	15	16	20	21	0	1	0	0	38	41	39	41
23	23	0	0	1	41	4	15	16	20	21	0	1	0	0	42	43	40	41
23	23	0	0	1	42	4	15	16	20	21	0	1	0	0	38	37	41	36
23	23	0	0	1	43	4	15	16	20	21	0	1	0	0	36	38	37	42
23	23	0	0	1	44	1	16	1	36
23	23	0	0	1	45	1	16	1	35
23	23	0	0	1	46	2	16	17	1	0	35	23
23	23	0	0	1	47	1	16	1	29
23	23	0	0	1	48	1	16	1	31
23	23	0	0	1	49	1	16	1	27
23	23	0	0	1	50	2	17	18	0	0	26	31
23	23	0	0	1	51	2	18	19	0	0	33	30
23	23	0	0	1	52	2	18	19	0	0	24	33
23	23	0	0	1	53	2	18	19	0	0	26	30
23	23	0	0	1	54	2	18	19	0	0	14	33
23	23	0	0	1	55	1	19	0	32
23	23	0	0	1	56	2	20	24	0	0	38	25
23	23	0	0	1	57	5	20	21	22	23	24	0	0	0	0	0	41	26	39	41	38
23	23	0	0	1	58	2	20	21	0	0	41	31
23	23	0	0	1	59	2	20	21	0	0	38	33
23	23	0	0	1	60	2	20	21	0	0	35	36
23	23	0	0	1	61	2	20	21	0	0	33	27
23	23	0	0	1	62	1	21	0	23
23	23	0	0	1	63	2	22	23	0	0	30	31
23	23	0	0	1	64	3	22	23	24	0	0	0	29	29	29
23	23	0	0	1	65	2	23	24	0	0	30	33
23	23	0	0	1	66	3	24	30	31	0	0	0	39	38	41
23	23	0	0	1	67	5	24	26	27	28	29	0	0	0	0	0	33	28	26	25	31
23	23	0	0	1	68	1	24	0	26
23	23	0	0	1	69	5	25	27	28	29	30	0	0	0	0	0	29	17	15	33	27
23	23	0	0	1	70	6	25	26	27	28	29	35	0	0	0	0	0	0	37	39	36	33	24	38
23	23	0	0	1	71	5	25	26	27	28	29	0	0	0	0	0	37	19	18	24	23
23	23	0	0	1	72	4	26	27	28	29	0	0	0	0	24	22	23	17
23	23	0	0	1	73	5	26	27	28	29	30	0	0	0	0	0	41	37	31	41	42
23	23	0	0	1	74	6	26	27	28	29	30	35	0	0	0	0	0	0	40	40	33	25	24	32
23	23	0	0	1	75	5	26	27	28	29	34	0	0	0	0	0	33	25	30	21	32
23	23	0	0	1	76	5	27	28	29	30	32	0	0	0	0	0	30	32	23	25	28
23	23	0	0	1	77	2	30	31	0	0	19	35
23	23	0	0	1	78	2	30	31	0	0	26	33
23	23	0	0	1	79	3	31	32	33	0	0	0	36	38	38
23	23	0	0	1	80	1	32	0	32
23	23	0	0	1	81	2	33	34	0	0	32	31
23	23	0	0	1	82	2	34	34	0	0	34	35
23	23	0	0	1	83	1	35	0	4
23	23	0	0	1	84	1	36	0	30
23	23	0	0	1	85	1	36	0	30
23	23	0	0	1	86	1	36	0	33
23	23	0	0	1	87	1	36	0	35
23	23	0	0	1	88	1	37	1	30
23	23	0	0	1	89	1	37	1	34
23	23	0	0	1	90	1	37	1	31
23	23	0	0	1	91	1	37	1	30
23	23	0	0	1	92	1	38	0	33
23	23	0	0	1	93	3	38	42	43	0	0	0	33	28	33
23	23	0	0	1	94	1	38	0	35
23	23	0	0	1	95	1	38	0	21
23	23	0	0	1	96	2	39	40	1	0	34	25
23	23	0	0	1	97	2	39	40	1	0	33	17
23	23	0	0	1	98	1	42	0	28
23	23	0	0	1	99	1	43	0	34
23	23	0	0	1	100	1	43	0	39
23	23	0	0	1	101	6	44	45	46	46	47	48	0	1	0	0	0	0	32	19	28	32	27	34
23	23	0	0	1	102	4	44	45	46	51	0	1	0	0	30	26	34	36
23	23	0	0	1	103	3	44	45	46	0	1	0	31	36	37
23	23	0	0	1	104	6	45	46	47	47	48	48	1	0	0	0	0	0	32	24	24	23	21	32
23	23	0	0	1	105	2	49	51	0	0	30	37
23	23	0	0	1	106	3	49	49	50	0	0	0	33	24	28
23	23	0	0	1	107	2	49	50	0	0	36	29
23	23	0	0	1	108	1	51	0	29
23	23	0	0	1	109	2	52	54	0	0	20	29
23	23	0	0	1	110	1	52	0	22
23	23	0	0	1	111	5	53	57	58	59	60	0	0	0	0	0	41	17	11	33	41
23	23	0	0	1	112	1	53	0	26
23	23	0	0	1	113	1	53	0	32
23	23	0	0	1	114	2	53	54	0	0	28	16
23	23	0	0	1	115	2	54	60	0	0	31	29
23	23	0	0	1	116	4	55	56	61	62	0	0	0	0	30	38	42	38
23	23	0	0	1	117	4	55	56	61	62	0	0	0	0	36	37	32	34
23	23	0	0	1	118	5	55	56	57	61	62	0	0	0	0	0	27	35	30	31	34
23	23	0	0	1	119	4	57	58	59	63	0	0	0	0	42	43	22	40
23	23	0	0	1	120	4	57	58	59	62	0	0	0	0	31	33	32	33
23	23	0	0	1	121	3	57	58	59	0	0	0	28	29	33
23	23	0	0	1	122	2	58	59	0	0	24	36
23	23	0	0	1	123	4	60	65	66	67	0	0	0	0	40	36	27	30
23	23	0	0	1	124	1	60	0	32
23	23	0	0	1	125	1	60	0	33
23	23	0	0	1	126	2	61	62	0	0	17	26
23	23	0	0	1	127	2	61	62	0	0	29	34
23	23	0	0	1	128	2	61	62	0	0	28	20
23	23	0	0	1	129	2	63	64	0	0	36	10
23	23	0	0	1	130	2	63	64	0	0	39	33
23	23	0	0	1	131	2	63	64	0	0	34	18
23	23	0	0	1	132	1	64	0	22
23	23	0	0	1	133	1	64	0	30
23	23	0	0	1	134	3	65	66	67	0	0	0	35	35	25
23	23	0	0	1	135	3	65	66	67	0	0	0	19	32	26
23	23	0	0	1	136	6	65	65	66	66	67	67	0	0	0	0	0	0	26	22	34	28	23	22
23	23	0	0	1	137	2	66	67	0	0	15	30
23	23	0	0	1	138	1	67	0	27
23	23	0	0	1	139	1	68	0	28
23	23	0	0	1	140	4	68	68	69	70	0	0	0	0	29	31	21	31
23	23	0	0	1	141	3	68	69	70	0	0	0	35	5	28
23	23	0	0	1	142	6	68	69	70	71	74	75	0	0	0	0	0	0	39	41	43	37	38	38
23	23	0	0	1	143	3	68	69	70	0	0	0	31	30	32
23	23	0	0	1	144	3	68	69	70	0	0	0	24	35	28
23	23	0	0	1	145	3	68	69	70	0	0	0	24	27	25
23	23	0	0	1	146	2	69	70	0	0	23	31
23	23	0	0	1	147	2	70	71	0	0	29	36
23	23	0	0	1	148	1	71	0	36
23	23	0	0	1	149	1	71	0	37
23	23	0	0	1	150	4	71	76	77	78	0	0	0	0	31	31	27	29
23	23	0	0	1	151	5	71	72	75	76	77	0	0	0	0	0	39	29	39	39	38
23	23	0	0	1	152	1	71	0	25
23	23	0	0	1	153	6	71	72	76	77	78	79	0	0	0	0	0	0	34	29	37	36	42	38
23	23	0	0	1	154	1	72	0	14
23	23	0	0	1	155	2	72	75	0	0	26	32
23	23	0	0	1	156	2	72	74	0	0	27	14
23	23	0	0	1	157	1	72	0	33
23	23	0	0	1	158	1	72	0	34
23	23	0	0	1	159	4	73	74	82	83	0	0	0	0	22	30	22	36
23	23	0	0	1	160	1	73	0	33
23	23	0	0	1	161	3	74	82	83	0	0	0	31	27	32
23	23	0	0	1	162	2	74	75	0	0	31	35
23	23	0	0	1	163	3	75	78	79	0	0	0	31	34	27
23	23	0	0	1	164	2	75	75	0	0	35	18
23	23	0	0	1	165	1	75	0	31
23	23	0	0	1	166	1	75	0	33
23	23	0	0	1	167	4	76	77	78	79	0	0	0	0	42	40	38	37
23	23	0	0	1	168	3	76	77	78	0	0	0	25	13	34
23	23	0	0	1	169	3	77	78	78	0	0	0	32	35	35
23	23	0	0	1	170	3	78	79	80	0	0	1	36	31	28
23	23	0	0	1	171	4	79	80	80	81	0	0	1	0	13	12	30	34
23	23	0	0	1	172	1	80	1	30
23	23	0	0	1	173	2	81	82	0	0	30	21
23	23	0	0	1	174	1	83	0	30
23	23	0	0	1	175	2	84	85	0	0	36	28
23	23	0	0	1	176	5	84	85	91	92	93	0	0	0	0	0	37	32	33	37	23
23	23	0	0	1	177	4	86	87	88	89	0	0	0	0	36	39	36	37
23	23	0	0	1	178	2	90	96	0	0	35	32
23	23	0	0	1	179	5	90	91	91	92	93	0	0	0	0	0	33	27	17	32	27
23	23	0	0	1	180	6	91	91	92	92	93	93	0	0	0	0	0	0	34	29	35	36	31	36
23	23	0	0	1	181	2	94	95	0	0	34	33
23	23	0	0	1	182	1	96	0	35
23	23	0	0	1	183	1	96	0	35
23	23	0	0	1	184	3	96	97	98	0	0	0	33	23	30
23	23	0	0	1	185	1	96	0	37
23	23	0	0	1	186	2	96	97	0	0	39	27
23	23	0	0	1	187	4	97	98	99	100	0	0	0	0	23	29	32	37
23	23	0	0	1	188	4	97	98	99	100	0	0	0	0	26	37	35	34
23	23	0	0	1	189	4	97	98	99	100	0	0	0	0	29	34	34	36
