32	32	0	0	1	1	2	1	2	0	0	34	36
32	32	0	0	1	2	2	1	2	0	0	24	26
32	32	0	0	1	3	2	1	2	0	0	39	40
32	32	0	0	1	4	1	2	0	28
32	32	0	0	1	5	2	2	3	0	0	35	33
32	32	0	0	1	6	4	3	4	7	8	0	0	0	1	38	33	24	33
32	32	0	0	1	7	2	3	4	0	0	36	40
32	32	0	0	1	8	2	3	4	0	0	28	36
32	32	0	0	1	9	2	3	4	0	0	31	38
32	32	0	0	1	10	2	3	4	0	0	38	37
32	32	0	0	1	11	1	5	0	39
32	32	0	0	1	12	1	7	0	26
32	32	0	0	1	13	2	7	8	0	1	22	30
32	32	0	0	1	14	1	9	0	38
32	32	0	0	1	15	1	9	0	39
32	32	0	0	1	16	1	9	0	28
32	32	0	0	1	17	1	9	0	39
32	32	0	0	1	18	1	9	0	36
32	32	0	0	1	19	1	9	0	4
32	32	0	0	1	20	1	9	0	31
32	32	0	0	1	21	1	9	0	28
32	32	0	0	1	22	1	9	0	36
32	32	0	0	1	23	1	10	0	20
32	32	0	0	1	24	1	10	0	25
32	32	0	0	1	25	1	10	0	33
32	32	0	0	1	26	1	10	0	33
32	32	0	0	1	27	2	10	11	0	0	32	30
32	32	0	0	1	28	3	10	11	14	0	0	0	39	40	27
32	32	0	0	1	29	3	10	11	14	0	0	0	9	25	40
32	32	0	0	1	30	3	10	11	14	0	0	0	27	21	40
32	32	0	0	1	31	3	10	11	14	0	0	0	38	39	32
32	32	0	0	1	32	2	10	11	0	0	8	35
32	32	0	0	1	33	2	10	14	0	0	27	40
32	32	0	0	1	34	2	10	11	0	0	30	30
32	32	0	0	1	35	4	10	11	12	14	0	0	0	0	30	30	10	39
32	32	0	0	1	36	3	10	11	12	0	0	0	38	40	16
32	32	0	0	1	37	3	11	12	13	0	0	0	32	34	26
32	32	0	0	1	38	1	12	0	29
32	32	0	0	1	39	1	12	0	27
32	32	0	0	1	40	2	12	13	0	0	22	37
32	32	0	0	1	41	3	12	13	14	0	0	0	24	30	25
32	32	0	0	1	42	1	13	0	20
32	32	0	0	1	43	1	13	0	31
32	32	0	0	1	44	1	13	0	6
32	32	0	0	1	45	1	13	0	23
32	32	0	0	1	46	1	13	0	14
32	32	0	0	1	47	1	13	0	10
32	32	0	0	1	48	1	14	0	36
32	32	0	0	1	49	1	14	0	34
32	32	0	0	1	50	1	14	0	23
32	32	0	0	1	51	1	14	0	24
32	32	0	0	1	52	1	14	0	34
32	32	0	0	1	53	1	14	0	32
32	32	0	0	1	54	1	14	0	35
32	32	0	0	1	55	1	14	0	32
32	32	0	0	1	56	1	14	0	24
32	32	0	0	1	57	2	15	17	0	0	39	17
32	32	0	0	1	58	3	15	17	18	0	0	0	37	24	30
32	32	0	0	1	59	3	15	16	19	0	0	0	40	37	29
32	32	0	0	1	60	1	15	0	31
32	32	0	0	1	61	3	16	17	18	1	0	0	33	24	33
32	32	0	0	1	62	2	16	19	0	0	39	25
32	32	0	0	1	63	2	16	19	0	0	39	28
32	32	0	0	1	64	1	16	0	20
32	32	0	0	1	65	1	16	0	28
32	32	0	0	1	66	1	16	0	33
32	32	0	0	1	67	1	16	1	35
32	32	0	0	1	68	1	16	0	39
32	32	0	0	1	69	3	16	18	19	0	0	0	32	32	34
32	32	0	0	1	70	2	16	19	1	0	40	4
32	32	0	0	1	71	3	16	17	18	0	0	0	23	30	35
32	32	0	0	1	72	1	16	0	31
32	32	0	0	1	73	3	16	18	19	0	0	0	30	34	39
32	32	0	0	1	74	1	16	1	28
32	32	0	0	1	75	1	17	0	29
32	32	0	0	1	76	1	17	0	32
32	32	0	0	1	77	1	17	0	28
32	32	0	0	1	78	3	17	18	20	0	0	0	25	13	38
32	32	0	0	1	79	1	17	0	24
32	32	0	0	1	80	3	17	18	20	0	0	0	32	24	32
32	32	0	0	1	81	3	17	18	20	0	0	0	31	17	40
32	32	0	0	1	82	3	18	19	20	0	0	0	25	32	33
32	32	0	0	1	83	1	18	0	33
32	32	0	0	1	84	2	18	19	0	0	35	37
32	32	0	0	1	85	4	18	19	20	21	0	0	0	0	27	35	34	33
32	32	0	0	1	86	2	18	19	0	0	32	36
32	32	0	0	1	87	4	18	19	20	21	0	0	0	0	26	34	32	33
32	32	0	0	1	88	2	18	19	0	0	14	36
32	32	0	0	1	89	2	19	20	0	0	21	30
32	32	0	0	1	90	2	19	21	0	0	34	28
32	32	0	0	1	91	1	19	0	27
32	32	0	0	1	92	1	20	0	37
32	32	0	0	1	93	1	20	0	18
32	32	0	0	1	94	2	20	21	0	0	25	31
32	32	0	0	1	95	2	20	21	0	0	29	35
32	32	0	0	1	96	2	20	21	0	0	41	33
32	32	0	0	1	97	1	22	0	33
32	32	0	0	1	98	2	22	23	0	0	27	29
32	32	0	0	1	99	2	22	23	0	0	27	27
32	32	0	0	1	100	3	22	23	24	0	0	0	36	36	36
32	32	0	0	1	101	2	22	23	0	0	26	27
32	32	0	0	1	102	3	22	23	24	0	0	0	28	29	11
32	32	0	0	1	103	3	22	23	24	0	0	0	37	39	38
32	32	0	0	1	104	3	22	23	24	0	0	0	17	20	18
32	32	0	0	1	105	3	22	23	24	0	0	0	31	26	25
32	32	0	0	1	106	2	23	24	0	0	20	30
32	32	0	0	1	107	2	23	24	0	0	4	13
32	32	0	0	1	108	1	23	0	13
32	32	0	0	1	109	1	24	0	38
32	32	0	0	1	110	1	24	0	27
32	32	0	0	1	111	2	25	31	0	1	16	23
32	32	0	0	1	112	1	25	0	37
32	32	0	0	1	113	2	25	31	0	0	26	23
32	32	0	0	1	114	2	25	26	0	0	31	28
32	32	0	0	1	115	3	26	32	33	0	1	0	29	27	29
32	32	0	0	1	116	4	26	27	28	29	0	0	0	0	36	35	28	35
32	32	0	0	1	117	4	26	27	28	29	0	0	0	0	34	34	27	33
32	32	0	0	1	118	5	26	27	28	32	33	0	0	1	1	0	28	22	3	34	35
32	32	0	0	1	119	4	26	27	28	29	0	0	0	0	27	25	19	29
32	32	0	0	1	120	4	26	27	28	29	0	0	0	0	2	30	27	33
32	32	0	0	1	121	4	26	27	28	29	0	0	0	0	35	34	26	33
32	32	0	0	1	122	4	27	28	29	30	0	0	0	0	39	28	35	35
32	32	0	0	1	123	4	28	29	32	33	0	0	0	0	26	23	31	24
32	32	0	0	1	124	3	28	29	30	0	0	0	33	27	32
32	32	0	0	1	125	4	29	30	33	34	0	0	0	0	28	36	18	30
32	32	0	0	1	126	3	29	30	34	0	0	0	32	20	39
32	32	0	0	1	127	1	30	0	27
32	32	0	0	1	128	2	30	31	0	0	32	29
32	32	0	0	1	129	1	31	0	29
32	32	0	0	1	130	1	31	1	32
32	32	0	0	1	131	1	31	1	29
32	32	0	0	1	132	3	32	33	35	0	0	0	38	35	23
32	32	0	0	1	133	3	32	33	35	0	0	0	36	37	34
32	32	0	0	1	134	3	32	33	35	1	0	0	17	25	38
32	32	0	0	1	135	2	33	34	0	0	34	27
32	32	0	0	1	136	2	34	35	0	0	26	29
32	32	0	0	1	137	1	34	0	25
32	32	0	0	1	138	1	35	0	37
32	32	0	0	1	139	0
32	32	0	0	1	140	2	35	36	0	0	33	33
32	32	0	0	1	141	1	36	0	19
32	32	0	0	1	142	1	36	0	18
32	32	0	0	1	143	1	37	0	32
32	32	0	0	1	144	4	37	39	40	41	1	0	0	0	41	2	1	15
32	32	0	0	1	145	4	37	39	40	41	1	1	0	0	41	28	10	21
32	32	0	0	1	146	1	37	1	39
32	32	0	0	1	147	2	38	41	0	0	34	30
32	32	0	0	1	148	2	38	41	0	0	36	28
32	32	0	0	1	149	2	38	41	0	0	38	19
32	32	0	0	1	150	2	38	41	0	0	16	24
32	32	0	0	1	151	2	38	41	0	0	37	28
32	32	0	0	1	152	1	38	0	39
32	32	0	0	1	153	1	38	0	39
32	32	0	0	1	154	1	38	0	19
32	32	0	0	1	155	1	38	0	32
32	32	0	0	1	156	2	38	41	0	0	34	29
32	32	0	0	1	157	1	38	0	39
32	32	0	0	1	158	2	38	41	0	0	40	10
32	32	0	0	1	159	2	39	40	1	0	33	27
32	32	0	0	1	160	2	39	40	1	0	36	25
32	32	0	0	1	161	2	39	40	1	0	25	27
32	32	0	0	1	162	3	39	40	41	1	0	0	34	27	28
32	32	0	0	1	163	3	39	40	41	1	0	0	27	33	31
32	32	0	0	1	164	3	39	40	41	1	0	0	38	35	35
32	32	0	0	1	165	2	39	40	1	0	35	29
32	32	0	0	1	166	2	39	40	1	0	4	19
32	32	0	0	1	167	3	39	40	41	0	0	0	4	13	17
32	32	0	0	1	168	3	39	40	41	1	0	0	33	34	35
32	32	0	0	1	169	2	40	41	0	0	28	25
32	32	0	0	1	170	1	41	0	21
32	32	0	0	1	171	2	42	43	0	0	34	28
32	32	0	0	1	172	3	42	45	46	0	0	0	29	25	29
32	32	0	0	1	173	2	42	43	0	0	4	30
32	32	0	0	1	174	1	43	0	34
32	32	0	0	1	175	1	43	0	39
32	32	0	0	1	176	1	44	0	32
32	32	0	0	1	177	2	44	45	0	1	33	40
32	32	0	0	1	178	2	44	49	0	0	35	25
32	32	0	0	1	179	4	44	45	46	50	0	1	0	0	31	4	12	31
32	32	0	0	1	180	3	45	46	50	0	0	0	26	34	34
32	32	0	0	1	181	3	45	46	49	1	0	0	32	36	29
32	32	0	0	1	182	4	46	47	48	50	0	0	0	0	33	36	29	19
32	32	0	0	1	183	4	46	47	48	50	0	0	0	0	26	30	25	35
32	32	0	0	1	184	4	46	47	48	50	0	0	0	0	26	21	15	39
32	32	0	0	1	185	3	46	47	48	0	0	0	30	22	19
32	32	0	0	1	186	3	47	48	51	0	0	0	39	29	19
32	32	0	0	1	187	2	49	52	0	0	39	24
32	32	0	0	1	188	2	49	52	0	0	33	34
32	32	0	0	1	189	2	49	51	0	0	28	35
32	32	0	0	1	190	3	49	50	52	0	0	0	20	12	27
32	32	0	0	1	191	2	50	52	0	0	28	26
32	32	0	0	1	192	2	50	53	0	0	26	35
32	32	0	0	1	193	1	50	0	32
32	32	0	0	1	194	1	50	0	30
32	32	0	0	1	195	1	51	0	22
32	32	0	0	1	196	1	51	0	33
32	32	0	0	1	197	1	51	0	27
32	32	0	0	1	198	2	52	53	0	0	26	34
32	32	0	0	1	199	2	52	54	0	0	22	26
32	32	0	0	1	200	1	52	0	8
32	32	0	0	1	201	1	52	0	26
32	32	0	0	1	202	1	53	0	25
32	32	0	0	1	203	1	53	0	31
32	32	0	0	1	204	1	54	0	16
32	32	0	0	1	205	4	54	55	56	57	0	0	0	0	30	39	37	38
32	32	0	0	1	206	2	55	56	0	0	30	30
32	32	0	0	1	207	2	55	56	0	0	28	24
32	32	0	0	1	208	1	57	0	26
32	32	0	0	1	209	1	57	0	31
32	32	0	0	1	210	2	58	59	0	0	9	33
32	32	0	0	1	211	1	60	0	39
32	32	0	0	1	212	1	60	0	36
32	32	0	0	1	213	1	60	0	39
32	32	0	0	1	214	1	60	0	39
32	32	0	0	1	215	1	61	0	24
32	32	0	0	1	216	1	61	0	24
32	32	0	0	1	217	3	61	62	63	0	0	0	22	42	40
32	32	0	0	1	218	2	61	62	0	0	26	24
32	32	0	0	1	219	2	62	63	0	0	27	32
32	32	0	0	1	220	1	62	0	34
32	32	0	0	1	221	2	63	67	0	0	36	33
32	32	0	0	1	222	1	63	0	26
32	32	0	0	1	223	4	63	64	66	67	0	0	0	0	35	22	31	33
32	32	0	0	1	224	2	63	64	0	0	37	22
32	32	0	0	1	225	2	63	64	0	0	40	23
32	32	0	0	1	226	1	63	0	33
32	32	0	0	1	227	1	63	0	34
32	32	0	0	1	228	4	63	65	66	67	0	0	0	0	14	23	26	28
32	32	0	0	1	229	2	63	64	0	0	27	23
32	32	0	0	1	230	2	63	64	0	0	28	30
32	32	0	0	1	231	2	63	64	0	0	39	24
32	32	0	0	1	232	2	63	64	0	0	37	10
32	32	0	0	1	233	2	63	64	0	0	39	22
32	32	0	0	1	234	1	64	0	28
32	32	0	0	1	235	1	64	0	30
32	32	0	0	1	236	1	64	0	27
32	32	0	0	1	237	1	64	0	24
32	32	0	0	1	238	1	64	0	28
32	32	0	0	1	239	1	65	0	30
32	32	0	0	1	240	1	66	0	14
32	32	0	0	1	241	1	66	0	1
32	32	0	0	1	242	3	65	66	67	0	0	0	20	29	17
32	32	0	0	1	243	2	65	66	0	0	34	30
32	32	0	0	1	244	3	65	66	67	0	0	0	28	36	25
32	32	0	0	1	245	3	65	66	67	0	0	0	28	36	26
32	32	0	0	1	246	1	67	0	21
32	32	0	0	1	247	2	68	72	0	0	35	32
32	32	0	0	1	248	2	68	69	0	0	40	40
32	32	0	0	1	249	3	68	69	70	0	0	0	36	35	25
32	32	0	0	1	250	4	68	69	70	72	0	0	0	0	16	30	32	32
32	32	0	0	1	251	2	68	69	0	0	26	3
32	32	0	0	1	252	3	68	69	72	0	0	0	28	30	35
32	32	0	0	1	253	3	68	69	72	0	0	0	29	30	24
32	32	0	0	1	254	4	68	69	70	72	0	0	0	0	33	35	29	30
32	32	0	0	1	255	3	68	69	70	0	0	0	31	22	26
32	32	0	0	1	256	3	68	69	70	0	0	0	41	28	25
32	32	0	0	1	257	2	69	70	0	0	28	32
32	32	0	0	1	258	2	69	70	0	0	28	22
32	32	0	0	1	259	1	71	0	34
32	32	0	0	1	260	1	71	0	33
32	32	0	0	1	261	1	71	0	31
32	32	0	0	1	262	1	71	0	34
32	32	0	0	1	263	3	71	73	74	0	0	0	33	40	40
32	32	0	0	1	264	1	71	0	37
32	32	0	0	1	265	1	72	0	37
32	32	0	0	1	266	1	72	0	27
32	32	0	0	1	267	1	72	0	23
32	32	0	0	1	268	2	72	74	0	0	21	40
32	32	0	0	1	269	1	72	0	22
32	32	0	0	1	270	4	73	76	77	78	0	0	0	0	28	9	10	32
32	32	0	0	1	271	4	73	76	77	78	0	0	0	0	11	22	23	36
32	32	0	0	1	272	1	73	0	26
32	32	0	0	1	273	4	73	76	77	78	0	0	0	0	16	22	22	37
32	32	0	0	1	274	3	73	76	77	0	0	0	22	24	9
32	32	0	0	1	275	1	73	0	28
32	32	0	0	1	276	3	73	76	77	0	0	0	16	22	22
32	32	0	0	1	277	2	73	78	0	0	25	33
32	32	0	0	1	278	2	73	78	0	0	30	20
32	32	0	0	1	279	2	73	78	0	0	29	24
32	32	0	0	1	280	4	73	76	77	78	0	0	0	0	22	21	29	23
32	32	0	0	1	281	4	73	76	77	78	0	0	0	0	29	9	8	25
32	32	0	0	1	282	2	73	79	0	0	22	29
32	32	0	0	1	283	3	73	76	77	0	0	0	27	21	23
32	32	0	0	1	284	2	73	74	0	0	26	32
32	32	0	0	1	285	4	73	76	77	78	0	0	0	0	25	22	28	32
32	32	0	0	1	286	1	73	0	17
32	32	0	0	1	287	4	74	76	77	78	0	0	0	0	9	22	22	37
32	32	0	0	1	288	2	74	78	0	0	18	34
32	32	0	0	1	289	2	74	78	0	0	21	27
32	32	0	0	1	290	1	75	0	33
32	32	0	0	1	291	2	75	79	0	0	33	33
32	32	0	0	1	292	2	75	79	0	0	27	38
32	32	0	0	1	293	1	75	0	25
32	32	0	0	1	294	2	75	80	0	1	38	25
32	32	0	0	1	295	1	75	0	36
32	32	0	0	1	296	4	76	77	80	81	0	0	1	0	33	33	34	34
32	32	0	0	1	297	3	76	77	80	0	0	1	19	16	13
32	32	0	0	1	298	4	76	77	78	82	0	0	0	0	25	26	25	37
32	32	0	0	1	299	4	76	77	81	82	0	0	0	0	4	8	22	23
32	32	0	0	1	300	5	76	77	78	81	82	0	0	0	0	0	32	31	37	35	33
32	32	0	0	1	301	3	76	77	78	0	0	0	30	29	31
32	32	0	0	1	302	3	76	77	78	0	0	0	34	33	27
32	32	0	0	1	303	1	78	0	29
32	32	0	0	1	304	1	79	0	25
32	32	0	0	1	305	1	79	0	16
32	32	0	0	1	306	1	80	1	36
32	32	0	0	1	307	1	80	1	25
32	32	0	0	1	308	2	80	83	1	0	3	38
32	32	0	0	1	309	1	81	0	28
32	32	0	0	1	310	1	82	0	36
32	32	0	0	1	311	1	83	0	35
32	32	0	0	1	312	1	83	0	32
32	32	0	0	1	313	1	83	0	22
32	32	0	0	1	314	4	83	86	87	88	0	0	0	0	36	39	34	39
32	32	0	0	1	315	2	84	85	1	0	16	34
32	32	0	0	1	316	2	84	85	1	0	35	36
32	32	0	0	1	317	1	91	0	30
32	32	0	0	1	318	2	91	92	0	0	28	28
32	32	0	0	1	319	2	91	92	0	0	31	29
32	32	0	0	1	320	1	96	0	34
32	32	0	0	1	321	1	96	0	38
32	32	0	0	1	322	1	96	0	34
32	32	0	0	1	323	1	100	0	29
