16	16	0	0	1	1	2	3	0	0	0
16	16	0	0	1	2	3	1	0	0	0
16	16	0	0	1	3	4	2	0	0	0
16	16	0	0	1	5	6	6	0	0	0
16	16	0	0	1	7	8	0	4	0	0
16	16	0	0	1	10	11	5	0	0	0
16	16	0	0	1	12	13	2	0	0	0
16	16	0	0	1	17	18	1	0	0	0
16	16	0	0	1	18	19	1	0	0	0
16	16	0	0	1	19	20	2	0	0	0
16	16	0	0	1	20	21	3	0	0	0
16	16	0	0	1	22	23	3	0	0	0
16	16	0	0	1	24	25	1	0	0	0
16	16	0	0	1	25	26	3	0	0	0
16	16	0	0	1	26	27	1	0	0	0
16	16	0	0	1	27	28	3	0	0	0
16	16	0	0	1	28	29	3	0	0	0
16	16	0	0	1	29	30	3	0	0	0
16	16	0	0	1	30	31	1	0	0	0
16	16	0	0	1	32	33	2	0	0	0
16	16	0	0	1	39	40	0	0	2	0
16	16	0	0	1	42	43	3	0	0	0
16	16	0	0	1	44	45	0	4	0	0
16	16	0	0	1	46	47	2	0	0	0
16	16	0	0	1	47	48	1	0	0	0
16	16	0	0	1	49	50	2	0	0	0
16	16	0	0	1	52	53	1	0	0	0
16	16	0	0	1	54	55	1	0	0	0
16	16	0	0	1	55	56	4	0	0	0
16	16	0	0	1	57	58	4	1	0	0
16	16	0	0	1	58	59	1	0	0	0
16	16	0	0	1	61	62	3	0	0	0
16	16	0	0	1	62	63	1	0	0	0
16	16	0	0	1	63	64	2	0	0	0
16	16	0	0	1	65	66	3	0	0	0
16	16	0	0	1	68	69	2	0	0	0
16	16	0	0	1	69	70	1	0	0	0
16	16	0	0	1	70	71	1	0	0	0
16	16	0	0	1	72	73	2	0	0	0
16	16	0	0	1	73	74	2	0	0	0
16	16	0	0	1	74	75	1	0	0	0
16	16	0	0	1	76	77	2	0	0	0
16	16	0	0	1	78	79	1	0	0	0
16	16	0	0	1	83	84	1	0	0	0
16	16	0	0	1	84	85	3	0	0	0
16	16	0	0	1	85	86	1	0	0	0
16	16	0	0	1	86	87	5	0	0	0
16	16	0	0	1	87	88	1	0	0	0
16	16	0	0	1	88	89	3	0	0	0
16	16	0	0	1	91	92	4	0	0	0
16	16	0	0	1	94	95	1	0	0	0
16	16	0	0	1	96	97	2	0	0	0
16	16	0	0	1	97	98	3	0	0	0
16	16	0	0	1	98	99	2	0	0	0
16	16	0	0	1	99	100	3	0	0	0
