31	31	0	0	1	1	1	1	0	24
31	31	0	0	1	2	1	1	0	28
31	31	0	0	1	3	3	1	2	6	0	0	0	32	31	34
31	31	0	0	1	4	2	4	7	0	0	30	33
31	31	0	0	1	5	3	5	7	8	0	0	1	32	31	32
31	31	0	0	1	6	3	5	6	8	0	0	1	30	32	32
31	31	0	0	1	7	1	6	0	34
31	31	0	0	1	8	1	9	0	31
31	31	0	0	1	9	1	9	0	32
31	31	0	0	1	10	1	9	0	29
31	31	0	0	1	11	1	9	0	36
31	31	0	0	1	12	1	10	0	32
31	31	0	0	1	13	2	10	11	0	0	31	33
31	31	0	0	1	14	3	10	11	14	0	0	0	35	36	30
31	31	0	0	1	15	3	10	11	12	0	0	0	2	29	32
31	31	0	0	1	16	2	10	11	0	0	27	34
31	31	0	0	1	17	2	12	14	0	0	28	31
31	31	0	0	1	18	2	12	13	0	0	32	25
31	31	0	0	1	19	2	12	13	0	0	33	25
31	31	0	0	1	20	1	13	0	23
31	31	0	0	1	21	1	14	0	25
31	31	0	0	1	22	1	15	0	27
31	31	0	0	1	23	2	15	17	0	0	35	23
31	31	0	0	1	24	2	16	17	1	0	33	23
31	31	0	0	1	25	1	16	1	29
31	31	0	0	1	26	1	16	1	34
31	31	0	0	1	27	1	17	0	29
31	31	0	0	1	28	1	17	0	32
31	31	0	0	1	29	1	17	0	4
31	31	0	0	1	30	1	17	0	25
31	31	0	0	1	31	3	18	20	21	0	0	0	27	26	27
31	31	0	0	1	32	2	18	20	0	0	26	33
31	31	0	0	1	33	3	18	19	20	0	0	0	25	35	32
31	31	0	0	1	34	1	19	0	30
31	31	0	0	1	35	1	21	0	25
31	31	0	0	1	36	1	21	0	29
31	31	0	0	1	37	2	22	23	0	0	33	34
31	31	0	0	1	38	3	22	23	24	0	0	0	26	22	29
31	31	0	0	1	39	3	22	23	24	0	0	0	26	26	34
31	31	0	0	1	40	3	22	23	24	0	0	0	37	33	35
31	31	0	0	1	41	3	22	23	24	0	0	0	34	35	33
31	31	0	0	1	42	1	24	0	31
31	31	0	0	1	43	1	25	0	26
31	31	0	0	1	44	1	25	0	31
31	31	0	0	1	45	3	25	30	31	0	0	0	32	32	31
31	31	0	0	1	46	2	25	31	0	0	34	30
31	31	0	0	1	47	1	25	0	31
31	31	0	0	1	48	2	25	32	0	0	33	2
31	31	0	0	1	49	1	26	0	8
31	31	0	0	1	50	4	26	27	28	29	0	0	0	0	31	30	24	30
31	31	0	0	1	51	4	26	27	28	29	0	0	0	0	26	29	23	25
31	31	0	0	1	52	4	26	27	28	29	0	0	0	0	22	25	21	28
31	31	0	0	1	53	3	28	29	30	0	0	0	27	34	33
31	31	0	0	1	54	3	30	32	33	0	0	0	24	33	34
31	31	0	0	1	55	1	30	0	33
31	31	0	0	1	56	1	30	0	33
31	31	0	0	1	57	1	30	0	30
31	31	0	0	1	58	2	30	31	0	0	28	33
31	31	0	0	1	59	1	30	0	21
31	31	0	0	1	60	2	30	31	0	0	26	26
31	31	0	0	1	61	1	31	0	35
31	31	0	0	1	62	1	31	0	30
31	31	0	0	1	63	2	31	34	0	0	30	16
31	31	0	0	1	64	2	32	35	0	0	29	31
31	31	0	0	1	65	2	32	35	0	0	34	32
31	31	0	0	1	66	3	32	33	35	0	0	0	31	12	3
31	31	0	0	1	67	3	32	33	35	0	0	0	31	28	30
31	31	0	0	1	68	2	32	33	0	0	34	30
31	31	0	0	1	69	2	32	33	0	0	31	30
31	31	0	0	1	70	2	32	33	0	0	21	23
31	31	0	0	1	71	2	34	35	0	0	29	32
31	31	0	0	1	72	2	35	36	0	0	3	14
31	31	0	0	1	73	1	35	0	35
31	31	0	0	1	74	1	35	0	27
31	31	0	0	1	75	1	35	0	32
31	31	0	0	1	76	1	36	0	29
31	31	0	0	1	77	1	36	0	23
31	31	0	0	1	78	1	37	1	32
31	31	0	0	1	79	1	37	0	4
31	31	0	0	1	80	1	38	0	4
31	31	0	0	1	81	2	38	41	0	0	30	22
31	31	0	0	1	82	1	38	0	31
31	31	0	0	1	83	2	39	40	1	0	31	33
31	31	0	0	1	84	1	39	1	34
31	31	0	0	1	85	2	39	40	1	0	22	2
31	31	0	0	1	86	2	39	40	1	0	33	37
31	31	0	0	1	87	2	39	40	1	0	35	10
31	31	0	0	1	88	1	41	0	32
31	31	0	0	1	89	3	42	44	45	0	0	1	34	24	33
31	31	0	0	1	90	1	42	0	31
31	31	0	0	1	91	1	42	0	29
31	31	0	0	1	92	1	48	0	4
31	31	0	0	1	93	2	42	43	0	0	33	33
31	31	0	0	1	94	2	42	43	0	0	32	23
31	31	0	0	1	95	1	43	0	24
31	31	0	0	1	96	1	43	0	35
31	31	0	0	1	97	4	43	46	47	48	0	0	0	0	31	35	24	32
31	31	0	0	1	98	1	43	0	3
31	31	0	0	1	99	2	44	49	0	0	20	2
31	31	0	0	1	100	2	44	45	0	1	21	17
31	31	0	0	1	101	3	45	46	49	1	0	0	33	20	35
31	31	0	0	1	102	4	46	47	48	50	0	0	0	0	7	28	22	31
31	31	0	0	1	103	2	49	52	0	0	33	29
31	31	0	0	1	104	2	50	53	0	0	26	30
31	31	0	0	1	105	2	51	53	0	0	31	24
31	31	0	0	1	106	1	51	0	15
31	31	0	0	1	107	1	53	0	32
31	31	0	0	1	108	1	53	0	29
31	31	0	0	1	109	1	53	0	26
31	31	0	0	1	110	1	53	0	33
31	31	0	0	1	111	1	53	0	28
31	31	0	0	1	112	1	53	0	34
31	31	0	0	1	113	2	53	55	0	0	27	37
31	31	0	0	1	114	1	53	0	27
31	31	0	0	1	115	3	55	56	60	0	0	0	32	36	31
31	31	0	0	1	116	2	55	56	0	0	37	36
31	31	0	0	1	117	3	55	56	57	0	0	1	27	33	29
31	31	0	0	1	118	1	57	1	31
31	31	0	0	1	119	2	57	58	0	0	29	9
31	31	0	0	1	120	4	57	58	59	61	0	0	0	0	32	24	24	28
31	31	0	0	1	121	4	57	58	59	61	0	0	0	0	31	25	19	11
31	31	0	0	1	122	4	57	58	59	61	0	0	0	0	31	31	30	30
31	31	0	0	1	123	3	58	59	61	0	0	0	31	25	31
31	31	0	0	1	124	2	58	59	0	0	25	15
31	31	0	0	1	125	3	58	59	61	0	0	0	22	23	31
31	31	0	0	1	126	4	58	59	61	62	0	0	0	0	32	33	28	29
31	31	0	0	1	127	2	60	61	0	0	33	27
31	31	0	0	1	128	1	60	0	37
31	31	0	0	1	129	1	60	0	33
31	31	0	0	1	130	1	60	0	34
31	31	0	0	1	131	1	61	0	24
31	31	0	0	1	132	1	61	0	33
31	31	0	0	1	133	1	61	0	33
31	31	0	0	1	134	3	61	62	63	0	0	0	27	29	31
31	31	0	0	1	135	3	62	63	64	0	0	0	19	29	31
31	31	0	0	1	136	1	63	0	32
31	31	0	0	1	137	1	63	0	33
31	31	0	0	1	138	1	63	0	35
31	31	0	0	1	139	1	63	0	4
31	31	0	0	1	140	2	63	64	0	0	34	17
31	31	0	0	1	141	1	64	0	16
31	31	0	0	1	142	1	64	0	22
31	31	0	0	1	143	1	64	0	30
31	31	0	0	1	144	1	64	0	31
31	31	0	0	1	145	1	64	0	1
31	31	0	0	1	146	2	65	66	0	0	31	34
31	31	0	0	1	147	1	67	0	25
31	31	0	0	1	148	1	68	0	32
31	31	0	0	1	149	2	68	69	0	0	33	31
31	31	0	0	1	150	1	68	0	29
31	31	0	0	1	151	3	69	70	72	0	0	0	30	32	29
31	31	0	0	1	152	2	69	70	0	0	2	12
31	31	0	0	1	153	2	69	70	1	0	9	24
31	31	0	0	1	154	1	70	0	26
31	31	0	0	1	155	1	71	0	32
31	31	0	0	1	156	1	71	0	28
31	31	0	0	1	157	1	71	0	34
31	31	0	0	1	158	1	71	0	12
31	31	0	0	1	159	1	71	0	28
31	31	0	0	1	160	1	71	0	34
31	31	0	0	1	161	1	71	0	28
31	31	0	0	1	162	2	71	73	0	0	31	31
31	31	0	0	1	163	1	72	0	2
31	31	0	0	1	164	1	74	0	31
31	31	0	0	1	165	2	74	78	0	0	27	30
31	31	0	0	1	166	1	74	0	32
31	31	0	0	1	167	1	75	0	34
31	31	0	0	1	168	2	75	79	0	0	28	3
31	31	0	0	1	169	2	75	79	0	0	35	29
31	31	0	0	1	170	1	75	0	34
31	31	0	0	1	171	1	75	0	31
31	31	0	0	1	172	3	77	78	82	0	0	0	34	27	4
31	31	0	0	1	173	1	78	0	25
31	31	0	0	1	174	1	78	0	37
31	31	0	0	1	175	2	79	83	0	0	29	35
31	31	0	0	1	176	1	79	0	30
31	31	0	0	1	177	2	79	83	0	0	29	30
31	31	0	0	1	178	1	79	0	4
31	31	0	0	1	179	1	79	0	19
31	31	0	0	1	180	2	79	83	0	0	26	30
31	31	0	0	1	181	1	80	1	31
31	31	0	0	1	182	2	80	83	1	0	4	22
31	31	0	0	1	183	1	80	1	31
31	31	0	0	1	184	2	80	83	1	0	3	31
31	31	0	0	1	185	3	80	84	85	1	0	0	29	23	33
31	31	0	0	1	186	3	80	84	85	1	0	0	30	33	36
31	31	0	0	1	187	1	81	0	29
31	31	0	0	1	188	4	81	82	84	85	0	0	0	0	34	34	35	35
31	31	0	0	1	189	1	82	0	32
31	31	0	0	1	190	1	83	0	33
31	31	0	0	1	191	1	83	0	29
31	31	0	0	1	192	1	83	0	32
31	31	0	0	1	193	4	84	85	86	87	0	0	0	0	31	33	34	34
31	31	0	0	1	194	2	84	85	0	0	31	34
31	31	0	0	1	195	3	86	87	88	0	0	0	31	35	29
31	31	0	0	1	196	5	86	87	88	89	93	0	0	0	0	0	32	29	34	32	34
31	31	0	0	1	197	4	86	87	88	93	0	0	0	0	29	38	26	24
31	31	0	0	1	198	5	86	87	88	89	93	0	0	0	0	0	33	33	31	32	35
31	31	0	0	1	199	3	87	88	89	0	0	0	30	2	30
31	31	0	0	1	200	3	89	90	94	0	0	0	33	31	32
31	31	0	0	1	201	3	90	94	95	0	0	0	32	34	35
31	31	0	0	1	202	1	91	0	28
31	31	0	0	1	203	3	91	92	93	0	0	0	30	31	34
31	31	0	0	1	204	3	91	92	93	0	0	0	30	30	32
31	31	0	0	1	205	1	93	0	31
31	31	0	0	1	206	1	96	0	34
31	31	0	0	1	207	2	96	97	0	0	31	4
31	31	0	0	1	208	4	97	98	99	100	0	0	0	0	33	34	34	33
31	31	0	0	1	209	4	97	98	99	100	0	0	0	0	32	22	17	1
