24	24	0	0	1	1	3	1	2	8	0	0	0	33	18	22
24	24	0	0	1	2	2	1	2	0	0	26	34
24	24	0	0	1	3	4	1	2	7	8	0	0	0	0	35	30	33	26
24	24	0	0	1	4	4	1	2	3	4	0	0	0	0	36	30	34	34
24	24	0	0	1	5	4	1	2	5	6	0	0	0	0	32	30	28	31
24	24	0	0	1	6	2	3	4	0	0	30	34
24	24	0	0	1	7	2	5	6	0	0	33	28
24	24	0	0	1	8	2	5	6	0	0	34	33
24	24	0	0	1	9	2	5	6	0	0	33	35
24	24	0	0	1	10	1	6	0	36
24	24	0	0	1	11	2	6	9	0	0	32	17
24	24	0	0	1	12	1	7	0	29
24	24	0	0	1	13	2	8	9	0	0	29	23
24	24	0	0	1	14	1	9	0	29
24	24	0	0	1	15	1	9	0	31
24	24	0	0	1	16	3	9	10	11	0	0	0	28	30	30
24	24	0	0	1	17	2	10	11	0	0	29	29
24	24	0	0	1	18	3	10	11	12	0	0	0	30	34	27
24	24	0	0	1	19	3	10	11	12	0	0	0	32	33	27
24	24	0	0	1	20	2	10	11	0	0	32	32
24	24	0	0	1	21	4	10	11	12	13	0	0	0	0	33	36	28	26
24	24	0	0	1	22	2	12	13	0	0	32	32
24	24	0	0	1	23	2	12	13	0	0	34	28
24	24	0	0	1	24	2	12	13	0	0	22	27
24	24	0	0	1	25	1	14	0	2
24	24	0	0	1	26	1	14	0	33
24	24	0	0	1	27	1	14	0	33
24	24	0	0	1	28	1	15	0	33
24	24	0	0	1	29	2	15	17	0	0	35	25
24	24	0	0	1	30	4	15	16	20	21	0	0	0	1	25	5	29	20
24	24	0	0	1	31	2	16	16	1	1	21	36
24	24	0	0	1	32	3	16	20	21	1	0	0	33	33	35
24	24	0	0	1	33	3	16	20	21	0	0	1	29	33	30
24	24	0	0	1	34	3	17	18	19	0	0	0	30	23	17
24	24	0	0	1	35	2	17	18	0	0	30	27
24	24	0	0	1	36	4	17	18	19	19	0	0	0	0	31	25	31	30
24	24	0	0	1	37	1	20	0	32
24	24	0	0	1	38	4	20	22	23	24	0	0	0	0	33	29	29	30
24	24	0	0	1	39	1	20	0	34
24	24	0	0	1	40	3	20	20	21	0	0	0	31	32	34
24	24	0	0	1	41	2	20	21	0	0	30	32
24	24	0	0	1	42	2	20	21	0	0	36	10
24	24	0	0	1	43	1	21	0	32
24	24	0	0	1	44	2	22	23	0	0	12	26
24	24	0	0	1	45	4	22	22	23	23	0	0	0	0	25	32	23	32
24	24	0	0	1	46	3	22	23	24	0	0	0	26	27	28
24	24	0	0	1	47	4	22	22	23	23	0	0	0	0	31	32	25	34
24	24	0	0	1	48	5	22	23	24	30	31	0	0	0	0	0	33	31	33	35	36
24	24	0	0	1	49	1	24	0	35
24	24	0	0	1	50	2	25	35	0	0	33	33
24	24	0	0	1	51	1	25	0	33
24	24	0	0	1	52	1	25	0	29
24	24	0	0	1	53	5	25	26	27	28	29	0	0	0	0	0	32	4	19	15	28
24	24	0	0	1	54	3	25	26	35	0	0	0	33	31	33
24	24	0	0	1	55	2	25	26	0	0	32	30
24	24	0	0	1	56	3	25	26	35	0	0	0	23	21	34
24	24	0	0	1	57	5	25	27	28	29	30	0	0	0	0	0	33	15	18	25	33
24	24	0	0	1	58	3	25	26	31	0	0	0	31	18	33
24	24	0	0	1	59	5	25	26	27	28	29	0	0	0	0	0	29	26	28	25	30
24	24	0	0	1	60	5	26	27	28	29	35	0	0	0	0	0	30	27	17	21	20
24	24	0	0	1	61	5	26	27	28	29	31	0	0	0	0	0	34	20	27	20	34
24	24	0	0	1	62	4	27	28	29	30	0	0	0	0	29	31	26	32
24	24	0	0	1	63	3	28	29	30	0	0	0	32	27	22
24	24	0	0	1	64	2	29	30	0	0	18	28
24	24	0	0	1	65	1	31	0	24
24	24	0	0	1	66	2	31	35	0	0	27	33
24	24	0	0	1	67	3	33	34	36	0	0	0	33	33	26
24	24	0	0	1	68	2	33	34	0	0	32	29
24	24	0	0	1	69	1	34	0	32
24	24	0	0	1	70	1	35	0	34
24	24	0	0	1	71	1	35	0	30
24	24	0	0	1	72	1	35	0	27
24	24	0	0	1	73	1	36	0	31
24	24	0	0	1	74	2	36	38	0	1	28	34
24	24	0	0	1	75	4	36	39	40	41	0	1	0	0	26	32	15	19
24	24	0	0	1	76	4	37	39	40	41	0	1	0	0	29	33	30	30
24	24	0	0	1	77	1	37	0	28
24	24	0	0	1	78	1	37	0	20
24	24	0	0	1	79	3	37	38	39	1	0	1	30	34	34
24	24	0	0	1	80	1	38	0	35
24	24	0	0	1	81	1	38	1	32
24	24	0	0	1	82	2	39	40	1	0	33	31
24	24	0	0	1	83	2	39	40	1	0	33	32
24	24	0	0	1	84	4	39	40	41	43	1	0	0	0	32	31	27	33
24	24	0	0	1	85	1	42	0	31
24	24	0	0	1	86	1	42	0	31
24	24	0	0	1	87	2	44	50	0	0	25	33
24	24	0	0	1	88	5	45	45	46	46	47	1	1	0	0	0	27	22	6	30	28
24	24	0	0	1	89	5	45	46	47	48	53	0	0	0	0	0	23	30	30	25	32
24	24	0	0	1	90	6	45	46	47	48	49	50	0	0	0	0	0	0	26	32	29	26	34	33
24	24	0	0	1	91	4	46	47	48	51	0	0	0	0	32	24	21	36
24	24	0	0	1	92	1	49	0	35
24	24	0	0	1	93	1	49	0	37
24	24	0	0	1	94	2	49	50	0	0	34	33
24	24	0	0	1	95	3	49	50	52	0	0	0	18	12	30
24	24	0	0	1	96	2	50	54	0	0	34	34
24	24	0	0	1	97	1	55	0	31
24	24	0	0	1	98	7	51	52	55	56	57	58	59	0	0	0	0	0	0	0	27	24	31	30	34	13	29
24	24	0	0	1	99	1	52	0	27
24	24	0	0	1	100	1	52	0	24
24	24	0	0	1	101	1	52	0	26
24	24	0	0	1	102	1	53	0	32
24	24	0	0	1	103	3	54	58	59	0	0	0	33	18	36
24	24	0	0	1	104	2	54	60	0	0	33	30
24	24	0	0	1	105	1	54	0	26
24	24	0	0	1	106	4	55	56	61	62	0	0	0	0	28	30	28	32
24	24	0	0	1	107	3	55	56	57	0	0	0	30	35	29
24	24	0	0	1	108	5	55	56	57	58	61	0	0	0	0	0	30	35	30	17	29
24	24	0	0	1	109	6	55	56	57	57	58	59	0	0	0	0	0	0	31	36	16	32	25	35
24	24	0	0	1	110	3	58	59	62	0	0	0	31	33	31
24	24	0	0	1	111	3	60	63	64	0	0	0	33	30	30
24	24	0	0	1	112	2	60	63	0	0	33	30
24	24	0	0	1	113	1	60	0	34
24	24	0	0	1	114	1	60	0	33
24	24	0	0	1	115	1	60	0	3
24	24	0	0	1	116	2	61	63	0	0	28	29
24	24	0	0	1	117	2	61	62	0	0	30	19
24	24	0	0	1	118	3	61	62	67	0	0	0	18	30	25
24	24	0	0	1	119	1	62	0	34
24	24	0	0	1	120	3	63	63	64	0	0	0	34	26	29
24	24	0	0	1	121	2	63	64	0	0	32	24
24	24	0	0	1	122	2	63	64	0	0	36	13
24	24	0	0	1	123	2	65	66	0	0	29	31
24	24	0	0	1	124	2	65	66	0	0	23	33
24	24	0	0	1	125	3	65	66	67	0	0	0	30	35	24
24	24	0	0	1	126	3	65	66	67	0	0	0	32	32	33
24	24	0	0	1	127	1	67	0	31
24	24	0	0	1	128	3	68	69	70	0	1	0	25	3	31
24	24	0	0	1	129	3	69	70	71	0	0	0	24	23	33
24	24	0	0	1	130	2	69	70	1	0	19	6
24	24	0	0	1	131	2	71	74	0	0	33	29
24	24	0	0	1	132	1	71	0	29
24	24	0	0	1	133	2	71	73	0	0	37	31
24	24	0	0	1	134	1	71	0	36
24	24	0	0	1	135	1	71	0	32
24	24	0	0	1	136	4	73	76	77	78	0	0	0	0	18	23	19	27
24	24	0	0	1	137	2	73	74	0	0	24	18
24	24	0	0	1	138	3	73	74	80	0	0	1	23	27	31
24	24	0	0	1	139	5	73	74	76	77	78	0	0	0	0	0	25	30	21	14	31
24	24	0	0	1	140	3	73	74	82	0	0	0	31	29	24
24	24	0	0	1	141	1	75	0	29
24	24	0	0	1	142	1	75	0	25
24	24	0	0	1	143	2	75	78	0	0	31	30
24	24	0	0	1	144	2	76	77	0	0	33	28
24	24	0	0	1	145	2	76	77	0	0	19	31
24	24	0	0	1	146	2	76	77	0	0	33	25
24	24	0	0	1	147	3	76	77	78	0	0	0	32	35	33
24	24	0	0	1	148	3	76	77	78	0	0	0	15	16	29
24	24	0	0	1	149	2	81	82	0	0	32	29
24	24	0	0	1	150	5	83	86	87	88	89	0	0	0	1	0	31	30	23	18	11
24	24	0	0	1	151	5	89	90	90	91	92	0	0	0	0	0	31	26	27	27	33
24	24	0	0	1	152	5	89	90	91	92	93	0	0	0	0	0	32	33	31	31	34
24	24	0	0	1	153	5	91	91	92	92	93	0	0	0	0	0	26	20	27	30	34
24	24	0	0	1	154	8	91	92	93	96	97	98	99	100	0	0	0	0	0	0	0	0	33	34	26	24	34	34	36	33
24	24	0	0	1	155	3	94	99	100	0	0	0	30	32	29
24	24	0	0	1	156	1	96	0	36
24	24	0	0	1	157	1	96	0	34
24	24	0	0	1	158	3	96	97	98	0	0	0	35	30	30
24	24	0	0	1	159	4	97	98	99	100	0	0	0	0	29	34	34	35
24	24	0	0	1	160	1	100	0	34
