21	21	0	0	1	1	2	2	0	0	0
21	21	0	0	1	2	3	3	0	0	0
21	21	0	0	1	3	4	3	0	0	0
21	21	0	0	1	4	5	2	0	0	0
21	21	0	0	1	5	6	4	0	0	0
21	21	0	0	1	7	8	0	4	0	0
21	21	0	0	1	10	11	1	0	0	0
21	21	0	0	1	11	12	1	0	0	0
21	21	0	0	1	12	13	3	0	0	0
21	21	0	0	1	14	15	1	0	0	0
21	21	0	0	1	15	16	0	4	0	0
21	21	0	0	1	18	19	3	0	0	0
21	21	0	0	1	20	21	1	0	0	0
21	21	0	0	1	22	23	2	0	0	0
21	21	0	0	1	23	24	6	0	0	0
21	21	0	0	1	25	26	2	0	0	0
21	21	0	0	1	26	27	2	0	0	0
21	21	0	0	1	27	28	2	0	0	0
21	21	0	0	1	28	29	2	0	0	0
21	21	0	0	1	29	30	2	0	0	0
21	21	0	0	1	30	31	5	0	0	0
21	21	0	0	1	32	33	1	0	0	0
21	21	0	0	1	33	34	4	0	0	0
21	21	0	0	1	34	35	1	0	0	0
21	21	0	0	1	36	37	0	1	0	0
21	21	0	0	1	39	40	0	0	1	0
21	21	0	0	1	40	41	1	0	0	0
21	21	0	0	1	42	43	3	0	0	0
21	21	0	0	1	44	45	0	3	0	0
21	21	0	0	1	45	46	0	0	3	0
21	21	0	0	1	47	48	8	0	0	0
21	21	0	0	1	49	50	2	0	0	0
21	21	0	0	1	52	53	1	0	0	0
21	21	0	0	1	56	57	3	0	0	0
21	21	0	0	1	58	59	4	0	0	0
21	21	0	0	1	59	60	1	0	0	0
21	21	0	0	1	61	62	1	0	0	0
21	21	0	0	1	62	63	1	0	0	0
21	21	0	0	1	63	64	2	0	0	0
21	21	0	0	1	66	67	3	0	0	0
21	21	0	0	1	69	70	7	0	0	0
21	21	0	0	1	70	71	3	0	0	0
21	21	0	0	1	71	72	2	0	0	0
21	21	0	0	1	73	74	5	0	0	0
21	21	0	0	1	74	75	3	0	0	0
21	21	0	0	1	77	78	6	0	0	0
21	21	0	0	1	79	80	0	3	0	0
21	21	0	0	1	80	81	0	0	1	0
21	21	0	0	1	81	82	7	0	0	0
21	21	0	0	1	84	85	6	0	0	0
21	21	0	0	1	86	87	1	0	0	0
21	21	0	0	1	87	88	6	0	0	0
21	21	0	0	1	88	89	1	0	0	0
21	21	0	0	1	89	90	2	0	0	0
21	21	0	0	1	90	91	1	0	0	0
21	21	0	0	1	91	92	2	0	0	0
21	21	0	0	1	92	93	2	0	0	0
21	21	0	0	1	94	95	7	0	0	0
21	21	0	0	1	97	98	1	0	0	0
21	21	0	0	1	98	99	3	0	0	0
21	21	0	0	1	99	100	1	0	0	0
