21	21	0	0	1	1	2	5	0	0	0
21	21	0	0	1	3	4	8	0	0	0
21	21	0	0	1	5	6	4	0	0	0
21	21	0	0	1	7	8	0	4	0	0
21	21	0	0	1	10	11	2	0	0	0
21	21	0	0	1	12	13	3	0	0	0
21	21	0	0	1	14	15	1	0	0	0
21	21	0	0	1	15	16	0	4	0	0
21	21	0	0	1	17	18	2	0	0	0
21	21	0	0	1	18	19	1	0	0	0
21	21	0	0	1	20	21	1	0	0	0
21	21	0	0	1	22	23	6	0	0	0
21	21	0	0	1	23	24	2	0	0	0
21	21	0	0	1	25	26	4	0	0	0
21	21	0	0	1	26	27	2	0	0	0
21	21	0	0	1	27	28	2	0	0	0
21	21	0	0	1	28	29	3	0	0	0
21	21	0	0	1	29	30	2	0	0	0
21	21	0	0	1	30	31	5	0	0	0
21	21	0	0	1	32	33	3	0	0	0
21	21	0	0	1	33	34	2	0	0	0
21	21	0	0	1	34	35	2	0	0	0
21	21	0	0	1	36	37	0	1	0	0
21	21	0	0	1	39	40	0	0	2	0
21	21	0	0	1	42	43	3	0	0	0
21	21	0	0	1	44	45	0	6	0	0
21	21	0	0	1	46	47	4	0	0	0
21	21	0	0	1	47	48	4	0	0	0
21	21	0	0	1	49	50	2	0	0	0
21	21	0	0	1	52	53	1	0	0	0
21	21	0	0	1	55	56	3	0	0	0
21	21	0	0	1	57	58	4	0	0	0
21	21	0	0	1	58	59	1	0	0	0
21	21	0	0	1	61	62	2	0	0	0
21	21	0	0	1	63	64	3	0	0	0
21	21	0	0	1	65	66	3	0	0	0
21	21	0	0	1	68	69	7	0	0	0
21	21	0	0	1	69	70	2	0	0	0
21	21	0	0	1	70	71	2	0	0	0
21	21	0	0	1	71	72	1	0	0	0
21	21	0	0	1	73	74	6	0	0	0
21	21	0	0	1	74	75	2	0	0	0
21	21	0	0	1	76	77	6	0	0	0
21	21	0	0	1	78	79	2	0	0	0
21	21	0	0	1	79	80	0	3	0	0
21	21	0	0	1	80	81	0	0	5	0
21	21	0	0	1	81	82	3	0	0	0
21	21	0	0	1	83	84	1	0	0	0
21	21	0	0	1	84	85	5	0	0	0
21	21	0	0	1	85	86	1	0	0	0
21	21	0	0	1	86	87	6	0	0	0
21	21	0	0	1	87	88	1	0	0	0
21	21	0	0	1	88	89	2	0	0	0
21	21	0	0	1	89	90	1	0	0	0
21	21	0	0	1	90	91	3	0	0	0
21	21	0	0	1	91	92	2	0	0	0
21	21	0	0	1	92	93	1	0	0	0
21	21	0	0	1	94	95	7	0	0	0
21	21	0	0	1	96	97	1	0	0	0
21	21	0	0	1	97	98	3	0	0	0
21	21	0	0	1	98	99	1	0	0	0
21	21	0	0	1	99	100	3	0	0	0
