19	19	0	0	1	1	2	1	0	0	0
19	19	0	0	1	2	3	1	0	0	0
19	19	0	0	1	3	4	1	0	0	0
19	19	0	0	1	5	6	1	0	0	0
19	19	0	0	1	7	8	0	1	0	0
19	19	0	0	1	10	11	3	0	0	0
19	19	0	0	1	12	13	2	0	0	0
19	19	0	0	1	15	16	0	1	0	0
19	19	0	0	1	17	18	2	0	0	0
19	19	0	0	1	18	19	1	0	0	0
19	19	0	0	1	23	24	1	0	0	0
19	19	0	0	1	25	26	1	0	0	0
19	19	0	0	1	26	27	1	0	0	0
19	19	0	0	1	28	29	1	0	0	0
19	19	0	0	1	32	33	2	0	0	0
19	19	0	0	1	33	34	2	0	0	0
19	19	0	0	1	36	37	0	1	0	0
19	19	0	0	1	38	39	0	1	0	0
19	19	0	0	1	39	40	0	0	1	0
19	19	0	0	1	40	41	1	0	0	0
19	19	0	0	1	44	45	0	1	0	0
19	19	0	0	1	47	48	1	0	0	0
19	19	0	0	1	55	56	2	0	0	0
19	19	0	0	1	57	58	2	0	0	0
19	19	0	0	1	59	60	1	0	0	0
19	19	0	0	1	61	62	1	0	0	0
19	19	0	0	1	63	64	1	0	0	0
19	19	0	0	1	68	69	2	0	0	0
19	19	0	0	1	69	70	1	0	0	0
19	19	0	0	1	81	82	1	0	0	0
19	19	0	0	1	84	85	1	0	0	0
19	19	0	0	1	86	87	1	0	0	0
19	19	0	0	1	88	89	1	0	1	0
19	19	0	0	1	90	91	1	0	0	0
19	19	0	0	1	94	95	1	0	0	0
19	19	0	0	1	97	98	1	0	0	0
19	19	0	0	1	99	100	1	0	0	0
