18	18	0	0	1	1	2	3	0	0	0
18	18	0	0	1	3	4	1	0	0	0
18	18	0	0	1	5	6	1	0	0	0
18	18	0	0	1	7	8	2	1	0	0
18	18	0	0	1	10	11	3	0	0	0
18	18	0	0	1	12	13	3	0	0	0
18	18	0	0	1	15	16	1	0	0	0
18	18	0	0	1	16	17	1	0	0	0
18	18	0	0	1	17	18	1	0	0	0
18	18	0	0	1	19	20	1	0	0	0
18	18	0	0	1	20	21	3	0	0	0
18	18	0	0	1	22	23	5	0	0	0
18	18	0	0	1	23	24	2	0	0	0
18	18	0	0	1	24	25	1	0	0	0
18	18	0	0	1	25	26	1	0	0	0
18	18	0	0	1	26	27	1	0	0	0
18	18	0	0	1	27	28	3	0	0	0
18	18	0	0	1	28	29	1	0	0	0
18	18	0	0	1	29	30	1	0	0	0
18	18	0	0	1	30	31	0	2	0	0
18	18	0	0	1	32	33	1	0	4	0
18	18	0	0	1	34	35	3	0	0	0
18	18	0	0	1	35	36	1	0	0	0
18	18	0	0	1	37	38	0	0	1	0
18	18	0	0	1	38	39	0	1	0	0
18	18	0	0	1	39	40	0	0	2	0
18	18	0	0	1	40	41	2	0	0	0
18	18	0	0	1	41	42	1	0	0	0
18	18	0	0	1	44	45	1	2	0	0
18	18	0	0	1	45	46	2	0	1	0
18	18	0	0	1	46	47	2	0	0	0
18	18	0	0	1	47	48	2	0	0	0
18	18	0	0	1	50	51	1	0	0	0
18	18	0	0	1	51	52	1	0	0	0
18	18	0	0	1	53	54	2	0	0	0
18	18	0	0	1	54	55	1	0	0	0
18	18	0	0	1	55	56	5	0	0	0
18	18	0	0	1	56	57	1	0	0	0
18	18	0	0	1	57	58	1	0	0	0
18	18	0	0	1	58	59	3	1	0	0
18	18	0	0	1	61	62	5	0	0	0
18	18	0	0	1	62	63	2	0	0	0
18	18	0	0	1	63	64	1	0	0	0
18	18	0	0	1	65	66	3	0	0	0
18	18	0	0	1	68	69	5	0	0	0
18	18	0	0	1	69	70	2	0	0	0
18	18	0	0	1	70	71	1	0	0	0
18	18	0	0	1	71	72	1	0	0	0
18	18	0	0	1	72	73	1	0	0	0
18	18	0	0	1	73	74	1	0	0	0
18	18	0	0	1	75	76	1	0	0	0
18	18	0	0	1	76	77	1	0	0	0
18	18	0	0	1	78	79	2	0	0	0
18	18	0	0	1	80	81	0	0	2	0
18	18	0	0	1	81	82	2	0	0	0
18	18	0	0	1	83	84	0	1	0	0
18	18	0	0	1	84	85	0	0	2	0
18	18	0	0	1	86	87	3	0	0	0
18	18	0	0	1	88	89	2	0	0	0
18	18	0	0	1	89	90	1	0	0	0
18	18	0	0	1	90	91	2	0	0	0
18	18	0	0	1	91	92	3	0	0	0
18	18	0	0	1	92	93	1	0	0	0
18	18	0	0	1	94	95	1	0	2	0
18	18	0	0	1	96	97	1	0	0	0
18	18	0	0	1	97	98	5	0	0	0
18	18	0	0	1	99	100	6	0	0	0
