33	33	0	0	1	1	2	3	0	0	0
33	33	0	0	1	4	5	1	0	0	0
33	33	0	0	1	5	6	1	0	0	0
33	33	0	0	1	6	7	1	0	0	0
33	33	0	0	1	7	8	3	0	0	0
33	33	0	0	1	10	11	4	0	0	0
33	33	0	0	1	11	12	1	0	0	0
33	33	0	0	1	12	13	1	0	0	0
33	33	0	0	1	13	14	1	0	0	0
33	33	0	0	1	17	18	1	0	0	0
33	33	0	0	1	18	19	2	0	0	0
33	33	0	0	1	19	20	1	0	0	0
33	33	0	0	1	20	21	2	0	0	0
33	33	0	0	1	22	23	10	0	0	0
33	33	0	0	1	23	24	1	0	0	0
33	33	0	0	1	25	26	1	0	0	0
33	33	0	0	1	26	27	2	0	0	0
33	33	0	0	1	27	28	2	0	0	0
33	33	0	0	1	28	29	1	0	0	0
33	33	0	0	1	29	30	1	0	0	0
33	33	0	0	1	30	31	0	2	0	0
33	33	0	0	1	32	33	0	0	1	1
33	33	0	0	1	33	34	2	0	0	0
33	33	0	0	1	39	40	0	0	4	0
33	33	0	0	1	42	43	1	1	0	0
33	33	0	0	1	45	46	2	0	0	0
33	33	0	0	1	46	47	3	0	0	0
33	33	0	0	1	47	48	1	0	0	0
33	33	0	0	1	49	50	2	0	0	0
33	33	0	0	1	54	55	1	0	0	0
33	33	0	0	1	55	56	1	0	0	0
33	33	0	0	1	61	62	2	0	0	0
33	33	0	0	1	62	63	1	0	0	0
33	33	0	0	1	63	64	1	1	0	0
33	33	0	0	1	65	66	1	0	0	0
33	33	0	0	1	68	69	4	0	0	0
33	33	0	0	1	69	70	1	0	0	0
33	33	0	0	1	71	72	0	0	1	0
33	33	0	0	1	72	73	2	0	0	0
33	33	0	0	1	73	74	1	0	0	0
33	33	0	0	1	76	77	4	0	0	0
33	33	0	0	1	77	78	1	0	0	0
33	33	0	0	1	78	79	2	0	0	0
33	33	0	0	1	81	82	3	0	0	0
33	33	0	0	1	84	85	4	0	0	0
33	33	0	0	1	85	86	1	0	0	0
33	33	0	0	1	86	87	5	0	0	0
33	33	0	0	1	87	88	1	2	0	0
33	33	0	0	1	88	89	2	0	2	0
33	33	0	0	1	89	90	3	0	0	0
33	33	0	0	1	90	91	1	0	0	0
33	33	0	0	1	91	92	5	0	0	0
33	33	0	0	1	92	93	1	0	0	0
33	33	0	0	1	94	95	9	0	0	0
33	33	0	0	1	96	97	1	0	0	0
33	33	0	0	1	97	98	5	0	0	0
33	33	0	0	1	98	99	2	0	0	0
33	33	0	0	1	99	100	6	0	0	0
