24	24	0	0	1	1	2	5	0	0	0
24	24	0	0	1	3	4	2	0	0	0
24	24	0	0	1	5	6	4	0	0	0
24	24	0	0	1	7	8	1	0	0	0
24	24	0	0	1	8	9	1	0	0	0
24	24	0	0	1	9	10	1	0	0	0
24	24	0	0	1	10	11	5	0	0	0
24	24	0	0	1	12	13	4	0	0	0
24	24	0	0	1	15	16	1	0	0	0
24	24	0	0	1	17	18	3	0	0	0
24	24	0	0	1	20	21	4	2	0	0
24	24	0	0	1	22	23	6	0	0	0
24	24	0	0	1	25	26	6	0	0	0
24	24	0	0	1	26	27	2	0	0	0
24	24	0	0	1	27	28	4	0	0	0
24	24	0	0	1	28	29	3	0	0	0
24	24	0	0	1	29	30	3	0	0	0
24	24	0	0	1	30	31	1	0	0	0
24	24	0	0	1	33	34	2	0	0	0
24	24	0	0	1	37	38	0	0	1	0
24	24	0	0	1	39	40	0	0	5	0
24	24	0	0	1	45	46	2	0	1	0
24	24	0	0	1	46	47	2	0	0	0
24	24	0	0	1	47	48	2	0	0	0
24	24	0	0	1	49	50	3	0	0	0
24	24	0	0	1	51	52	1	0	0	0
24	24	0	0	1	55	56	5	0	0	0
24	24	0	0	1	57	58	3	0	0	0
24	24	0	0	1	58	59	2	0	0	0
24	24	0	0	1	61	62	3	0	0	0
24	24	0	0	1	63	64	4	0	0	0
24	24	0	0	1	65	66	4	0	0	0
24	24	0	0	1	68	69	0	1	0	0
24	24	0	0	1	69	70	1	0	1	0
24	24	0	0	1	73	74	4	0	0	0
24	24	0	0	1	76	77	7	0	0	0
24	24	0	0	1	81	82	1	0	0	0
24	24	0	0	1	86	87	1	0	0	0
24	24	0	0	1	88	89	0	0	1	0
24	24	0	0	1	89	90	2	0	0	0
24	24	0	0	1	90	91	1	0	0	0
24	24	0	0	1	91	92	3	0	0	0
24	24	0	0	1	92	93	1	0	0	0
24	24	0	0	1	96	97	2	0	0	0
24	24	0	0	1	97	98	1	0	0	0
24	24	0	0	1	98	99	1	0	0	0
24	24	0	0	1	99	100	2	0	0	0
