20	20	0	0	1	1	3	1	7	8	0	0	1	36	43	40
20	20	0	0	1	2	4	1	2	7	8	0	0	0	1	44	43	40	40
20	20	0	0	1	3	6	1	2	3	4	7	8	0	0	0	0	0	1	44	43	44	39	44	44
20	20	0	0	1	4	4	1	2	3	4	0	0	0	0	44	43	41	44
20	20	0	0	1	5	4	1	2	3	4	0	0	0	0	36	35	38	46
20	20	0	0	1	6	3	2	3	4	0	0	0	39	44	46
20	20	0	0	1	7	7	3	4	5	6	7	8	9	0	0	0	0	0	1	0	21	15	38	30	41	42	39
20	20	0	0	1	8	4	3	4	5	6	0	0	0	0	17	33	31	10
20	20	0	0	1	9	3	4	5	6	0	0	0	39	44	39
20	20	0	0	1	10	2	5	6	0	0	38	40
20	20	0	0	1	11	2	5	6	0	0	30	35
20	20	0	0	1	12	2	5	6	0	0	41	43
20	20	0	0	1	13	1	9	0	38
20	20	0	0	1	14	1	9	0	44
20	20	0	0	1	15	1	9	0	41
20	20	0	0	1	16	5	10	11	12	13	14	0	0	0	0	0	39	40	42	40	35
20	20	0	0	1	17	5	10	11	12	13	14	0	0	0	0	0	28	31	30	37	30
20	20	0	0	1	18	4	10	11	12	13	0	0	0	0	44	44	40	35
20	20	0	0	1	19	4	10	11	12	13	0	0	0	0	44	40	43	34
20	20	0	0	1	20	4	10	11	12	13	0	0	0	0	34	36	38	36
20	20	0	0	1	21	2	12	13	0	0	35	42
20	20	0	0	1	22	1	14	0	41
20	20	0	0	1	23	2	15	16	0	1	36	32
20	20	0	0	1	24	2	15	16	0	1	33	30
20	20	0	0	1	25	5	15	16	17	18	19	0	1	0	0	0	36	36	36	33	34
20	20	0	0	1	26	7	15	16	17	18	19	20	21	0	1	0	0	0	0	0	36	31	41	28	36	33	26
20	20	0	0	1	27	4	15	16	20	21	0	1	0	0	43	41	44	45
20	20	0	0	1	28	2	15	16	0	1	43	44
20	20	0	0	1	29	3	16	20	21	1	0	0	42	42	45
20	20	0	0	1	30	1	16	1	40
20	20	0	0	1	31	7	17	18	19	20	21	22	23	0	0	0	0	0	0	0	19	34	42	33	41	36	35
20	20	0	0	1	32	2	17	18	0	0	29	36
20	20	0	0	1	33	3	17	18	19	0	0	0	39	26	30
20	20	0	0	1	34	3	17	18	19	0	0	0	44	30	41
20	20	0	0	1	35	3	17	18	19	0	0	0	37	16	34
20	20	0	0	1	36	2	18	19	0	0	36	44
20	20	0	0	1	37	2	18	19	0	0	36	44
20	20	0	0	1	38	1	19	0	33
20	20	0	0	1	39	1	19	0	42
20	20	0	0	1	40	5	20	21	22	23	24	0	0	0	0	0	35	32	27	31	33
20	20	0	0	1	41	6	20	21	22	23	24	25	0	0	0	0	0	0	39	36	40	35	45	21
20	20	0	0	1	42	4	20	22	23	24	0	0	0	0	45	37	38	40
20	20	0	0	1	43	4	22	23	24	25	0	0	0	0	36	38	34	25
20	20	0	0	1	44	5	22	23	24	30	31	0	0	0	0	0	42	43	44	39	45
20	20	0	0	1	45	1	24	0	35
20	20	0	0	1	46	11	25	26	27	28	29	30	31	32	33	34	35	0	0	0	0	0	0	0	0	0	0	0	36	43	43	43	36	40	38	35	43	34	34
20	20	0	0	1	47	5	25	26	32	33	34	0	0	0	0	0	44	24	37	35	42
20	20	0	0	1	48	5	25	26	27	28	34	0	0	0	0	0	44	42	39	32	35
20	20	0	0	1	49	5	32	33	34	35	36	0	0	0	0	0	29	37	21	29	36
20	20	0	0	1	50	2	32	33	0	0	20	35
20	20	0	0	1	51	1	34	0	45
20	20	0	0	1	52	1	35	0	36
20	20	0	0	1	53	2	35	36	0	0	40	31
20	20	0	0	1	54	7	35	36	37	38	39	40	41	0	0	1	0	1	0	0	41	31	42	37	22	20	24
20	20	0	0	1	55	6	36	37	38	39	40	41	0	1	0	1	0	0	29	41	36	39	36	38
20	20	0	0	1	56	6	36	37	38	39	40	41	0	1	0	1	0	0	30	40	39	31	33	38
20	20	0	0	1	57	1	37	0	31
20	20	0	0	1	58	1	37	1	40
20	20	0	0	1	59	1	38	0	42
20	20	0	0	1	60	4	38	39	40	41	0	1	0	0	29	17	25	32
20	20	0	0	1	61	2	38	42	0	0	45	43
20	20	0	0	1	62	5	39	40	41	42	43	1	0	0	0	0	44	44	33	38	46
20	20	0	0	1	63	5	39	40	41	43	44	1	0	0	0	0	43	40	43	39	43
20	20	0	0	1	64	3	40	41	44	0	0	0	39	43	43
20	20	0	0	1	65	1	41	0	32
20	20	0	0	1	66	3	42	43	44	0	0	0	40	39	26
20	20	0	0	1	67	7	42	43	44	45	46	47	48	0	0	0	1	0	0	0	31	37	20	39	38	38	33
20	20	0	0	1	68	7	42	43	44	45	46	47	48	0	0	0	1	0	0	0	36	32	31	39	37	40	34
20	20	0	0	1	69	3	42	43	50	0	0	0	44	40	35
20	20	0	0	1	70	4	43	44	49	50	0	0	0	0	44	28	44	43
20	20	0	0	1	71	4	44	45	49	50	0	1	0	0	45	44	42	44
20	20	0	0	1	72	10	44	45	46	47	48	49	50	51	52	53	0	1	0	0	0	0	0	0	0	0	37	34	36	28	23	30	39	27	20	33
20	20	0	0	1	73	6	45	46	47	48	51	52	1	0	0	0	0	0	45	44	40	31	44	40
20	20	0	0	1	74	6	45	46	47	48	50	51	1	0	0	0	0	0	40	43	38	30	30	44
20	20	0	0	1	75	8	46	47	48	49	50	51	52	53	0	0	0	0	0	0	0	0	38	34	32	34	39	28	29	34
20	20	0	0	1	76	3	50	51	54	0	0	0	44	45	30
20	20	0	0	1	77	4	51	52	53	54	0	0	0	0	30	33	25	37
20	20	0	0	1	78	6	52	55	56	57	58	59	0	0	0	0	0	0	33	28	24	37	34	35
20	20	0	0	1	79	10	53	54	55	56	57	58	59	60	61	62	0	0	0	0	0	0	0	0	0	0	37	34	38	36	41	30	38	38	36	34
20	20	0	0	1	80	5	53	54	57	58	59	0	0	0	0	0	42	44	36	39	37
20	20	0	0	1	81	5	55	56	57	58	59	0	0	0	0	0	40	35	44	45	43
20	20	0	0	1	82	8	55	56	57	58	59	60	61	62	0	0	0	0	0	0	0	0	33	30	38	32	27	35	35	36
20	20	0	0	1	83	4	57	58	59	60	0	0	0	0	44	44	42	23
20	20	0	0	1	84	4	57	58	59	60	0	0	0	0	41	44	44	40
20	20	0	0	1	85	4	57	58	59	60	0	0	0	0	36	43	35	26
20	20	0	0	1	86	3	60	61	62	0	0	0	33	35	34
20	20	0	0	1	87	3	60	63	64	0	0	0	44	43	43
20	20	0	0	1	88	4	61	64	65	66	0	0	0	0	27	11	44	42
20	20	0	0	1	89	4	61	65	66	67	0	0	0	0	37	15	30	15
20	20	0	0	1	90	5	63	64	65	66	67	0	0	0	0	0	37	22	43	35	30
20	20	0	0	1	91	1	63	0	40
20	20	0	0	1	92	2	64	65	0	0	43	31
20	20	0	0	1	93	3	65	66	67	0	0	0	41	34	31
20	20	0	0	1	94	4	68	69	70	71	0	0	0	0	39	27	31	38
20	20	0	0	1	95	5	68	69	70	71	72	0	0	0	0	0	36	31	25	27	17
20	20	0	0	1	96	3	68	69	70	0	0	0	40	31	44
20	20	0	0	1	97	4	68	69	70	71	0	0	0	0	36	14	34	44
20	20	0	0	1	98	2	69	70	0	0	26	40
20	20	0	0	1	99	7	69	70	71	72	73	74	75	0	0	0	0	0	0	0	34	27	34	29	38	39	34
20	20	0	0	1	100	1	72	0	34
20	20	0	0	1	101	1	72	0	37
20	20	0	0	1	102	3	72	76	77	0	0	0	32	41	45
20	20	0	0	1	103	6	73	74	75	76	77	78	0	0	0	0	0	0	38	34	34	32	35	40
20	20	0	0	1	104	13	73	74	75	76	77	78	79	80	81	82	83	84	85	0	0	0	0	0	0	0	1	0	0	0	0	0	32	33	37	41	38	38	32	39	36	38	34	29	47
20	20	0	0	1	105	2	73	74	0	0	35	29
20	20	0	0	1	106	2	74	75	0	0	32	30
20	20	0	0	1	107	3	78	79	80	0	0	1	36	41	44
20	20	0	0	1	108	2	79	80	0	1	43	44
20	20	0	0	1	109	2	79	80	0	1	42	44
20	20	0	0	1	110	4	80	81	82	83	1	0	0	0	30	34	35	32
20	20	0	0	1	111	6	86	87	88	89	94	95	0	0	0	0	0	0	37	42	40	34	34	39
20	20	0	0	1	112	4	86	87	88	89	0	0	0	0	45	44	44	45
20	20	0	0	1	113	4	86	87	88	89	0	0	0	0	45	37	37	39
20	20	0	0	1	114	6	86	87	88	89	90	96	0	0	0	0	0	0	45	46	44	41	36	39
20	20	0	0	1	115	10	86	87	88	89	90	91	92	93	94	95	0	0	0	0	0	0	0	0	0	0	23	25	18	25	41	40	43	31	34	38
20	20	0	0	1	116	6	86	87	88	89	90	96	0	0	0	0	0	0	42	39	43	43	44	45
20	20	0	0	1	117	6	86	87	88	89	90	96	0	0	0	0	0	0	44	46	44	44	41	27
20	20	0	0	1	118	10	88	89	90	91	92	96	97	98	99	100	0	0	0	0	0	0	0	0	0	0	43	44	44	24	32	45	44	43	44	43
20	20	0	0	1	119	11	90	91	92	93	94	95	96	97	98	99	100	0	0	0	0	0	0	0	0	0	0	0	35	27	36	30	36	40	33	24	31	37	35
20	20	0	0	1	120	11	90	91	92	93	94	95	96	97	98	99	100	0	0	0	0	0	0	0	0	0	0	0	35	23	32	28	36	40	31	26	31	29	36
20	20	0	0	1	121	9	90	91	92	93	96	97	98	99	100	0	0	0	0	0	0	0	0	0	43	45	41	22	32	44	41	41	44
20	20	0	0	1	122	7	91	92	93	97	98	99	100	0	0	0	0	0	0	0	44	44	43	41	40	42	40
20	20	0	0	1	123	3	91	92	93	0	0	0	43	44	40
20	20	0	0	1	124	3	91	92	93	0	0	0	36	29	33
20	20	0	0	1	125	8	91	92	93	94	95	98	99	100	0	0	0	0	0	0	0	0	40	43	37	33	4	36	40	39
20	20	0	0	1	126	2	94	95	0	0	41	43
20	20	0	0	1	127	5	96	97	98	99	100	0	0	0	0	0	42	29	38	30	15
20	20	0	0	1	128	4	97	98	99	100	0	0	0	0	42	41	41	44
20	20	0	0	1	129	3	98	99	100	0	0	0	29	42	35
