22	22	0	0	1	1	2	1	2	0	0	39	39
22	22	0	0	1	2	2	1	2	0	0	40	39
22	22	0	0	1	3	2	1	2	0	0	42	37
22	22	0	0	1	4	4	1	2	3	4	0	0	0	0	36	32	37	42
22	22	0	0	1	5	3	3	4	5	0	0	0	29	39	39
22	22	0	0	1	6	3	6	7	9	0	0	0	39	29	42
22	22	0	0	1	7	3	7	8	9	0	0	0	40	28	41
22	22	0	0	1	8	2	7	8	0	0	42	41
22	22	0	0	1	9	1	8	0	22
22	22	0	0	1	10	1	9	0	38
22	22	0	0	1	11	5	10	11	12	13	14	0	0	0	0	0	26	32	40	42	41
22	22	0	0	1	12	5	10	11	12	13	14	0	0	0	0	0	32	31	38	33	40
22	22	0	0	1	13	4	11	12	13	15	0	0	0	0	38	42	42	38
22	22	0	0	1	14	3	12	13	15	0	0	0	41	43	39
22	22	0	0	1	15	2	14	15	0	0	37	36
22	22	0	0	1	16	3	14	15	16	0	0	0	36	25	34
22	22	0	0	1	17	2	14	16	0	0	40	31
22	22	0	0	1	18	1	14	0	35
22	22	0	0	1	19	1	14	0	38
22	22	0	0	1	20	5	15	16	17	18	19	0	0	0	0	0	38	35	39	31	36
22	22	0	0	1	21	5	15	16	17	18	19	0	0	0	0	0	36	30	32	39	40
22	22	0	0	1	22	1	16	0	39
22	22	0	0	1	23	6	16	17	18	19	20	21	0	0	0	0	0	0	34	32	24	37	39	30
22	22	0	0	1	24	3	17	22	23	0	0	0	37	40	39
22	22	0	0	1	25	2	17	22	0	0	39	30
22	22	0	0	1	26	6	17	18	19	20	21	22	0	0	0	0	0	0	38	31	39	41	37	34
22	22	0	0	1	27	4	17	18	19	22	0	0	0	0	41	35	26	31
22	22	0	0	1	28	3	17	18	19	0	0	0	30	34	31
22	22	0	0	1	29	3	17	18	19	0	0	0	33	43	39
22	22	0	0	1	30	3	17	18	19	0	0	0	42	31	36
22	22	0	0	1	31	4	17	18	19	22	0	0	0	0	41	35	40	36
22	22	0	0	1	32	5	17	18	19	20	21	0	0	0	0	0	35	34	38	41	41
22	22	0	0	1	33	2	18	19	0	0	31	35
22	22	0	0	1	34	1	20	0	37
22	22	0	0	1	35	4	20	21	23	24	0	0	0	0	40	37	26	37
22	22	0	0	1	36	2	20	21	0	0	38	26
22	22	0	0	1	37	6	20	21	22	23	24	25	0	0	0	0	0	0	25	40	32	40	29	37
22	22	0	0	1	38	5	20	21	22	23	24	0	0	0	0	0	39	36	34	38	40
22	22	0	0	1	39	5	20	21	22	23	24	0	0	0	0	0	39	37	39	38	35
22	22	0	0	1	40	2	20	21	0	0	38	39
22	22	0	0	1	41	1	21	0	37
22	22	0	0	1	42	1	21	0	37
22	22	0	0	1	43	9	22	23	24	25	26	27	28	29	30	0	0	0	0	0	0	0	0	0	38	35	37	29	36	35	30	28	31
22	22	0	0	1	44	7	22	23	24	28	29	30	31	0	0	0	0	0	0	1	35	42	22	23	27	40	34
22	22	0	0	1	45	4	22	23	24	31	0	0	0	1	40	41	39	13
22	22	0	0	1	46	2	24	31	0	1	35	32
22	22	0	0	1	47	2	25	35	0	0	33	40
22	22	0	0	1	48	10	25	26	27	28	29	30	31	32	33	34	0	0	0	0	0	0	1	1	0	0	38	40	40	40	34	35	35	31	34	30
22	22	0	0	1	49	1	25	0	29
22	22	0	0	1	50	11	25	26	27	28	29	30	31	32	33	34	35	0	0	0	0	0	0	1	1	0	0	0	39	39	39	40	31	37	41	38	40	38	43
22	22	0	0	1	51	7	25	26	27	28	29	33	34	0	0	0	0	0	0	0	40	43	41	31	34	35	39
22	22	0	0	1	52	5	25	26	27	28	29	0	0	0	0	0	39	36	22	23	29
22	22	0	0	1	53	6	25	26	27	28	29	30	0	0	0	0	0	0	33	31	36	36	27	27
22	22	0	0	1	54	5	26	27	28	29	30	0	0	0	0	0	28	39	41	34	35
22	22	0	0	1	55	11	26	27	28	29	30	31	32	33	34	35	36	0	0	0	0	0	1	1	0	0	0	0	39	38	33	41	23	30	40	35	29	35	42
22	22	0	0	1	56	9	28	29	30	31	32	33	34	35	36	0	0	0	1	1	0	0	0	0	39	31	36	39	36	39	39	40	31
22	22	0	0	1	57	3	29	30	31	0	0	1	28	38	40
22	22	0	0	1	58	1	31	1	36
22	22	0	0	1	59	1	31	1	41
22	22	0	0	1	60	2	32	33	1	0	42	38
22	22	0	0	1	61	4	32	33	34	36	1	0	0	0	39	37	28	41
22	22	0	0	1	62	3	32	33	34	1	0	0	41	12	23
22	22	0	0	1	63	4	32	33	34	36	1	0	0	0	40	39	41	34
22	22	0	0	1	64	4	32	33	34	36	1	0	0	0	33	38	40	39
22	22	0	0	1	65	3	33	34	36	0	0	0	33	42	41
22	22	0	0	1	66	1	34	0	37
22	22	0	0	1	67	3	35	37	38	0	0	0	33	32	39
22	22	0	0	1	68	1	35	0	40
22	22	0	0	1	69	6	35	36	37	38	39	40	0	0	0	0	1	0	40	33	37	38	20	23
22	22	0	0	1	70	1	35	0	36
22	22	0	0	1	71	4	36	39	40	41	0	1	0	0	29	42	41	38
22	22	0	0	1	72	3	36	39	40	0	1	0	35	39	37
22	22	0	0	1	73	2	36	38	0	0	27	40
22	22	0	0	1	74	1	37	0	34
22	22	0	0	1	75	1	37	0	42
22	22	0	0	1	76	2	37	38	0	0	41	42
22	22	0	0	1	77	3	38	42	43	0	0	0	43	41	42
22	22	0	0	1	78	4	38	47	48	49	0	0	0	0	41	25	33	37
22	22	0	0	1	79	5	39	40	41	43	44	1	0	0	0	0	38	40	36	36	39
22	22	0	0	1	80	3	39	40	41	1	0	0	33	18	38
22	22	0	0	1	81	8	41	42	43	44	45	46	47	48	0	0	0	0	0	0	0	0	35	27	39	23	27	37	36	26
22	22	0	0	1	82	10	42	43	44	45	46	47	48	49	50	51	0	0	0	0	0	0	0	0	0	0	38	41	40	34	38	40	31	32	33	27
22	22	0	0	1	83	4	42	43	52	53	0	0	0	0	16	10	7	36
22	22	0	0	1	84	4	43	44	49	50	0	0	0	0	40	36	34	41
22	22	0	0	1	85	3	43	44	54	0	0	0	34	35	38
22	22	0	0	1	86	4	44	45	50	51	0	0	0	0	40	11	19	38
22	22	0	0	1	87	5	45	46	47	48	53	0	0	0	0	0	34	42	41	33	34
22	22	0	0	1	88	3	47	48	53	0	0	0	32	23	38
22	22	0	0	1	89	3	49	51	52	0	0	0	35	36	40
22	22	0	0	1	90	6	51	52	56	57	58	59	0	0	0	0	0	0	35	34	27	43	39	40
22	22	0	0	1	91	8	53	54	55	56	57	58	59	60	0	0	0	0	0	0	0	0	39	34	34	38	38	37	40	35
22	22	0	0	1	92	4	53	54	61	62	0	0	0	0	40	38	35	28
22	22	0	0	1	93	3	53	54	60	0	0	0	39	27	40
22	22	0	0	1	94	10	53	54	55	56	57	58	59	60	61	62	0	0	0	0	0	0	0	0	0	0	34	38	40	39	40	39	40	40	39	38
22	22	0	0	1	95	4	53	54	61	62	0	0	0	0	36	38	42	39
22	22	0	0	1	96	3	55	56	57	0	0	0	38	42	29
22	22	0	0	1	97	5	55	56	57	58	59	0	0	0	0	0	35	39	40	41	39
22	22	0	0	1	98	6	56	57	58	59	63	64	0	0	0	0	0	0	35	41	41	41	38	37
22	22	0	0	1	99	5	57	58	59	60	63	0	0	0	0	0	42	41	41	30	38
22	22	0	0	1	100	5	58	59	60	61	62	0	0	0	0	0	34	34	35	35	38
22	22	0	0	1	101	4	59	60	61	62	0	0	0	0	32	42	39	39
22	22	0	0	1	102	8	60	61	62	63	64	65	66	67	0	0	0	0	0	0	0	0	30	36	36	41	35	38	35	39
22	22	0	0	1	103	3	60	63	64	0	0	0	43	39	39
22	22	0	0	1	104	3	60	63	64	0	0	0	40	32	41
22	22	0	0	1	105	3	61	63	64	0	0	0	35	9	38
22	22	0	0	1	106	7	61	62	63	64	65	66	67	0	0	0	0	0	0	0	30	33	38	36	37	35	38
22	22	0	0	1	107	3	61	62	67	0	0	0	29	30	27
22	22	0	0	1	108	2	61	62	0	0	43	40
22	22	0	0	1	109	2	61	62	0	0	40	38
22	22	0	0	1	110	5	63	64	65	66	67	0	0	0	0	0	39	34	37	35	37
22	22	0	0	1	111	9	63	64	65	66	67	68	69	70	71	0	0	0	0	0	0	0	0	0	39	38	38	36	31	39	27	29	27
22	22	0	0	1	112	2	63	64	0	0	34	31
22	22	0	0	1	113	3	64	65	66	0	0	0	37	31	32
22	22	0	0	1	114	3	64	65	66	0	0	0	40	38	40
22	22	0	0	1	115	6	65	66	67	68	69	70	0	0	0	0	0	0	38	42	35	39	30	40
22	22	0	0	1	116	4	67	68	69	70	0	0	0	0	34	40	40	35
22	22	0	0	1	117	5	68	69	70	71	72	0	0	0	0	0	39	30	34	37	26
22	22	0	0	1	118	7	68	69	70	71	75	76	77	0	0	0	0	0	0	0	39	39	42	35	36	37	37
22	22	0	0	1	119	4	68	69	70	71	0	0	0	0	27	32	40	39
22	22	0	0	1	120	4	69	70	71	72	0	0	0	0	38	37	34	34
22	22	0	0	1	121	2	70	71	0	0	21	37
22	22	0	0	1	122	4	71	72	73	74	0	0	0	0	39	34	7	37
22	22	0	0	1	123	5	71	72	73	74	75	0	0	0	0	0	41	35	37	34	32
22	22	0	0	1	124	3	71	72	75	0	0	0	36	33	20
22	22	0	0	1	125	1	72	0	17
22	22	0	0	1	126	1	72	0	4
22	22	0	0	1	127	3	73	82	83	0	0	0	34	30	39
22	22	0	0	1	128	4	74	75	81	82	0	0	0	0	28	24	36	41
22	22	0	0	1	129	4	75	83	84	85	0	0	1	0	44	39	37	37
22	22	0	0	1	130	5	75	76	77	84	85	0	0	0	1	0	43	38	34	37	36
22	22	0	0	1	131	7	75	76	77	78	83	84	85	0	0	0	0	0	1	0	37	41	39	32	32	36	42
22	22	0	0	1	132	5	76	77	78	84	85	0	0	0	1	0	42	39	33	44	43
22	22	0	0	1	133	2	79	80	0	1	39	34
22	22	0	0	1	134	7	79	80	86	87	88	89	90	0	1	0	0	0	0	0	38	31	43	38	40	37	35
22	22	0	0	1	135	6	80	81	82	91	92	93	1	0	0	0	0	0	38	33	36	30	39	40
22	22	0	0	1	136	13	83	84	85	86	87	88	89	90	91	92	93	94	95	0	1	0	0	0	0	0	0	0	0	0	1	0	31	33	39	29	28	22	38	42	40	41	38	38	38
22	22	0	0	1	137	10	86	87	88	89	90	91	92	93	94	95	0	0	0	0	0	0	0	0	1	0	32	27	21	41	40	34	34	36	36	39
22	22	0	0	1	138	5	86	97	98	99	100	0	0	0	0	0	24	42	36	41	43
22	22	0	0	1	139	9	86	87	88	89	96	97	98	99	100	0	0	0	0	0	0	0	0	0	40	37	37	37	36	43	40	41	35
22	22	0	0	1	140	9	86	87	88	89	96	97	98	99	100	0	0	0	0	0	0	0	0	0	41	39	37	39	41	44	40	40	42
22	22	0	0	1	141	3	91	92	93	0	0	0	39	39	38
22	22	0	0	1	142	7	94	95	96	97	98	99	100	1	0	0	0	0	0	0	39	36	36	34	42	32	40
22	22	0	0	1	143	5	96	97	98	99	100	0	0	0	0	0	42	38	24	37	24
22	22	0	0	1	144	5	96	97	98	99	100	0	0	0	0	0	36	29	34	11	28
22	22	0	0	1	145	5	96	97	98	99	100	0	0	0	0	0	41	38	40	32	35
22	22	0	0	1	146	2	99	100	0	0	38	41
22	22	0	0	1	147	2	99	100	0	0	33	37
