27	27	0	0	1	1	2	1	2	0	0	34	34
27	27	0	0	1	2	4	1	2	3	4	0	0	0	0	30	35	31	35
27	27	0	0	1	3	2	1	2	0	0	30	29
27	27	0	0	1	4	2	1	2	0	0	36	34
27	27	0	0	1	5	3	2	3	4	0	0	0	33	26	35
27	27	0	0	1	6	2	3	4	0	0	32	25
27	27	0	0	1	7	2	3	4	0	0	32	34
27	27	0	0	1	8	4	3	4	7	8	0	0	0	1	27	28	30	30
27	27	0	0	1	9	5	3	4	5	7	8	0	0	0	0	1	36	30	31	32	36
27	27	0	0	1	10	1	4	0	38
27	27	0	0	1	11	2	5	6	0	0	26	13
27	27	0	0	1	12	2	5	6	0	0	33	32
27	27	0	0	1	13	2	5	6	0	0	35	30
27	27	0	0	1	14	1	6	0	35
27	27	0	0	1	15	1	6	0	34
27	27	0	0	1	16	2	7	8	0	1	34	9
27	27	0	0	1	17	1	7	0	30
27	27	0	0	1	18	2	7	8	0	1	31	37
27	27	0	0	1	19	2	7	8	0	1	25	33
27	27	0	0	1	20	2	7	8	0	1	31	19
27	27	0	0	1	21	1	8	1	34
27	27	0	0	1	22	1	8	1	4
27	27	0	0	1	23	1	8	0	4
27	27	0	0	1	24	1	9	0	29
27	27	0	0	1	25	1	9	0	38
27	27	0	0	1	26	1	9	0	36
27	27	0	0	1	27	1	9	0	34
27	27	0	0	1	28	1	9	0	34
27	27	0	0	1	29	1	9	0	29
27	27	0	0	1	30	1	9	0	33
27	27	0	0	1	31	1	10	0	28
27	27	0	0	1	32	2	10	11	0	0	25	4
27	27	0	0	1	33	2	10	11	0	0	25	35
27	27	0	0	1	34	2	11	12	0	0	30	25
27	27	0	0	1	35	1	13	0	14
27	27	0	0	1	36	1	13	0	23
27	27	0	0	1	37	1	13	0	24
27	27	0	0	1	38	1	13	0	30
27	27	0	0	1	39	1	13	0	31
27	27	0	0	1	40	1	14	0	36
27	27	0	0	1	41	1	14	0	31
27	27	0	0	1	42	1	14	0	37
27	27	0	0	1	43	1	14	0	33
27	27	0	0	1	44	1	14	0	2
27	27	0	0	1	45	1	14	0	30
27	27	0	0	1	46	1	14	0	31
27	27	0	0	1	47	1	15	0	34
27	27	0	0	1	48	1	15	0	31
27	27	0	0	1	49	1	16	1	35
27	27	0	0	1	50	1	16	1	39
27	27	0	0	1	51	1	16	1	35
27	27	0	0	1	52	2	16	19	1	0	28	3
27	27	0	0	1	53	1	17	0	31
27	27	0	0	1	54	1	17	0	26
27	27	0	0	1	55	3	18	20	21	0	0	0	23	33	31
27	27	0	0	1	56	3	18	19	20	0	0	0	24	31	34
27	27	0	0	1	57	2	18	19	0	0	33	34
27	27	0	0	1	58	3	19	20	21	0	0	0	30	33	34
27	27	0	0	1	59	1	20	0	34
27	27	0	0	1	60	1	20	0	32
27	27	0	0	1	61	1	20	0	28
27	27	0	0	1	62	2	20	21	0	0	36	33
27	27	0	0	1	63	2	20	21	0	0	30	33
27	27	0	0	1	64	1	21	0	33
27	27	0	0	1	65	1	21	0	31
27	27	0	0	1	66	2	22	23	0	0	33	32
27	27	0	0	1	67	3	22	23	24	0	0	0	32	31	31
27	27	0	0	1	68	2	22	23	0	0	30	26
27	27	0	0	1	69	3	22	23	24	0	0	0	27	28	26
27	27	0	0	1	70	4	22	23	24	25	0	0	0	0	25	28	29	37
27	27	0	0	1	71	2	23	24	0	0	30	24
27	27	0	0	1	72	2	23	24	0	0	27	34
27	27	0	0	1	73	1	24	0	33
27	27	0	0	1	74	1	24	0	32
27	27	0	0	1	75	3	25	30	31	0	0	0	32	32	35
27	27	0	0	1	76	2	25	31	0	0	34	33
27	27	0	0	1	77	4	25	26	27	31	0	0	0	0	32	28	22	35
27	27	0	0	1	78	1	25	0	34
27	27	0	0	1	79	1	25	0	33
27	27	0	0	1	80	1	25	0	31
27	27	0	0	1	81	5	25	26	27	28	29	0	0	0	0	0	36	26	29	27	29
27	27	0	0	1	82	5	25	26	27	28	29	0	0	0	0	0	29	26	31	22	31
27	27	0	0	1	83	3	26	32	33	0	0	0	29	22	32
27	27	0	0	1	84	6	26	27	28	29	32	33	0	0	0	0	0	0	30	30	33	22	29	32
27	27	0	0	1	85	3	28	29	30	0	0	0	16	31	29
27	27	0	0	1	86	3	28	29	30	0	0	0	18	29	28
27	27	0	0	1	87	2	30	31	0	0	36	37
27	27	0	0	1	88	2	30	34	0	0	34	34
27	27	0	0	1	89	3	30	31	34	0	0	0	33	4	31
27	27	0	0	1	90	2	30	31	0	0	31	39
27	27	0	0	1	91	2	31	34	0	0	32	32
27	27	0	0	1	92	1	31	0	27
27	27	0	0	1	93	2	31	34	0	0	36	24
27	27	0	0	1	94	1	31	0	33
27	27	0	0	1	95	2	32	33	0	0	33	27
27	27	0	0	1	96	1	32	0	31
27	27	0	0	1	97	2	32	33	0	0	29	28
27	27	0	0	1	98	2	32	35	0	0	22	33
27	27	0	0	1	99	1	33	0	35
27	27	0	0	1	100	1	35	0	29
27	27	0	0	1	101	1	36	0	31
27	27	0	0	1	102	1	37	1	26
27	27	0	0	1	103	1	37	1	2
27	27	0	0	1	104	4	38	39	40	41	0	1	0	0	34	29	12	18
27	27	0	0	1	105	4	38	39	40	41	0	1	0	0	34	32	25	29
27	27	0	0	1	106	1	38	0	31
27	27	0	0	1	107	1	38	0	30
27	27	0	0	1	108	1	38	0	24
27	27	0	0	1	109	2	39	40	1	0	32	30
27	27	0	0	1	110	2	39	40	1	0	33	33
27	27	0	0	1	111	1	41	0	25
27	27	0	0	1	112	1	42	0	32
27	27	0	0	1	113	3	42	47	48	0	0	0	29	23	32
27	27	0	0	1	114	5	43	45	46	47	48	0	1	0	0	0	35	19	31	25	28
27	27	0	0	1	115	1	43	0	29
27	27	0	0	1	116	1	43	0	37
27	27	0	0	1	117	1	43	0	33
27	27	0	0	1	118	1	43	0	34
27	27	0	0	1	119	1	44	0	37
27	27	0	0	1	120	1	44	0	35
27	27	0	0	1	121	1	44	0	34
27	27	0	0	1	122	2	44	49	0	0	35	29
27	27	0	0	1	123	3	44	45	46	0	1	0	34	33	35
27	27	0	0	1	124	1	44	0	36
27	27	0	0	1	125	5	45	46	47	48	49	1	0	0	0	0	36	32	29	25	36
27	27	0	0	1	126	3	45	46	50	1	0	0	35	34	28
27	27	0	0	1	127	4	45	46	47	48	1	0	0	0	35	31	28	18
27	27	0	0	1	128	3	46	47	48	0	0	0	32	1	15
27	27	0	0	1	129	3	46	47	48	0	0	0	36	32	29
27	27	0	0	1	130	1	48	0	31
27	27	0	0	1	131	2	47	48	0	0	22	38
27	27	0	0	1	132	2	47	48	0	0	16	32
27	27	0	0	1	133	3	49	50	51	0	0	0	10	38	37
27	27	0	0	1	134	4	49	50	51	52	0	0	0	0	32	18	28	32
27	27	0	0	1	135	1	49	0	33
27	27	0	0	1	136	2	49	52	0	0	33	32
27	27	0	0	1	137	1	49	0	31
27	27	0	0	1	138	1	50	0	30
27	27	0	0	1	139	2	50	53	0	0	20	34
27	27	0	0	1	140	2	50	53	0	0	28	25
27	27	0	0	1	141	2	51	52	0	0	33	27
27	27	0	0	1	142	1	51	0	28
27	27	0	0	1	143	1	51	0	31
27	27	0	0	1	144	2	52	54	0	0	20	30
27	27	0	0	1	145	1	52	0	17
27	27	0	0	1	146	1	53	0	30
27	27	0	0	1	147	2	53	54	0	0	25	32
27	27	0	0	1	148	1	53	0	34
27	27	0	0	1	149	1	53	0	32
27	27	0	0	1	150	1	53	0	27
27	27	0	0	1	151	1	53	0	29
27	27	0	0	1	152	1	54	0	37
27	27	0	0	1	153	1	54	0	35
27	27	0	0	1	154	1	54	0	23
27	27	0	0	1	155	2	55	56	0	0	21	30
27	27	0	0	1	156	2	55	56	0	0	4	31
27	27	0	0	1	157	3	55	56	57	0	0	0	29	26	29
27	27	0	0	1	158	2	55	56	0	0	33	35
27	27	0	0	1	159	3	57	58	59	0	0	0	31	32	34
27	27	0	0	1	160	3	57	58	59	0	0	0	34	23	32
27	27	0	0	1	161	3	58	59	61	0	0	0	32	24	30
27	27	0	0	1	162	1	60	0	26
27	27	0	0	1	163	1	60	0	31
27	27	0	0	1	164	1	61	0	10
27	27	0	0	1	165	1	61	0	18
27	27	0	0	1	166	1	61	0	19
27	27	0	0	1	167	2	61	63	0	0	14	30
27	27	0	0	1	168	3	63	63	64	0	0	0	35	32	31
27	27	0	0	1	169	1	63	0	16
27	27	0	0	1	170	1	63	0	19
27	27	0	0	1	171	2	63	64	0	0	30	5
27	27	0	0	1	172	2	63	64	0	0	34	30
27	27	0	0	1	173	2	65	66	0	0	1	27
27	27	0	0	1	174	3	65	66	67	0	0	0	35	34	20
27	27	0	0	1	175	3	65	66	67	0	0	0	31	30	24
27	27	0	0	1	176	3	65	66	67	0	0	0	3	35	33
27	27	0	0	1	177	1	67	0	23
27	27	0	0	1	178	1	67	0	26
27	27	0	0	1	179	1	68	0	35
27	27	0	0	1	180	2	68	72	0	0	27	31
27	27	0	0	1	181	1	68	0	2
27	27	0	0	1	182	1	68	0	19
27	27	0	0	1	183	2	68	69	0	0	27	27
27	27	0	0	1	184	4	68	69	70	72	0	0	0	0	26	29	24	19
27	27	0	0	1	185	1	68	0	37
27	27	0	0	1	186	2	68	69	0	0	36	25
27	27	0	0	1	187	3	68	69	70	0	0	0	34	35	18
27	27	0	0	1	188	3	68	69	70	0	0	0	30	19	11
27	27	0	0	1	189	2	69	70	0	0	15	25
27	27	0	0	1	190	2	69	70	0	0	33	30
27	27	0	0	1	191	1	71	0	32
27	27	0	0	1	192	1	71	0	33
27	27	0	0	1	193	1	71	0	18
27	27	0	0	1	194	1	71	0	33
27	27	0	0	1	195	2	71	72	0	0	34	21
27	27	0	0	1	196	1	71	0	34
27	27	0	0	1	197	1	71	0	29
27	27	0	0	1	198	1	71	0	2
27	27	0	0	1	199	1	72	0	19
27	27	0	0	1	200	1	72	0	31
27	27	0	0	1	201	1	72	0	8
27	27	0	0	1	202	1	73	0	25
27	27	0	0	1	203	1	73	0	22
27	27	0	0	1	204	3	73	74	78	0	0	0	25	2	2
27	27	0	0	1	205	1	74	0	25
27	27	0	0	1	206	1	74	0	22
27	27	0	0	1	207	2	74	78	0	0	20	25
27	27	0	0	1	208	1	74	0	21
27	27	0	0	1	209	1	75	0	31
27	27	0	0	1	210	2	75	80	0	1	32	31
27	27	0	0	1	211	1	75	0	32
27	27	0	0	1	212	2	75	80	0	1	23	28
27	27	0	0	1	213	1	75	0	30
27	27	0	0	1	214	2	76	77	0	0	29	27
27	27	0	0	1	215	6	76	77	78	80	81	82	0	0	0	1	0	0	27	30	35	34	34	29
27	27	0	0	1	216	3	76	77	78	0	0	0	26	29	31
27	27	0	0	1	217	5	76	77	78	80	81	0	0	0	1	0	32	27	26	34	34
27	27	0	0	1	218	1	78	0	27
27	27	0	0	1	219	2	79	83	0	0	27	33
27	27	0	0	1	220	1	79	0	26
27	27	0	0	1	221	1	79	0	35
27	27	0	0	1	222	1	80	1	27
27	27	0	0	1	223	2	80	81	1	0	31	33
27	27	0	0	1	224	2	81	82	0	0	31	34
27	27	0	0	1	225	1	83	0	31
27	27	0	0	1	226	1	83	0	31
27	27	0	0	1	227	1	83	0	39
27	27	0	0	1	228	2	84	85	0	0	33	33
27	27	0	0	1	229	1	85	0	19
27	27	0	0	1	230	4	86	87	88	89	0	0	0	0	31	38	37	39
27	27	0	0	1	231	4	89	90	94	95	0	0	0	0	34	33	31	35
27	27	0	0	1	232	2	90	95	0	0	29	34
27	27	0	0	1	233	1	90	0	35
27	27	0	0	1	234	1	90	0	30
27	27	0	0	1	235	1	90	0	32
27	27	0	0	1	236	1	90	0	19
27	27	0	0	1	237	2	91	92	0	0	30	32
27	27	0	0	1	238	3	91	92	93	0	0	0	30	28	33
27	27	0	0	1	239	1	93	0	31
27	27	0	0	1	240	4	94	95	96	97	0	0	0	0	33	20	35	32
27	27	0	0	1	241	1	94	0	31
27	27	0	0	1	242	2	94	95	0	0	19	18
27	27	0	0	1	243	2	94	95	0	0	33	33
27	27	0	0	1	244	1	96	0	35
27	27	0	0	1	245	1	96	0	36
27	27	0	0	1	246	5	96	97	98	99	100	0	0	0	0	0	36	31	7	30	31
27	27	0	0	1	247	1	96	0	34
27	27	0	0	1	248	1	97	0	17
27	27	0	0	1	249	2	97	98	0	0	31	23
27	27	0	0	1	250	4	97	98	99	100	0	0	0	0	26	34	35	35
27	27	0	0	1	251	4	97	98	99	100	0	0	0	0	27	37	35	35
27	27	0	0	1	252	2	99	100	0	0	34	34
27	27	0	0	1	253	2	99	100	0	0	23	2
