17	17	0	0	1	1	2	4	0	0	0
17	17	0	0	1	3	4	4	0	0	0
17	17	0	0	1	5	6	2	0	0	0
17	17	0	0	1	7	8	1	0	0	0
17	17	0	0	1	10	11	5	0	0	0
17	17	0	0	1	11	12	1	0	0	0
17	17	0	0	1	12	13	3	0	0	0
17	17	0	0	1	13	14	1	0	0	0
17	17	0	0	1	15	16	3	0	0	0
17	17	0	0	1	16	17	1	0	1	0
17	17	0	0	1	17	18	2	0	0	0
17	17	0	0	1	18	19	5	0	0	0
17	17	0	0	1	20	21	4	0	0	0
17	17	0	0	1	22	23	10	0	0	0
17	17	0	0	1	23	24	1	0	0	0
17	17	0	0	1	25	26	1	0	0	0
17	17	0	0	1	26	27	1	0	0	0
17	17	0	0	1	28	29	2	0	0	0
17	17	0	0	1	30	31	2	2	0	0
17	17	0	0	1	32	33	5	0	3	0
17	17	0	0	1	34	35	1	0	0	0
17	17	0	0	1	35	36	1	0	0	0
17	17	0	0	1	36	37	2	1	0	0
17	17	0	0	1	37	38	1	0	0	0
17	17	0	0	1	38	39	0	3	0	0
17	17	0	0	1	39	40	0	0	3	0
17	17	0	0	1	40	41	3	0	0	0
17	17	0	0	1	42	43	1	0	0	0
17	17	0	0	1	44	45	0	4	0	0
17	17	0	0	1	45	46	0	0	2	0
17	17	0	0	1	46	47	2	0	0	0
17	17	0	0	1	47	48	3	0	0	0
17	17	0	0	1	49	50	3	0	0	0
17	17	0	0	1	51	52	1	0	0	0
17	17	0	0	1	52	53	1	0	0	0
17	17	0	0	1	55	56	2	0	0	0
17	17	0	0	1	57	58	3	0	0	0
17	17	0	0	1	58	59	2	0	0	0
17	17	0	0	1	61	62	1	0	0	0
17	17	0	0	1	63	64	4	0	0	0
17	17	0	0	1	65	66	5	0	0	0
17	17	0	0	1	68	69	4	0	0	0
17	17	0	0	1	69	70	1	0	0	0
17	17	0	0	1	70	71	1	0	0	0
17	17	0	0	1	72	73	1	0	0	0
17	17	0	0	1	73	74	2	1	0	0
17	17	0	0	1	76	77	2	0	0	0
17	17	0	0	1	78	79	2	0	0	0
17	17	0	0	1	79	80	0	2	0	0
17	17	0	0	1	80	81	0	0	2	0
17	17	0	0	1	83	84	1	0	0	0
17	17	0	0	1	84	85	3	0	0	0
17	17	0	0	1	85	86	1	0	0	0
17	17	0	0	1	86	87	5	0	0	0
17	17	0	0	1	88	89	4	0	0	0
17	17	0	0	1	90	91	3	0	0	0
17	17	0	0	1	91	92	2	0	0	0
17	17	0	0	1	94	95	3	0	0	0
17	17	0	0	1	97	98	2	0	0	0
17	17	0	0	1	98	99	1	0	0	0
17	17	0	0	1	99	100	2	0	0	0
