20	20	0	0	1	1	2	1	0	0	0
20	20	0	0	1	2	3	3	0	0	0
20	20	0	0	1	3	4	1	0	0	0
20	20	0	0	1	4	5	2	0	0	0
20	20	0	0	1	5	6	4	0	0	0
20	20	0	0	1	6	7	1	0	0	0
20	20	0	0	1	7	8	0	3	0	0
20	20	0	0	1	8	9	0	0	1	0
20	20	0	0	1	11	12	5	0	0	0
20	20	0	0	1	12	13	1	0	0	0
20	20	0	0	1	13	14	2	0	0	0
20	20	0	0	1	15	16	0	4	0	0
20	20	0	0	1	16	17	0	0	2	0
20	20	0	0	1	17	18	1	0	0	0
20	20	0	0	1	18	19	8	0	0	0
20	20	0	0	1	20	21	4	0	0	0
20	20	0	0	1	21	22	2	0	0	0
20	20	0	0	1	22	23	1	0	0	0
20	20	0	0	1	23	24	5	0	0	0
20	20	0	0	1	25	26	1	0	0	0
20	20	0	0	1	26	27	2	0	0	0
20	20	0	0	1	28	29	1	0	0	0
20	20	0	0	1	30	31	2	0	0	0
20	20	0	0	1	32	33	2	0	0	0
20	20	0	0	1	33	34	2	0	0	0
20	20	0	0	1	34	35	1	0	0	0
20	20	0	0	1	35	36	2	0	0	0
20	20	0	0	1	36	37	0	1	0	0
20	20	0	0	1	37	38	0	0	2	0
20	20	0	0	1	38	39	0	1	0	0
20	20	0	0	1	39	40	0	0	3	0
20	20	0	0	1	40	41	4	0	0	0
20	20	0	0	1	42	43	2	0	0	0
20	20	0	0	1	43	44	5	0	0	0
20	20	0	0	1	44	45	0	1	0	0
20	20	0	0	1	45	46	0	0	3	0
20	20	0	0	1	46	47	2	0	0	0
20	20	0	0	1	47	48	4	0	0	0
20	20	0	0	1	49	50	4	0	0	0
20	20	0	0	1	50	51	2	0	0	0
20	20	0	0	1	51	52	3	0	0	0
20	20	0	0	1	52	53	1	0	0	0
20	20	0	0	1	53	54	1	0	0	0
20	20	0	0	1	54	55	1	0	0	0
20	20	0	0	1	56	57	4	0	0	0
20	20	0	0	1	58	59	8	0	0	0
20	20	0	0	1	60	61	2	0	0	0
20	20	0	0	1	61	62	1	0	0	0
20	20	0	0	1	63	64	1	0	0	0
20	20	0	0	1	64	65	2	0	0	0
20	20	0	0	1	65	66	1	0	0	0
20	20	0	0	1	66	67	3	0	0	0
20	20	0	0	1	69	70	5	0	0	0
20	20	0	0	1	70	71	1	0	0	0
20	20	0	0	1	71	72	1	0	0	0
20	20	0	0	1	72	73	1	0	0	0
20	20	0	0	1	73	74	1	0	0	0
20	20	0	0	1	74	75	4	0	0	0
20	20	0	0	1	76	77	3	0	0	0
20	20	0	0	1	78	79	1	0	0	0
20	20	0	0	1	79	80	0	3	0	0
20	20	0	0	1	80	81	0	0	1	0
20	20	0	0	1	81	82	1	0	0	0
20	20	0	0	1	82	83	1	0	0	0
20	20	0	0	1	84	85	1	0	0	0
20	20	0	0	1	87	88	7	0	0	0
20	20	0	0	1	89	90	5	0	0	0
20	20	0	0	1	91	92	5	0	0	0
20	20	0	0	1	92	93	4	0	0	0
20	20	0	0	1	93	94	3	0	0	0
20	20	0	0	1	94	95	3	0	0	0
20	20	0	0	1	95	96	2	0	0	0
20	20	0	0	1	97	98	5	0	0	0
20	20	0	0	1	98	99	2	0	0	0
20	20	0	0	1	99	100	7	0	0	0
