28	28	0	0	1	1	1	1	0	32
28	28	0	0	1	2	2	1	2	0	0	34	29
28	28	0	0	1	3	3	1	2	7	0	0	0	30	7	28
28	28	0	0	1	4	4	1	2	3	4	0	0	0	0	24	29	30	21
28	28	0	0	1	5	2	2	3	0	0	27	29
28	28	0	0	1	6	4	3	4	7	8	0	0	0	1	27	30	33	30
28	28	0	0	1	7	1	4	0	38
28	28	0	0	1	8	4	3	4	7	8	0	0	0	0	30	33	32	15
28	28	0	0	1	9	1	4	0	31
28	28	0	0	1	10	2	5	6	0	0	29	29
28	28	0	0	1	11	2	5	6	0	0	30	28
28	28	0	0	1	12	2	5	6	0	0	36	30
28	28	0	0	1	13	2	7	8	0	1	36	33
28	28	0	0	1	14	1	8	0	17
28	28	0	0	1	15	1	8	0	30
28	28	0	0	1	16	1	8	1	29
28	28	0	0	1	17	1	9	0	29
28	28	0	0	1	18	1	9	0	37
28	28	0	0	1	19	2	10	14	0	0	29	35
28	28	0	0	1	20	1	10	0	30
28	28	0	0	1	21	2	10	11	0	0	30	28
28	28	0	0	1	22	3	10	11	14	0	0	0	30	17	30
28	28	0	0	1	23	2	10	11	0	0	29	27
28	28	0	0	1	24	3	10	11	14	0	0	1	31	22	24
28	28	0	0	1	25	3	10	11	14	0	0	1	30	27	27
28	28	0	0	1	26	5	10	11	12	13	14	0	0	0	0	1	34	37	33	30	28
28	28	0	0	1	27	4	10	11	12	13	0	0	0	0	18	30	23	18
28	28	0	0	1	28	3	10	11	12	0	0	0	21	29	29
28	28	0	0	1	29	4	10	11	12	13	0	0	0	0	2	33	32	33
28	28	0	0	1	30	1	12	0	30
28	28	0	0	1	31	2	12	13	0	0	32	31
28	28	0	0	1	32	3	12	13	14	0	0	1	24	19	31
28	28	0	0	1	33	2	12	13	0	0	21	26
28	28	0	0	1	34	1	14	0	26
28	28	0	0	1	35	1	14	0	24
28	28	0	0	1	36	1	14	0	37
28	28	0	0	1	37	1	14	1	26
28	28	0	0	1	38	1	14	1	31
28	28	0	0	1	39	1	14	1	30
28	28	0	0	1	40	1	14	1	31
28	28	0	0	1	41	1	14	1	20
28	28	0	0	1	42	1	15	0	34
28	28	0	0	1	43	1	15	0	33
28	28	0	0	1	44	2	15	16	0	0	34	25
28	28	0	0	1	45	2	15	16	0	1	33	34
28	28	0	0	1	46	3	15	16	19	0	1	0	32	30	35
28	28	0	0	1	47	2	15	19	0	0	32	31
28	28	0	0	1	48	2	16	19	0	0	29	35
28	28	0	0	1	49	1	17	0	21
28	28	0	0	1	50	4	17	18	19	20	0	0	0	0	33	26	30	34
28	28	0	0	1	51	3	17	18	19	0	0	0	17	26	32
28	28	0	0	1	52	4	17	18	20	21	0	0	0	0	34	12	33	30
28	28	0	0	1	53	2	18	19	0	0	25	31
28	28	0	0	1	54	1	19	0	24
28	28	0	0	1	55	1	20	0	36
28	28	0	0	1	56	2	20	21	0	0	36	31
28	28	0	0	1	57	1	20	0	32
28	28	0	0	1	58	2	20	21	0	0	35	22
28	28	0	0	1	59	3	21	22	23	0	0	0	32	29	28
28	28	0	0	1	60	1	21	0	34
28	28	0	0	1	61	3	21	22	23	0	0	0	32	29	27
28	28	0	0	1	62	2	22	23	0	0	27	25
28	28	0	0	1	63	3	22	23	24	0	0	0	28	32	30
28	28	0	0	1	64	3	22	23	24	0	0	0	27	27	29
28	28	0	0	1	65	3	22	23	24	0	0	0	30	31	34
28	28	0	0	1	66	3	22	23	24	0	0	0	27	28	30
28	28	0	0	1	67	1	24	0	19
28	28	0	0	1	68	1	24	0	28
28	28	0	0	1	69	2	25	32	0	0	30	28
28	28	0	0	1	70	2	25	32	0	1	31	30
28	28	0	0	1	71	6	25	26	27	28	29	32	0	0	0	0	0	0	33	32	18	29	23	34
28	28	0	0	1	72	4	25	26	32	33	0	0	0	0	27	26	32	31
28	28	0	0	1	73	5	25	26	27	28	29	0	0	0	0	0	32	33	28	26	32
28	28	0	0	1	74	4	25	26	32	33	0	0	0	0	27	20	28	32
28	28	0	0	1	75	4	26	27	28	29	0	0	0	0	30	28	19	30
28	28	0	0	1	76	4	26	27	32	33	0	0	1	0	21	27	31	29
28	28	0	0	1	77	3	26	33	34	0	0	0	27	23	28
28	28	0	0	1	78	3	30	30	31	0	0	1	36	29	24
28	28	0	0	1	79	2	30	31	0	0	32	26
28	28	0	0	1	80	1	31	1	21
28	28	0	0	1	81	2	32	33	0	0	32	33
28	28	0	0	1	82	0
28	28	0	0	1	83	2	34	35	0	0	34	30
28	28	0	0	1	84	1	34	0	26
28	28	0	0	1	85	1	35	0	35
28	28	0	0	1	86	2	35	36	0	0	29	32
28	28	0	0	1	87	2	36	36	0	0	26	31
28	28	0	0	1	88	2	36	37	0	0	19	23
28	28	0	0	1	89	1	36	0	20
28	28	0	0	1	90	2	36	38	0	0	17	28
28	28	0	0	1	91	1	37	0	21
28	28	0	0	1	92	4	37	39	40	41	1	1	0	0	35	30	27	32
28	28	0	0	1	93	2	37	41	0	0	27	23
28	28	0	0	1	94	4	38	39	40	41	0	1	0	0	32	36	35	35
28	28	0	0	1	95	2	38	41	0	0	35	10
28	28	0	0	1	96	1	38	0	30
28	28	0	0	1	97	2	38	38	0	0	28	29
28	28	0	0	1	98	1	38	0	31
28	28	0	0	1	99	1	38	0	29
28	28	0	0	1	100	1	38	0	27
28	28	0	0	1	101	2	39	40	1	0	35	29
28	28	0	0	1	102	2	39	40	1	0	31	31
28	28	0	0	1	103	3	39	40	41	1	0	0	29	30	25
28	28	0	0	1	104	2	41	42	0	0	26	14
28	28	0	0	1	105	1	41	0	16
28	28	0	0	1	106	2	42	43	0	0	32	35
28	28	0	0	1	107	3	42	47	48	0	0	0	20	20	34
28	28	0	0	1	108	6	42	43	45	46	47	48	0	0	0	0	0	0	36	28	25	34	22	23
28	28	0	0	1	109	2	42	43	0	0	32	35
28	28	0	0	1	110	3	42	43	47	0	0	0	25	30	24
28	28	0	0	1	111	1	43	0	32
28	28	0	0	1	112	5	44	45	46	49	50	0	0	0	0	0	36	26	32	37	31
28	28	0	0	1	113	2	44	45	0	1	31	29
28	28	0	0	1	114	7	44	45	46	47	48	49	50	0	0	0	0	0	0	0	36	27	33	26	23	30	35
28	28	0	0	1	115	4	46	47	48	51	0	0	0	0	32	31	22	36
28	28	0	0	1	116	2	47	48	0	0	31	22
28	28	0	0	1	117	1	49	0	32
28	28	0	0	1	118	2	49	52	0	0	30	31
28	28	0	0	1	119	3	49	50	53	0	0	0	27	26	24
28	28	0	0	1	120	2	49	50	0	0	29	30
28	28	0	0	1	121	2	50	53	0	0	31	32
28	28	0	0	1	122	1	50	0	31
28	28	0	0	1	123	1	52	0	20
28	28	0	0	1	124	2	53	54	0	0	31	33
28	28	0	0	1	125	4	54	57	58	59	0	0	0	0	29	32	4	22
28	28	0	0	1	126	2	55	60	0	0	29	32
28	28	0	0	1	127	3	55	56	60	0	0	0	31	35	28
28	28	0	0	1	128	2	55	60	0	0	17	32
28	28	0	0	1	129	3	55	56	60	0	0	0	33	26	34
28	28	0	0	1	130	4	55	56	61	62	0	0	0	0	24	21	27	34
28	28	0	0	1	131	2	58	59	1	0	3	38
28	28	0	0	1	132	2	58	59	0	0	4	24
28	28	0	0	1	133	1	60	0	30
28	28	0	0	1	134	1	61	0	16
28	28	0	0	1	135	1	61	0	29
28	28	0	0	1	136	3	61	62	63	0	0	0	32	36	30
28	28	0	0	1	137	3	61	62	63	0	0	0	25	33	26
28	28	0	0	1	138	4	61	62	63	64	0	0	0	0	27	29	27	24
28	28	0	0	1	139	2	62	63	0	0	36	28
28	28	0	0	1	140	2	62	63	0	0	33	29
28	28	0	0	1	141	3	62	63	64	0	0	0	36	27	31
28	28	0	0	1	142	2	63	64	0	0	35	8
28	28	0	0	1	143	1	63	0	4
28	28	0	0	1	144	2	63	64	0	0	37	33
28	28	0	0	1	145	2	63	64	0	0	26	17
28	28	0	0	1	146	2	63	64	0	0	30	25
28	28	0	0	1	147	2	63	64	0	0	25	24
28	28	0	0	1	148	2	64	64	0	0	17	33
28	28	0	0	1	149	2	65	66	0	0	30	34
28	28	0	0	1	150	2	65	66	0	0	28	29
28	28	0	0	1	151	3	65	66	67	0	0	0	24	31	11
28	28	0	0	1	152	1	67	0	18
28	28	0	0	1	153	1	67	0	25
28	28	0	0	1	154	3	68	69	70	0	0	0	35	34	32
28	28	0	0	1	155	3	69	70	71	0	0	0	23	21	28
28	28	0	0	1	156	1	71	0	27
28	28	0	0	1	157	2	71	73	0	0	31	30
28	28	0	0	1	158	1	71	0	30
28	28	0	0	1	159	1	71	0	34
28	28	0	0	1	160	2	71	73	0	0	27	25
28	28	0	0	1	161	1	72	0	33
28	28	0	0	1	162	2	72	74	0	0	16	21
28	28	0	0	1	163	1	72	0	27
28	28	0	0	1	164	1	72	0	28
28	28	0	0	1	165	1	72	0	20
28	28	0	0	1	166	3	72	73	74	0	0	0	20	27	29
28	28	0	0	1	167	1	72	0	25
28	28	0	0	1	168	2	72	74	0	0	19	31
28	28	0	0	1	169	2	73	75	0	0	26	32
28	28	0	0	1	170	1	73	0	22
28	28	0	0	1	171	4	73	74	78	79	0	0	0	0	19	27	25	28
28	28	0	0	1	172	2	75	80	0	1	23	29
28	28	0	0	1	173	2	75	80	0	1	26	29
28	28	0	0	1	174	1	75	0	20
28	28	0	0	1	175	1	76	0	32
28	28	0	0	1	176	2	76	77	0	0	19	16
28	28	0	0	1	177	5	76	77	78	79	82	0	0	0	0	0	30	32	37	23	30
28	28	0	0	1	178	2	79	83	0	0	25	34
28	28	0	0	1	179	2	79	83	0	0	24	34
28	28	0	0	1	180	3	79	84	85	0	0	0	28	30	29
28	28	0	0	1	181	2	80	83	1	0	30	31
28	28	0	0	1	182	2	80	81	1	0	30	30
28	28	0	0	1	183	4	80	81	84	85	1	0	0	0	29	29	24	27
28	28	0	0	1	184	1	82	0	36
28	28	0	0	1	185	1	83	0	33
28	28	0	0	1	186	2	84	85	0	0	33	31
28	28	0	0	1	187	4	86	87	88	89	0	0	0	0	33	35	35	34
28	28	0	0	1	188	2	90	91	0	0	33	31
28	28	0	0	1	189	6	90	91	92	93	94	95	0	0	0	0	0	0	31	29	32	29	34	36
28	28	0	0	1	190	3	91	92	93	0	0	0	31	33	27
28	28	0	0	1	191	6	93	96	97	98	99	100	0	0	0	0	0	0	32	36	32	34	35	32
28	28	0	0	1	192	1	93	0	29
28	28	0	0	1	193	1	93	0	30
28	28	0	0	1	194	6	94	95	97	98	99	100	1	0	0	0	0	0	28	27	4	20	33	26
28	28	0	0	1	195	1	96	0	41
28	28	0	0	1	196	1	96	0	36
28	28	0	0	1	197	4	97	98	99	100	0	0	0	0	27	33	35	30
