31	31	0	0	1	1	2	1	0	0	0
31	31	0	0	1	5	6	1	0	0	0
31	31	0	0	1	7	8	0	1	0	0
31	31	0	0	1	10	11	3	0	0	0
31	31	0	0	1	11	12	1	0	0	0
31	31	0	0	1	12	13	2	0	0	0
31	31	0	0	1	16	17	0	0	1	0
31	31	0	0	1	19	20	1	0	0	0
31	31	0	0	1	20	21	1	0	0	0
31	31	0	0	1	22	23	1	0	0	0
31	31	0	0	1	23	24	4	0	0	0
31	31	0	0	1	27	28	3	0	0	0
31	31	0	0	1	29	30	1	0	0	0
31	31	0	0	1	30	31	3	0	0	0
31	31	0	0	1	32	33	6	0	0	0
31	31	0	0	1	34	35	1	0	0	0
31	31	0	0	1	35	36	1	0	0	0
31	31	0	0	1	39	40	0	0	4	0
31	31	0	0	1	42	43	2	0	0	0
31	31	0	0	1	44	45	0	2	0	0
31	31	0	0	1	45	46	0	0	1	0
31	31	0	0	1	47	48	2	0	0	0
31	31	0	0	1	55	56	2	0	0	0
31	31	0	0	1	56	57	0	1	0	0
31	31	0	0	1	57	58	1	0	0	0
31	31	0	0	1	58	59	7	0	0	0
31	31	0	0	1	60	61	1	0	0	0
31	31	0	0	1	61	62	1	0	0	0
31	31	0	0	1	62	63	1	0	0	0
31	31	0	0	1	63	64	2	0	0	0
31	31	0	0	1	65	66	1	0	0	0
31	31	0	0	1	68	69	1	0	0	0
31	31	0	0	1	69	70	2	0	1	0
31	31	0	0	1	77	78	1	0	0	0
31	31	0	0	1	81	82	1	0	0	0
31	31	0	0	1	84	85	4	0	0	0
31	31	0	0	1	85	86	1	0	0	0
31	31	0	0	1	87	88	4	0	0	0
31	31	0	0	1	88	89	1	0	0	0
31	31	0	0	1	89	90	1	0	0	0
31	31	0	0	1	92	93	2	0	0	0
31	31	0	0	1	94	95	1	0	0	0
31	31	0	0	1	96	97	1	0	0	0
31	31	0	0	1	98	99	2	0	0	0
