19	19	0	0	1	1	2	1	2	0	0	33	32
19	19	0	0	1	2	3	2	3	4	0	0	0	14	31	37
19	19	0	0	1	3	2	3	4	0	0	36	35
19	19	0	0	1	4	2	5	6	0	0	34	2
19	19	0	0	1	5	2	7	8	0	1	35	38
19	19	0	0	1	6	1	9	0	33
19	19	0	0	1	7	1	9	0	26
19	19	0	0	1	8	1	9	0	34
19	19	0	0	1	9	4	10	11	12	14	0	0	0	0	34	32	31	30
19	19	0	0	1	10	2	10	11	0	0	27	26
19	19	0	0	1	11	2	10	11	0	0	34	23
19	19	0	0	1	12	1	12	0	32
19	19	0	0	1	13	2	12	13	0	0	34	32
19	19	0	0	1	14	2	12	13	0	0	35	2
19	19	0	0	1	15	1	13	0	33
19	19	0	0	1	16	1	14	0	27
19	19	0	0	1	17	2	15	17	0	0	31	25
19	19	0	0	1	18	2	15	16	0	1	32	37
19	19	0	0	1	19	1	16	1	26
19	19	0	0	1	20	1	16	1	36
19	19	0	0	1	21	1	16	1	16
19	19	0	0	1	22	1	16	1	29
19	19	0	0	1	23	2	17	18	0	0	27	25
19	19	0	0	1	24	2	17	18	0	0	24	31
19	19	0	0	1	25	2	18	19	0	0	19	4
19	19	0	0	1	26	1	19	0	36
19	19	0	0	1	27	1	20	0	35
19	19	0	0	1	28	1	20	0	34
19	19	0	0	1	29	1	21	0	37
19	19	0	0	1	30	2	23	24	0	0	31	33
19	19	0	0	1	31	1	25	0	27
19	19	0	0	1	32	3	25	26	31	0	0	0	33	32	32
19	19	0	0	1	33	5	26	27	28	29	30	0	0	0	0	0	29	31	32	27	35
19	19	0	0	1	34	1	31	0	34
19	19	0	0	1	35	1	32	0	21
19	19	0	0	1	36	2	32	33	0	0	32	34
19	19	0	0	1	37	3	32	33	34	0	0	0	28	27	28
19	19	0	0	1	38	2	33	34	0	0	33	33
19	19	0	0	1	39	2	33	34	0	0	4	29
19	19	0	0	1	40	1	34	0	34
19	19	0	0	1	41	1	35	0	33
19	19	0	0	1	42	2	36	37	0	1	25	2
19	19	0	0	1	43	1	37	1	29
19	19	0	0	1	44	4	38	39	40	41	0	1	0	0	35	35	26	34
19	19	0	0	1	45	1	38	0	30
19	19	0	0	1	46	1	38	0	32
19	19	0	0	1	47	3	39	40	41	1	0	0	31	32	30
19	19	0	0	1	48	1	42	0	34
19	19	0	0	1	49	1	43	0	39
19	19	0	0	1	50	3	44	45	49	0	1	0	34	34	36
19	19	0	0	1	51	1	44	0	37
19	19	0	0	1	52	2	47	48	0	0	25	18
19	19	0	0	1	53	1	49	0	36
19	19	0	0	1	54	1	50	0	28
19	19	0	0	1	55	1	51	0	37
19	19	0	0	1	56	1	51	0	40
19	19	0	0	1	57	1	52	0	34
19	19	0	0	1	58	4	55	55	56	56	0	0	0	0	29	36	32	31
19	19	0	0	1	59	4	55	56	57	58	0	0	0	0	35	32	36	29
19	19	0	0	1	60	3	57	58	59	0	0	0	31	18	37
19	19	0	0	1	61	4	59	60	61	62	0	0	0	0	34	33	31	34
19	19	0	0	1	62	1	59	0	37
19	19	0	0	1	63	1	60	0	35
19	19	0	0	1	64	1	60	0	29
19	19	0	0	1	65	1	61	0	33
19	19	0	0	1	66	1	63	0	28
19	19	0	0	1	67	1	63	0	28
19	19	0	0	1	68	2	63	64	0	0	31	36
19	19	0	0	1	69	2	68	69	0	0	35	34
19	19	0	0	1	70	2	68	69	0	0	38	26
19	19	0	0	1	71	2	69	70	0	0	37	31
19	19	0	0	1	72	1	72	0	30
19	19	0	0	1	73	1	72	0	24
19	19	0	0	1	74	1	72	0	23
19	19	0	0	1	75	1	73	0	23
19	19	0	0	1	76	1	74	0	3
19	19	0	0	1	77	1	74	0	29
19	19	0	0	1	78	1	79	0	27
19	19	0	0	1	79	1	79	0	34
19	19	0	0	1	80	4	81	82	84	85	0	0	0	0	31	36	32	36
19	19	0	0	1	81	1	82	0	35
19	19	0	0	1	82	1	83	0	37
19	19	0	0	1	83	1	85	0	16
19	19	0	0	1	84	4	86	87	88	89	0	0	1	0	29	30	39	36
19	19	0	0	1	85	2	88	89	0	0	28	28
19	19	0	0	1	86	3	90	91	92	0	0	0	27	28	29
19	19	0	0	1	87	1	90	0	29
19	19	0	0	1	88	1	93	0	32
19	19	0	0	1	89	2	94	95	0	0	37	37
19	19	0	0	1	90	1	96	0	38
19	19	0	0	1	91	4	97	98	99	100	0	0	0	0	32	17	33	35
19	19	0	0	1	92	1	100	0	25
