34	34	0	0	1	1	2	2	0	0	0
34	34	0	0	1	3	4	1	0	0	0
34	34	0	0	1	5	6	1	0	0	0
34	34	0	0	1	7	8	0	4	0	0
34	34	0	0	1	10	11	1	0	0	0
34	34	0	0	1	11	12	1	0	0	0
34	34	0	0	1	12	13	2	0	0	0
34	34	0	0	1	16	17	0	0	3	0
34	34	0	0	1	17	18	1	0	0	0
34	34	0	0	1	18	19	1	0	0	0
34	34	0	0	1	20	21	1	0	0	0
34	34	0	0	1	23	24	2	0	0	0
34	34	0	0	1	26	27	2	0	0	0
34	34	0	0	1	28	29	3	0	0	0
34	34	0	0	1	29	30	1	0	0	0
34	34	0	0	1	30	31	1	0	0	0
34	34	0	0	1	32	33	6	0	0	0
34	34	0	0	1	34	35	1	0	0	0
34	34	0	0	1	37	38	0	0	1	0
34	34	0	0	1	39	40	0	0	5	0
34	34	0	0	1	45	46	0	0	1	0
34	34	0	0	1	47	48	1	0	0	0
34	34	0	0	1	52	53	1	0	0	0
34	34	0	0	1	55	56	2	0	0	0
34	34	0	0	1	58	59	1	0	0	0
34	34	0	0	1	60	61	1	0	0	0
34	34	0	0	1	66	67	1	0	0	0
34	34	0	0	1	68	69	1	0	0	0
34	34	0	0	1	69	70	2	0	0	0
34	34	0	0	1	73	74	1	0	0	0
34	34	0	0	1	77	78	2	0	0	0
34	34	0	0	1	81	82	2	0	0	0
34	34	0	0	1	84	85	1	0	0	0
34	34	0	0	1	87	88	2	0	0	0
34	34	0	0	1	91	92	1	0	0	0
34	34	0	0	1	92	93	3	0	0	0
34	34	0	0	1	95	96	1	0	0	0
34	34	0	0	1	97	98	1	0	0	0
34	34	0	0	1	99	100	2	0	0	0
