24	24	0	0	1	1	2	4	0	0	0
24	24	0	0	1	2	3	1	0	0	0
24	24	0	0	1	3	4	1	0	0	0
24	24	0	0	1	5	6	4	0	0	0
24	24	0	0	1	7	8	1	0	0	0
24	24	0	0	1	8	9	1	0	0	0
24	24	0	0	1	10	11	3	0	0	0
24	24	0	0	1	11	12	3	0	0	0
24	24	0	0	1	12	13	3	0	0	0
24	24	0	0	1	15	16	1	0	0	0
24	24	0	0	1	17	18	1	0	0	0
24	24	0	0	1	18	19	2	0	0	0
24	24	0	0	1	20	21	4	2	0	0
24	24	0	0	1	22	23	3	0	0	0
24	24	0	0	1	23	24	3	0	0	0
24	24	0	0	1	25	26	4	0	0	0
24	24	0	0	1	26	27	2	0	0	0
24	24	0	0	1	27	28	2	0	0	0
24	24	0	0	1	28	29	4	0	0	0
24	24	0	0	1	29	30	2	0	0	0
24	24	0	0	1	30	31	1	0	0	0
24	24	0	0	1	33	34	2	0	0	0
24	24	0	0	1	38	39	0	1	0	0
24	24	0	0	1	39	40	0	0	2	0
24	24	0	0	1	40	41	3	0	0	0
24	24	0	0	1	45	46	0	0	1	0
24	24	0	0	1	46	47	3	0	0	0
24	24	0	0	1	47	48	1	0	0	0
24	24	0	0	1	48	49	1	0	0	0
24	24	0	0	1	49	50	2	0	0	0
24	24	0	0	1	51	52	1	0	0	0
24	24	0	0	1	55	56	1	0	0	0
24	24	0	0	1	56	57	4	0	0	0
24	24	0	0	1	58	59	4	0	0	0
24	24	0	0	1	61	62	3	0	0	0
24	24	0	0	1	63	64	4	0	0	0
24	24	0	0	1	65	66	2	0	0	0
24	24	0	0	1	66	67	2	0	0	0
24	24	0	0	1	69	70	0	0	2	0
24	24	0	0	1	70	71	1	0	0	0
24	24	0	0	1	73	74	4	0	0	0
24	24	0	0	1	76	77	3	0	0	0
24	24	0	0	1	77	78	4	0	0	0
24	24	0	0	1	81	82	1	0	0	0
24	24	0	0	1	87	88	0	1	0	0
24	24	0	0	1	89	90	1	0	0	0
24	24	0	0	1	90	91	1	0	0	0
24	24	0	0	1	91	92	2	0	0	0
24	24	0	0	1	92	93	3	0	0	0
24	24	0	0	1	97	98	2	0	0	0
24	24	0	0	1	98	99	1	0	0	0
24	24	0	0	1	99	100	2	0	0	0
