85	85	0	0	1	1	1	1	0	31
85	85	0	0	1	2	2	3	4	0	0	32	36
85	85	0	0	1	3	2	5	6	0	0	4	31
85	85	0	0	1	4	2	5	6	0	0	20	24
85	85	0	0	1	5	2	5	6	0	0	27	35
85	85	0	0	1	6	2	5	6	0	0	23	38
85	85	0	0	1	7	2	5	6	0	0	24	33
85	85	0	0	1	8	1	6	0	22
85	85	0	0	1	9	1	7	0	32
85	85	0	0	1	10	2	7	8	0	1	33	29
85	85	0	0	1	11	1	8	1	31
85	85	0	0	1	12	1	8	1	33
85	85	0	0	1	13	1	9	0	28
85	85	0	0	1	14	1	9	0	31
85	85	0	0	1	15	1	9	0	18
85	85	0	0	1	16	1	10	0	28
85	85	0	0	1	17	1	12	0	32
85	85	0	0	1	18	2	12	13	0	0	32	28
85	85	0	0	1	19	1	14	0	29
85	85	0	0	1	20	1	14	0	23
85	85	0	0	1	21	1	14	0	21
85	85	0	0	1	22	1	14	0	29
85	85	0	0	1	23	1	14	0	27
85	85	0	0	1	24	1	15	0	20
85	85	0	0	1	25	1	16	0	16
85	85	0	0	1	26	1	16	0	32
85	85	0	0	1	27	1	16	0	28
85	85	0	0	1	28	1	16	0	13
85	85	0	0	1	29	1	17	0	28
85	85	0	0	1	30	1	17	0	20
85	85	0	0	1	31	2	18	19	0	0	26	27
85	85	0	0	1	32	1	19	0	4
85	85	0	0	1	33	1	19	0	30
85	85	0	0	1	34	1	19	0	23
85	85	0	0	1	35	2	20	21	0	0	32	31
85	85	0	0	1	36	2	22	23	0	0	20	29
85	85	0	0	1	37	3	22	23	24	0	0	0	29	31	34
85	85	0	0	1	38	1	25	0	21
85	85	0	0	1	39	1	25	0	30
85	85	0	0	1	40	1	25	0	23
85	85	0	0	1	41	1	26	0	26
85	85	0	0	1	42	1	26	0	31
85	85	0	0	1	43	4	26	27	28	29	0	0	0	0	27	29	24	32
85	85	0	0	1	44	3	27	28	29	0	0	0	4	4	24
85	85	0	0	1	45	1	30	0	30
85	85	0	0	1	46	1	31	0	25
85	85	0	0	1	47	1	31	1	22
85	85	0	0	1	48	1	31	0	2
85	85	0	0	1	49	1	32	0	23
85	85	0	0	1	50	1	32	1	34
85	85	0	0	1	51	2	32	33	1	0	32	1
85	85	0	0	1	52	2	32	33	0	0	37	38
85	85	0	0	1	53	1	34	0	27
85	85	0	0	1	54	1	34	0	31
85	85	0	0	1	55	1	34	0	31
85	85	0	0	1	56	1	34	0	30
85	85	0	0	1	57	1	34	0	26
85	85	0	0	1	58	1	35	0	32
85	85	0	0	1	59	1	36	0	17
85	85	0	0	1	60	1	36	0	33
85	85	0	0	1	61	1	36	0	22
85	85	0	0	1	62	1	38	0	30
85	85	0	0	1	63	1	38	0	36
85	85	0	0	1	64	2	39	40	1	0	31	30
85	85	0	0	1	65	2	39	40	1	0	24	28
85	85	0	0	1	66	2	40	41	0	0	22	24
85	85	0	0	1	67	1	41	0	31
85	85	0	0	1	68	1	41	0	26
85	85	0	0	1	69	1	42	0	28
85	85	0	0	1	70	1	42	0	30
85	85	0	0	1	71	1	42	0	28
85	85	0	0	1	72	1	43	0	35
85	85	0	0	1	73	1	43	0	34
85	85	0	0	1	74	1	43	0	27
85	85	0	0	1	75	1	43	0	18
85	85	0	0	1	76	1	44	0	34
85	85	0	0	1	77	1	44	0	33
85	85	0	0	1	78	2	44	45	0	1	32	30
85	85	0	0	1	79	1	45	0	20
85	85	0	0	1	80	2	45	46	0	0	23	28
85	85	0	0	1	81	1	46	0	31
85	85	0	0	1	82	2	47	48	0	0	21	32
85	85	0	0	1	83	1	49	0	32
85	85	0	0	1	84	1	49	0	23
85	85	0	0	1	85	1	49	0	27
85	85	0	0	1	86	1	49	0	31
85	85	0	0	1	87	1	49	0	4
85	85	0	0	1	88	1	49	0	34
85	85	0	0	1	89	1	49	0	29
85	85	0	0	1	90	1	49	0	33
85	85	0	0	1	91	1	51	0	21
85	85	0	0	1	92	1	52	0	32
85	85	0	0	1	93	1	52	0	33
85	85	0	0	1	94	1	52	0	23
85	85	0	0	1	95	1	53	0	27
85	85	0	0	1	96	1	53	0	32
85	85	0	0	1	97	1	53	0	20
85	85	0	0	1	98	1	54	0	16
85	85	0	0	1	99	1	54	0	36
85	85	0	0	1	100	2	55	56	0	0	34	30
85	85	0	0	1	101	1	57	0	24
85	85	0	0	1	102	1	57	0	9
85	85	0	0	1	103	1	58	0	31
85	85	0	0	1	104	2	58	59	0	0	30	32
85	85	0	0	1	105	1	60	0	33
85	85	0	0	1	106	1	60	0	22
85	85	0	0	1	107	1	60	0	36
85	85	0	0	1	108	1	61	0	21
85	85	0	0	1	109	1	61	0	4
85	85	0	0	1	110	1	62	0	11
85	85	0	0	1	111	1	63	0	20
85	85	0	0	1	112	2	63	64	0	0	32	23
85	85	0	0	1	113	1	64	0	32
85	85	0	0	1	114	3	65	66	67	0	0	0	35	35	19
85	85	0	0	1	115	3	65	66	67	0	0	0	25	25	3
85	85	0	0	1	116	3	65	66	67	0	0	0	29	35	19
85	85	0	0	1	117	3	65	66	67	0	0	0	27	35	32
85	85	0	0	1	118	1	67	0	14
85	85	0	0	1	119	1	67	0	22
85	85	0	0	1	120	1	68	0	3
85	85	0	0	1	121	1	68	0	33
85	85	0	0	1	122	3	68	69	70	0	0	0	31	30	23
85	85	0	0	1	123	2	69	70	0	0	21	2
85	85	0	0	1	124	2	69	70	0	0	2	28
85	85	0	0	1	125	1	71	0	31
85	85	0	0	1	126	1	71	0	2
85	85	0	0	1	127	1	72	0	31
85	85	0	0	1	128	1	72	0	27
85	85	0	0	1	129	1	72	0	38
85	85	0	0	1	130	1	72	0	13
85	85	0	0	1	131	1	72	0	28
85	85	0	0	1	132	1	73	0	4
85	85	0	0	1	133	1	73	0	4
85	85	0	0	1	134	1	75	0	11
85	85	0	0	1	135	1	75	0	30
85	85	0	0	1	136	1	75	0	32
85	85	0	0	1	137	2	77	78	0	0	20	26
85	85	0	0	1	138	2	77	78	0	0	22	21
85	85	0	0	1	139	1	78	0	29
85	85	0	0	1	140	1	79	0	35
85	85	0	0	1	141	1	80	1	22
85	85	0	0	1	142	1	80	1	29
85	85	0	0	1	143	1	80	1	22
85	85	0	0	1	144	2	81	82	0	0	28	30
85	85	0	0	1	145	1	83	0	32
85	85	0	0	1	146	1	83	0	32
85	85	0	0	1	147	2	84	85	1	0	33	32
85	85	0	0	1	148	3	86	87	88	0	0	0	34	32	23
85	85	0	0	1	149	4	86	87	88	89	0	0	0	0	33	38	39	38
85	85	0	0	1	150	3	87	88	89	0	0	0	32	28	32
85	85	0	0	1	151	1	90	0	28
85	85	0	0	1	152	1	90	0	38
85	85	0	0	1	153	1	90	0	35
85	85	0	0	1	154	2	91	92	0	0	29	33
85	85	0	0	1	155	1	93	0	31
85	85	0	0	1	156	2	94	95	1	0	25	30
85	85	0	0	1	157	1	95	0	25
85	85	0	0	1	158	1	96	0	31
85	85	0	0	1	159	1	96	0	35
85	85	0	0	1	160	1	96	0	40
85	85	0	0	1	161	1	96	0	36
85	85	0	0	1	162	1	96	0	33
85	85	0	0	1	163	1	96	0	36
85	85	0	0	1	164	1	96	0	35
85	85	0	0	1	165	2	96	97	0	0	35	18
85	85	0	0	1	166	4	97	98	99	100	0	0	0	0	32	30	34	30
85	85	0	0	1	167	2	99	100	0	0	34	32
