77	77	0	0	1	1	2	3	0	0	0
77	77	0	0	1	3	4	8	0	0	0
77	77	0	0	1	5	6	3	0	0	0
77	77	0	0	1	7	8	0	5	0	0
77	77	0	0	1	10	11	4	0	0	0
77	77	0	0	1	12	13	2	0	0	0
77	77	0	0	1	17	18	2	0	0	0
77	77	0	0	1	18	19	3	0	0	0
77	77	0	0	1	20	21	1	0	0	0
77	77	0	0	1	21	22	1	0	0	0
77	77	0	0	1	22	23	4	0	0	0
77	77	0	0	1	23	24	1	0	0	0
77	77	0	0	1	26	27	4	0	0	0
77	77	0	0	1	27	28	5	0	0	0
77	77	0	0	1	28	29	3	0	0	0
77	77	0	0	1	32	33	6	0	0	0
77	77	0	0	1	34	35	1	0	0	0
77	77	0	0	1	35	36	1	0	0	0
77	77	0	0	1	39	40	0	0	7	0
77	77	0	0	1	41	42	1	0	0	0
77	77	0	0	1	44	45	0	2	0	0
77	77	0	0	1	45	46	0	0	2	0
77	77	0	0	1	47	48	4	0	0	0
77	77	0	0	1	49	50	2	0	0	0
77	77	0	0	1	57	58	2	0	0	0
77	77	0	0	1	58	59	2	0	0	0
77	77	0	0	1	62	63	1	0	0	0
77	77	0	0	1	63	64	1	0	0	0
77	77	0	0	1	65	66	1	0	0	0
77	77	0	0	1	68	69	1	0	0	0
77	77	0	0	1	69	70	5	0	0	0
77	77	0	0	1	70	71	1	0	0	0
77	77	0	0	1	72	73	2	0	0	0
77	77	0	0	1	76	77	1	0	0	0
77	77	0	0	1	77	78	1	0	0	0
77	77	0	0	1	81	82	4	0	0	0
77	77	0	0	1	84	85	6	0	0	0
77	77	0	0	1	86	87	4	0	0	0
77	77	0	0	1	88	89	2	0	0	0
77	77	0	0	1	91	92	2	0	0	0
77	77	0	0	1	94	95	1	0	0	0
77	77	0	0	1	96	97	1	0	0	0
77	77	0	0	1	97	98	5	0	0	0
77	77	0	0	1	98	99	1	0	0	0
77	77	0	0	1	99	100	8	0	0	0
