52	52	0	0	1	1	2	2	0	0	0
52	52	0	0	1	3	4	3	0	0	0
52	52	0	0	1	5	6	6	0	0	0
52	52	0	0	1	7	8	0	4	0	0
52	52	0	0	1	9	10	1	0	0	0
52	52	0	0	1	10	11	2	0	0	0
52	52	0	0	1	11	12	1	0	0	0
52	52	0	0	1	12	13	2	0	0	0
52	52	0	0	1	15	16	0	2	0	0
52	52	0	0	1	17	18	1	0	0	0
52	52	0	0	1	18	19	2	0	0	0
52	52	0	0	1	20	21	2	0	0	0
52	52	0	0	1	22	23	4	0	0	0
52	52	0	0	1	24	25	3	0	0	0
52	52	0	0	1	25	26	5	0	0	0
52	52	0	0	1	26	27	4	0	0	0
52	52	0	0	1	27	28	3	0	0	0
52	52	0	0	1	28	29	4	0	0	0
52	52	0	0	1	30	31	2	0	0	0
52	52	0	0	1	32	33	4	0	0	0
52	52	0	0	1	35	36	1	0	0	0
52	52	0	0	1	37	38	0	0	1	0
52	52	0	0	1	39	40	0	0	3	0
52	52	0	0	1	42	43	4	0	0	0
52	52	0	0	1	44	45	0	1	0	0
52	52	0	0	1	46	47	1	0	0	0
52	52	0	0	1	47	48	1	0	0	0
52	52	0	0	1	49	50	3	0	0	0
52	52	0	0	1	50	51	2	0	0	0
52	52	0	0	1	51	52	3	0	0	0
52	52	0	0	1	52	53	1	0	0	0
52	52	0	0	1	53	54	1	0	0	0
52	52	0	0	1	55	56	6	0	0	0
52	52	0	0	1	57	58	8	0	0	0
52	52	0	0	1	58	59	1	0	0	0
52	52	0	0	1	59	60	1	0	0	0
52	52	0	0	1	60	61	1	0	0	0
52	52	0	0	1	61	62	3	0	0	0
52	52	0	0	1	63	64	2	0	0	0
52	52	0	0	1	65	66	2	0	0	0
52	52	0	0	1	67	68	2	0	0	0
52	52	0	0	1	69	70	2	0	0	0
52	52	0	0	1	70	71	1	0	0	0
52	52	0	0	1	71	72	3	0	0	0
52	52	0	0	1	72	73	1	0	0	0
52	52	0	0	1	73	74	3	0	0	0
52	52	0	0	1	74	75	1	0	0	0
52	52	0	0	1	75	76	2	0	0	0
52	52	0	0	1	76	77	4	0	0	0
52	52	0	0	1	77	78	2	0	0	0
52	52	0	0	1	78	79	2	0	0	0
52	52	0	0	1	80	81	0	0	1	0
52	52	0	0	1	82	83	2	0	0	0
52	52	0	0	1	83	84	2	0	0	0
52	52	0	0	1	84	85	1	0	0	0
52	52	0	0	1	86	87	2	0	0	0
52	52	0	0	1	88	89	3	0	0	0
52	52	0	0	1	90	91	2	0	0	0
52	52	0	0	1	92	93	1	0	0	0
52	52	0	0	1	93	94	1	0	0	0
52	52	0	0	1	94	95	4	0	0	0
52	52	0	0	1	96	97	2	0	0	0
52	52	0	0	1	98	99	2	0	0	0
