49	49	0	0	1	1	2	1	0	0	0
49	49	0	0	1	3	4	2	0	0	0
49	49	0	0	1	5	6	2	0	0	0
49	49	0	0	1	6	7	1	0	0	0
49	49	0	0	1	7	8	0	2	0	0
49	49	0	0	1	10	11	1	0	0	0
49	49	0	0	1	11	12	1	0	0	0
49	49	0	0	1	12	13	1	0	0	0
49	49	0	0	1	16	17	0	0	1	0
49	49	0	0	1	18	19	3	0	0	0
49	49	0	0	1	23	24	1	0	0	0
49	49	0	0	1	26	27	1	0	0	0
49	49	0	0	1	28	29	1	0	0	0
49	49	0	0	1	33	34	1	0	0	0
49	49	0	0	1	35	36	2	0	0	0
49	49	0	0	1	45	46	0	0	2	0
49	49	0	0	1	46	47	0	1	0	0
49	49	0	0	1	47	48	2	0	0	0
49	49	0	0	1	51	52	1	0	0	0
49	49	0	0	1	55	56	1	0	0	0
49	49	0	0	1	58	59	1	0	1	0
49	49	0	0	1	61	62	1	0	0	0
49	49	0	0	1	63	64	1	0	0	0
49	49	0	0	1	65	66	2	0	0	0
49	49	0	0	1	68	69	3	0	0	0
49	49	0	0	1	69	70	1	0	0	0
49	49	0	0	1	76	77	2	0	0	0
49	49	0	0	1	81	82	1	0	0	0
49	49	0	0	1	84	85	1	0	0	0
49	49	0	0	1	86	87	3	0	0	0
49	49	0	0	1	88	89	3	0	0	0
49	49	0	0	1	91	92	3	0	0	0
49	49	0	0	1	97	98	1	0	0	0
49	49	0	0	1	98	99	1	0	0	0
