39	39	0	0	1	1	2	6	0	0	0
39	39	0	0	1	2	3	1	0	0	0
39	39	0	0	1	4	5	1	0	0	0
39	39	0	0	1	5	6	3	0	0	0
39	39	0	0	1	6	7	1	0	0	0
39	39	0	0	1	7	8	0	5	0	0
39	39	0	0	1	10	11	3	0	0	0
39	39	0	0	1	11	12	11	0	0	0
39	39	0	0	1	12	13	6	0	0	0
39	39	0	0	1	15	16	0	1	0	0
39	39	0	0	1	17	18	2	0	0	0
39	39	0	0	1	18	19	4	0	0	0
39	39	0	0	1	20	21	4	0	0	0
39	39	0	0	1	22	23	1	0	0	0
39	39	0	0	1	23	24	6	0	0	0
39	39	0	0	1	26	27	6	0	0	0
39	39	0	0	1	27	28	4	0	0	0
39	39	0	0	1	28	29	5	0	0	0
39	39	0	0	1	29	30	3	0	0	0
39	39	0	0	1	30	31	5	0	0	0
39	39	0	0	1	32	33	4	0	0	0
39	39	0	0	1	33	34	6	0	0	0
39	39	0	0	1	35	36	2	0	0	0
39	39	0	0	1	37	38	0	0	2	0
39	39	0	0	1	40	41	2	0	0	0
39	39	0	0	1	42	43	5	0	0	0
39	39	0	0	1	43	44	3	0	0	0
39	39	0	0	1	45	46	0	0	3	0
39	39	0	0	1	46	47	2	0	0	0
39	39	0	0	1	47	48	3	0	0	0
39	39	0	0	1	49	50	2	0	0	0
39	39	0	0	1	51	52	3	0	0	0
39	39	0	0	1	52	53	4	0	0	0
39	39	0	0	1	53	54	2	0	0	0
39	39	0	0	1	56	57	2	0	0	0
39	39	0	0	1	58	59	8	0	0	0
39	39	0	0	1	59	60	1	0	0	0
39	39	0	0	1	61	62	5	0	0	0
39	39	0	0	1	63	64	4	0	0	0
39	39	0	0	1	66	67	9	0	0	0
39	39	0	0	1	68	69	1	0	0	0
39	39	0	0	1	69	70	5	0	0	0
39	39	0	0	1	70	71	1	0	0	0
39	39	0	0	1	71	72	1	0	0	0
39	39	0	0	1	73	74	6	0	0	0
39	39	0	0	1	74	75	2	0	0	0
39	39	0	0	1	75	76	1	0	0	0
39	39	0	0	1	76	77	2	0	0	0
39	39	0	0	1	77	78	3	0	0	0
39	39	0	0	1	79	80	0	3	0	0
39	39	0	0	1	80	81	0	0	1	0
39	39	0	0	1	81	82	7	0	0	0
39	39	0	0	1	82	83	1	0	0	0
39	39	0	0	1	84	85	6	0	0	0
39	39	0	0	1	86	87	3	0	0	0
39	39	0	0	1	87	88	5	0	0	0
39	39	0	0	1	89	90	3	0	0	0
39	39	0	0	1	90	91	1	0	0	0
39	39	0	0	1	91	92	4	0	0	0
39	39	0	0	1	92	93	2	0	0	0
39	39	0	0	1	93	94	1	0	0	0
39	39	0	0	1	94	95	5	0	0	0
39	39	0	0	1	96	97	1	0	0	0
39	39	0	0	1	97	98	7	0	0	0
39	39	0	0	1	98	99	3	0	0	0
39	39	0	0	1	99	100	4	3	0	0
