90	90	0	0	1	1	1	1	0	31
90	90	0	0	1	2	2	1	2	0	0	31	36
90	90	0	0	1	3	3	1	2	6	0	0	0	35	32	33
90	90	0	0	1	4	3	1	2	6	0	0	0	33	32	32
90	90	0	0	1	5	4	1	2	5	6	0	0	0	0	33	32	32	27
90	90	0	0	1	6	2	1	2	0	0	25	31
90	90	0	0	1	7	2	1	2	0	0	33	35
90	90	0	0	1	8	2	1	2	0	0	36	32
90	90	0	0	1	9	4	3	4	7	8	0	0	0	1	36	34	34	29
90	90	0	0	1	10	2	3	4	0	0	33	33
90	90	0	0	1	11	4	3	4	7	8	0	0	0	1	35	35	33	33
90	90	0	0	1	12	2	3	4	0	0	34	33
90	90	0	0	1	13	1	5	0	31
90	90	0	0	1	14	3	5	7	8	0	0	1	34	33	35
90	90	0	0	1	15	3	5	7	8	0	0	1	34	32	36
90	90	0	0	1	16	2	5	6	0	0	32	31
90	90	0	0	1	17	2	5	6	0	0	31	30
90	90	0	0	1	18	2	5	6	0	0	27	29
90	90	0	0	1	19	2	5	6	0	0	35	36
90	90	0	0	1	20	1	6	0	36
90	90	0	0	1	21	1	6	0	35
90	90	0	0	1	22	1	6	0	20
90	90	0	0	1	23	2	7	8	0	1	27	31
90	90	0	0	1	24	1	9	0	35
90	90	0	0	1	25	1	9	0	26
90	90	0	0	1	26	1	9	0	30
90	90	0	0	1	27	1	9	0	34
90	90	0	0	1	28	1	9	0	36
90	90	0	0	1	29	1	9	0	27
90	90	0	0	1	30	1	9	0	36
90	90	0	0	1	31	1	10	0	30
90	90	0	0	1	32	1	10	0	35
90	90	0	0	1	33	1	10	0	28
90	90	0	0	1	34	1	10	0	27
90	90	0	0	1	35	1	10	0	34
90	90	0	0	1	36	2	10	11	0	0	25	20
90	90	0	0	1	37	2	10	11	0	0	31	27
90	90	0	0	1	38	3	10	11	12	0	0	0	33	34	30
90	90	0	0	1	39	2	10	11	0	0	33	33
90	90	0	0	1	40	3	10	11	12	0	0	0	33	34	30
90	90	0	0	1	41	3	10	11	14	0	0	0	30	28	30
90	90	0	0	1	42	3	11	12	14	0	0	0	31	20	21
90	90	0	0	1	43	1	12	0	26
90	90	0	0	1	44	2	12	14	0	0	26	21
90	90	0	0	1	45	2	12	13	0	0	5	28
90	90	0	0	1	46	2	12	13	0	0	21	32
90	90	0	0	1	47	2	12	13	0	0	18	25
90	90	0	0	1	48	1	13	0	31
90	90	0	0	1	49	1	13	0	28
90	90	0	0	1	50	2	13	14	0	0	32	32
90	90	0	0	1	51	1	13	0	26
90	90	0	0	1	52	1	13	0	27
90	90	0	0	1	53	1	13	0	29
90	90	0	0	1	54	1	13	0	30
90	90	0	0	1	55	1	14	0	33
90	90	0	0	1	56	1	14	0	33
90	90	0	0	1	57	1	14	0	28
90	90	0	0	1	58	1	14	0	27
90	90	0	0	1	59	1	15	0	34
90	90	0	0	1	60	2	15	17	0	0	32	26
90	90	0	0	1	61	1	15	0	19
90	90	0	0	1	62	1	15	0	29
90	90	0	0	1	63	1	15	0	34
90	90	0	0	1	64	2	15	17	0	0	33	23
90	90	0	0	1	65	2	15	16	0	1	29	31
90	90	0	0	1	66	3	15	16	17	0	1	0	33	32	24
90	90	0	0	1	67	2	15	16	0	1	26	28
90	90	0	0	1	68	1	15	0	25
90	90	0	0	1	69	4	15	16	17	18	0	1	0	0	31	32	27	32
90	90	0	0	1	70	2	16	17	1	0	32	18
90	90	0	0	1	71	2	16	17	1	0	33	25
90	90	0	0	1	72	2	16	17	1	0	34	25
90	90	0	0	1	73	3	16	18	19	1	0	0	31	33	36
90	90	0	0	1	74	4	16	17	18	19	1	0	0	0	33	24	25	29
90	90	0	0	1	75	3	16	17	18	1	0	0	33	25	32
90	90	0	0	1	76	3	16	17	18	1	0	0	33	26	30
90	90	0	0	1	77	2	16	18	1	0	32	33
90	90	0	0	1	78	3	16	18	19	1	0	0	33	32	36
90	90	0	0	1	79	1	16	1	36
90	90	0	0	1	80	1	16	0	24
90	90	0	0	1	81	2	16	19	1	0	31	36
90	90	0	0	1	82	1	17	0	32
90	90	0	0	1	83	1	17	0	31
90	90	0	0	1	84	1	17	0	33
90	90	0	0	1	85	2	17	20	0	0	34	29
90	90	0	0	1	86	2	17	18	0	0	34	23
90	90	0	0	1	87	1	17	0	33
90	90	0	0	1	88	2	17	18	0	0	34	22
90	90	0	0	1	89	1	17	0	32
90	90	0	0	1	90	1	17	0	32
90	90	0	0	1	91	2	17	20	0	0	32	31
90	90	0	0	1	92	2	17	18	0	0	32	25
90	90	0	0	1	93	2	18	19	0	0	20	35
90	90	0	0	1	94	2	18	19	0	0	18	34
90	90	0	0	1	95	2	18	20	0	0	21	29
90	90	0	0	1	96	1	18	0	21
90	90	0	0	1	97	2	18	19	0	0	32	35
90	90	0	0	1	98	2	18	19	0	0	30	34
90	90	0	0	1	99	2	18	19	0	0	4	29
90	90	0	0	1	100	2	18	19	0	0	24	34
90	90	0	0	1	101	2	18	19	0	0	31	37
90	90	0	0	1	102	1	19	0	34
90	90	0	0	1	103	1	19	0	16
90	90	0	0	1	104	1	19	0	29
90	90	0	0	1	105	1	20	0	33
90	90	0	0	1	106	1	20	0	26
90	90	0	0	1	107	1	20	0	36
90	90	0	0	1	108	1	20	0	23
90	90	0	0	1	109	2	20	21	0	0	33	26
90	90	0	0	1	110	1	20	0	21
90	90	0	0	1	111	2	20	21	0	0	33	34
90	90	0	0	1	112	2	20	21	0	0	29	29
90	90	0	0	1	113	2	20	21	0	0	33	36
90	90	0	0	1	114	1	21	0	34
90	90	0	0	1	115	1	21	0	21
90	90	0	0	1	116	1	21	0	30
90	90	0	0	1	117	1	21	0	36
90	90	0	0	1	118	1	21	0	26
90	90	0	0	1	119	1	21	0	35
90	90	0	0	1	120	1	21	0	34
90	90	0	0	1	121	1	21	0	24
90	90	0	0	1	122	2	22	23	0	0	32	31
90	90	0	0	1	123	3	22	23	24	0	0	0	34	33	33
90	90	0	0	1	124	2	22	23	0	0	14	13
90	90	0	0	1	125	3	22	23	24	0	0	0	32	33	28
90	90	0	0	1	126	2	23	24	0	0	30	27
90	90	0	0	1	127	1	25	0	26
90	90	0	0	1	128	3	25	30	31	0	0	0	33	34	36
90	90	0	0	1	129	1	25	0	32
90	90	0	0	1	130	1	25	0	32
90	90	0	0	1	131	3	25	26	31	0	0	0	25	19	28
90	90	0	0	1	132	2	25	26	0	0	31	33
90	90	0	0	1	133	1	26	0	33
90	90	0	0	1	134	3	26	27	31	0	0	0	26	27	35
90	90	0	0	1	135	4	26	27	28	29	0	0	0	0	27	29	26	33
90	90	0	0	1	136	4	26	27	28	29	0	0	0	0	23	24	25	14
90	90	0	0	1	137	5	27	28	29	32	33	0	0	0	0	0	26	24	25	30	32
90	90	0	0	1	138	4	28	29	30	32	0	0	0	0	31	25	34	27
90	90	0	0	1	139	3	30	32	33	0	0	0	34	30	35
90	90	0	0	1	140	3	30	31	33	0	0	0	33	33	29
90	90	0	0	1	141	2	31	34	0	0	31	30
90	90	0	0	1	142	2	31	34	0	0	29	30
90	90	0	0	1	143	3	31	33	34	0	0	0	34	35	31
90	90	0	0	1	144	1	32	0	32
90	90	0	0	1	145	3	32	33	35	0	0	0	31	33	32
90	90	0	0	1	146	2	32	33	0	0	33	33
90	90	0	0	1	147	2	34	35	0	0	34	32
90	90	0	0	1	148	1	34	0	33
90	90	0	0	1	149	2	35	36	0	0	35	33
90	90	0	0	1	150	2	35	36	0	0	28	33
90	90	0	0	1	151	2	35	36	0	0	29	33
90	90	0	0	1	152	1	36	0	28
90	90	0	0	1	153	1	37	1	32
90	90	0	0	1	154	1	37	1	34
90	90	0	0	1	155	2	38	41	0	0	34	31
90	90	0	0	1	156	4	38	39	40	41	0	1	0	0	28	33	7	25
90	90	0	0	1	157	2	38	41	0	0	28	6
90	90	0	0	1	158	1	38	0	31
90	90	0	0	1	159	2	38	41	0	0	29	34
90	90	0	0	1	160	1	38	0	32
90	90	0	0	1	161	1	38	0	31
90	90	0	0	1	162	1	38	0	32
90	90	0	0	1	163	2	38	41	0	0	37	29
90	90	0	0	1	164	1	38	0	30
90	90	0	0	1	165	1	38	0	32
90	90	0	0	1	166	1	38	0	32
90	90	0	0	1	167	2	38	41	0	0	34	30
90	90	0	0	1	168	3	39	40	41	1	0	0	30	32	33
90	90	0	0	1	169	1	41	0	32
90	90	0	0	1	170	1	42	0	32
90	90	0	0	1	171	1	42	0	23
90	90	0	0	1	172	1	42	0	33
90	90	0	0	1	173	1	42	0	28
90	90	0	0	1	174	1	43	0	30
90	90	0	0	1	175	1	43	0	33
90	90	0	0	1	176	1	43	0	34
90	90	0	0	1	177	1	43	0	33
90	90	0	0	1	178	3	43	47	48	0	0	0	27	21	33
90	90	0	0	1	179	3	44	47	48	0	0	0	34	26	34
90	90	0	0	1	180	2	45	46	1	0	37	34
90	90	0	0	1	181	5	45	46	47	48	50	1	0	0	0	0	36	32	30	25	33
90	90	0	0	1	182	4	46	47	48	50	0	0	0	0	33	29	21	35
90	90	0	0	1	183	2	48	50	0	0	30	25
90	90	0	0	1	184	2	49	51	0	0	30	28
90	90	0	0	1	185	2	49	52	0	0	32	33
90	90	0	0	1	186	2	49	52	0	0	27	32
90	90	0	0	1	187	1	50	0	28
90	90	0	0	1	188	1	51	0	34
90	90	0	0	1	189	2	51	53	0	0	32	32
90	90	0	0	1	190	2	51	53	0	0	29	28
90	90	0	0	1	191	1	51	0	35
90	90	0	0	1	192	2	52	53	0	0	23	29
90	90	0	0	1	193	3	54	55	56	0	0	0	30	36	32
90	90	0	0	1	194	3	54	55	56	0	0	0	30	30	29
90	90	0	0	1	195	1	55	0	24
90	90	0	0	1	196	3	55	56	60	0	0	1	32	35	34
90	90	0	0	1	197	3	55	56	60	0	0	0	33	35	34
90	90	0	0	1	198	3	55	56	60	0	0	1	32	37	36
90	90	0	0	1	199	2	55	56	0	0	30	29
90	90	0	0	1	200	2	55	56	0	0	29	33
90	90	0	0	1	201	3	55	56	57	0	0	0	36	33	36
90	90	0	0	1	202	2	55	56	0	0	2	32
90	90	0	0	1	203	2	56	57	0	0	34	34
90	90	0	0	1	204	1	57	0	31
90	90	0	0	1	205	3	57	58	59	0	0	0	34	29	29
90	90	0	0	1	206	3	57	58	59	0	0	0	35	20	33
90	90	0	0	1	207	1	57	0	29
90	90	0	0	1	208	3	57	58	59	0	0	0	35	30	33
90	90	0	0	1	209	3	57	58	59	0	0	0	33	30	33
90	90	0	0	1	210	3	57	58	59	0	0	0	24	14	16
90	90	0	0	1	211	2	58	59	0	0	26	34
90	90	0	0	1	212	3	58	59	61	0	0	0	32	36	32
90	90	0	0	1	213	2	58	59	0	0	19	25
90	90	0	0	1	214	2	58	59	0	0	32	32
90	90	0	0	1	215	2	58	59	0	0	19	26
90	90	0	0	1	216	1	59	0	36
90	90	0	0	1	217	3	60	61	62	1	0	0	34	4	33
90	90	0	0	1	218	2	60	62	0	0	34	32
90	90	0	0	1	219	1	60	0	32
90	90	0	0	1	220	3	60	61	62	1	0	0	32	32	32
90	90	0	0	1	221	1	60	1	16
90	90	0	0	1	222	1	61	0	34
90	90	0	0	1	223	1	61	0	32
90	90	0	0	1	224	1	61	0	21
90	90	0	0	1	225	2	61	62	0	0	30	29
90	90	0	0	1	226	1	62	0	34
90	90	0	0	1	227	1	62	0	30
90	90	0	0	1	228	1	62	0	36
90	90	0	0	1	229	2	62	63	0	0	30	33
90	90	0	0	1	230	4	63	65	66	67	0	0	0	0	35	34	31	33
90	90	0	0	1	231	1	63	0	33
90	90	0	0	1	232	2	63	67	0	0	4	31
90	90	0	0	1	233	1	63	0	32
90	90	0	0	1	234	1	63	0	32
90	90	0	0	1	235	2	63	64	0	0	36	31
90	90	0	0	1	236	1	63	0	36
90	90	0	0	1	237	2	63	64	0	0	31	18
90	90	0	0	1	238	2	63	64	0	0	36	29
90	90	0	0	1	239	2	63	64	0	0	34	32
90	90	0	0	1	240	3	63	64	67	0	0	0	35	24	26
90	90	0	0	1	241	1	64	0	34
90	90	0	0	1	242	1	64	0	33
90	90	0	0	1	243	2	65	66	0	0	30	27
90	90	0	0	1	244	3	65	66	67	0	0	0	26	36	24
90	90	0	0	1	245	1	67	0	26
90	90	0	0	1	246	1	68	0	33
90	90	0	0	1	247	1	68	0	32
90	90	0	0	1	248	3	68	69	72	0	0	0	35	31	33
90	90	0	0	1	249	1	68	0	33
90	90	0	0	1	250	2	68	72	0	0	33	33
90	90	0	0	1	251	3	68	69	70	0	0	0	34	33	31
90	90	0	0	1	252	4	68	69	70	72	0	0	0	0	26	33	31	31
90	90	0	0	1	253	4	68	69	70	72	0	0	0	0	35	30	20	33
90	90	0	0	1	254	3	68	69	70	0	0	0	33	33	34
90	90	0	0	1	255	3	68	69	70	0	0	0	33	4	34
90	90	0	0	1	256	2	69	70	0	0	25	27
90	90	0	0	1	257	2	70	71	0	0	23	33
90	90	0	0	1	258	1	71	0	29
90	90	0	0	1	259	1	71	0	31
90	90	0	0	1	260	1	71	0	31
90	90	0	0	1	261	1	71	0	35
90	90	0	0	1	262	1	72	0	31
90	90	0	0	1	263	2	72	73	0	0	15	28
90	90	0	0	1	264	2	72	73	0	0	20	27
90	90	0	0	1	265	3	72	73	74	0	0	0	29	31	31
90	90	0	0	1	266	1	73	0	25
90	90	0	0	1	267	2	73	74	0	0	35	33
90	90	0	0	1	268	4	73	74	76	77	0	0	0	0	18	24	14	14
90	90	0	0	1	269	4	74	76	77	78	0	0	0	0	35	32	32	32
90	90	0	0	1	270	3	74	76	77	0	0	0	30	27	31
90	90	0	0	1	271	3	74	76	77	0	0	0	10	30	34
90	90	0	0	1	272	4	74	76	77	78	0	0	0	0	22	26	26	30
90	90	0	0	1	273	2	74	78	0	0	33	32
90	90	0	0	1	274	4	75	76	77	78	0	0	0	0	19	25	24	30
90	90	0	0	1	275	2	75	79	0	0	31	32
90	90	0	0	1	276	2	75	79	0	0	32	32
90	90	0	0	1	277	2	75	78	0	0	29	3
90	90	0	0	1	278	1	75	0	33
90	90	0	0	1	279	2	75	80	0	1	31	34
90	90	0	0	1	280	2	75	79	0	0	32	33
90	90	0	0	1	281	2	75	78	0	0	35	32
90	90	0	0	1	282	2	75	79	0	0	33	33
90	90	0	0	1	283	1	75	0	33
90	90	0	0	1	284	2	75	79	0	0	35	32
90	90	0	0	1	285	1	75	0	33
90	90	0	0	1	286	1	75	0	34
90	90	0	0	1	287	1	75	0	28
90	90	0	0	1	288	2	75	80	0	1	34	35
90	90	0	0	1	289	3	76	77	80	0	0	1	2	34	35
90	90	0	0	1	290	3	76	77	79	0	0	0	31	30	34
90	90	0	0	1	291	4	76	77	78	81	0	0	0	0	28	28	27	33
90	90	0	0	1	292	2	76	77	0	0	11	32
90	90	0	0	1	293	5	76	77	78	81	82	0	0	0	0	0	33	30	34	32	27
90	90	0	0	1	294	3	76	77	78	0	0	0	22	22	15
90	90	0	0	1	295	1	78	0	10
90	90	0	0	1	296	1	79	0	32
90	90	0	0	1	297	1	79	0	31
90	90	0	0	1	298	1	79	0	29
90	90	0	0	1	299	1	79	0	33
90	90	0	0	1	300	2	79	83	0	0	30	32
90	90	0	0	1	301	2	79	83	0	0	21	29
90	90	0	0	1	302	1	79	0	24
90	90	0	0	1	303	1	80	1	29
90	90	0	0	1	304	3	80	81	83	1	0	0	30	28	33
90	90	0	0	1	305	1	80	1	27
90	90	0	0	1	306	3	80	84	85	1	0	0	28	19	16
90	90	0	0	1	307	1	82	0	26
90	90	0	0	1	308	1	82	0	26
90	90	0	0	1	309	3	82	84	85	0	0	0	36	33	36
90	90	0	0	1	310	1	83	0	31
90	90	0	0	1	311	1	83	0	33
90	90	0	0	1	312	1	83	0	23
90	90	0	0	1	313	1	83	0	33
90	90	0	0	1	314	1	84	0	34
90	90	0	0	1	315	4	84	85	86	87	0	0	0	0	29	33	33	24
90	90	0	0	1	316	6	84	85	86	87	88	89	0	0	0	0	0	0	29	30	27	28	27	29
90	90	0	0	1	317	3	84	85	86	0	0	0	34	5	28
90	90	0	0	1	318	4	89	90	94	95	0	0	0	0	30	33	33	37
90	90	0	0	1	319	3	91	92	93	0	0	0	32	32	30
90	90	0	0	1	320	4	94	95	97	98	0	0	0	0	22	30	30	30
90	90	0	0	1	321	4	97	98	99	100	0	0	0	0	29	32	32	34
90	90	0	0	1	322	4	97	98	99	100	0	0	0	0	34	32	34	34
90	90	0	0	1	323	1	100	0	34
90	90	0	0	1	324	1	100	0	29
