87	87	0	0	1	1	5	1	2	3	4	5	0	0	0	0	0	40	35	25	30	32
87	87	0	0	1	2	6	1	2	3	4	5	6	0	0	0	0	0	0	37	40	29	36	38	34
87	87	0	0	1	3	2	1	2	0	0	30	30
87	87	0	0	1	4	6	1	2	3	4	5	6	0	0	0	0	0	0	29	33	27	25	35	28
87	87	0	0	1	5	2	1	2	0	0	35	35
87	87	0	0	1	6	2	1	2	0	0	28	24
87	87	0	0	1	7	4	3	4	5	6	0	0	0	0	29	26	34	30
87	87	0	0	1	8	2	3	4	0	0	34	34
87	87	0	0	1	9	1	4	0	35
87	87	0	0	1	10	1	9	0	36
87	87	0	0	1	11	2	10	11	0	0	26	30
87	87	0	0	1	12	4	10	11	12	13	0	0	1	0	26	26	39	33
87	87	0	0	1	13	4	10	11	12	13	0	0	0	0	43	42	39	41
87	87	0	0	1	14	2	10	11	0	0	33	29
87	87	0	0	1	15	5	10	11	12	13	14	0	0	1	0	0	33	32	40	42	41
87	87	0	0	1	16	5	10	11	12	13	52	0	0	0	0	0	29	34	30	28	19
87	87	0	0	1	17	2	12	13	0	0	25	30
87	87	0	0	1	18	3	14	15	16	0	0	1	41	28	24
87	87	0	0	1	19	1	14	0	39
87	87	0	0	1	20	1	14	0	37
87	87	0	0	1	21	4	15	16	61	62	0	1	0	0	34	40	28	34
87	87	0	0	1	22	3	15	16	17	0	1	0	31	35	21
87	87	0	0	1	23	6	16	17	18	19	20	21	1	0	0	0	0	0	39	42	34	38	43	34
87	87	0	0	1	24	5	17	18	19	20	21	0	0	0	0	0	47	33	39	40	39
87	87	0	0	1	25	2	20	21	0	0	36	35
87	87	0	0	1	26	1	21	0	25
87	87	0	0	1	27	1	21	0	36
87	87	0	0	1	28	3	22	23	24	0	0	0	31	31	34
87	87	0	0	1	29	3	22	23	24	0	0	0	29	28	30
87	87	0	0	1	30	3	22	23	24	0	0	0	26	30	29
87	87	0	0	1	31	3	22	23	24	0	0	0	27	29	26
87	87	0	0	1	32	12	22	23	24	25	26	27	28	29	30	31	32	33	0	0	0	0	0	0	0	0	0	0	0	0	35	40	38	35	42	44	33	31	32	40	26	35
87	87	0	0	1	33	6	25	26	27	28	29	30	0	0	0	0	0	0	33	29	27	31	21	28
87	87	0	0	1	34	4	25	60	61	62	0	0	0	0	37	30	30	38
87	87	0	0	1	35	6	31	32	33	34	35	36	0	0	0	0	1	0	28	36	41	35	39	32
87	87	0	0	1	36	5	31	32	33	34	35	0	0	0	0	1	33	35	37	30	32
87	87	0	0	1	37	3	32	33	34	0	0	0	34	36	26
87	87	0	0	1	38	4	34	35	36	37	0	0	0	1	26	36	32	43
87	87	0	0	1	39	1	34	0	32
87	87	0	0	1	40	2	35	36	1	0	42	30
87	87	0	0	1	41	2	35	36	0	0	33	19
87	87	0	0	1	42	1	35	0	35
87	87	0	0	1	43	2	36	37	0	0	34	40
87	87	0	0	1	44	6	36	37	38	39	40	41	0	1	0	1	0	0	30	41	41	21	28	23
87	87	0	0	1	45	2	37	38	0	1	22	36
87	87	0	0	1	46	4	37	83	84	85	0	0	0	0	33	34	38	31
87	87	0	0	1	47	5	37	38	39	40	41	0	1	1	0	0	39	39	37	39	36
87	87	0	0	1	48	4	38	39	40	41	1	0	0	0	32	27	30	31
87	87	0	0	1	49	3	39	40	41	1	0	0	29	40	33
87	87	0	0	1	50	3	39	40	41	1	0	0	24	24	29
87	87	0	0	1	51	3	41	42	43	0	0	0	37	38	40
87	87	0	0	1	52	1	42	0	25
87	87	0	0	1	53	5	42	43	44	45	46	0	0	0	1	0	28	34	36	33	29
87	87	0	0	1	54	11	42	43	44	45	46	47	48	49	50	51	52	0	0	0	1	0	0	0	0	0	0	0	40	43	35	33	39	32	25	35	33	30	25
87	87	0	0	1	55	5	44	45	46	47	48	0	1	0	0	0	37	37	30	31	22
87	87	0	0	1	56	2	44	45	0	1	39	38
87	87	0	0	1	57	4	49	50	51	52	0	0	0	0	30	39	34	35
87	87	0	0	1	58	5	50	51	52	53	54	0	0	0	0	0	39	31	36	39	32
87	87	0	0	1	59	1	54	0	30
87	87	0	0	1	60	5	55	56	57	58	59	0	0	1	0	0	30	34	33	26	28
87	87	0	0	1	61	4	55	56	57	58	0	0	1	0	32	32	35	38
87	87	0	0	1	62	4	57	58	59	60	1	0	0	0	32	31	39	35
87	87	0	0	1	63	2	58	59	0	0	24	33
87	87	0	0	1	64	3	60	61	62	0	0	0	30	29	35
87	87	0	0	1	65	4	64	65	66	67	0	0	0	0	41	38	39	31
87	87	0	0	1	66	3	65	66	67	0	0	0	42	35	35
87	87	0	0	1	67	3	65	66	67	0	0	0	37	35	23
87	87	0	0	1	68	3	65	66	67	0	0	0	36	35	21
87	87	0	0	1	69	3	68	69	70	0	0	0	40	38	38
87	87	0	0	1	70	4	68	69	70	71	0	0	0	0	44	39	40	39
87	87	0	0	1	71	5	68	69	70	71	72	0	0	0	0	0	36	35	29	33	16
87	87	0	0	1	72	1	68	0	38
87	87	0	0	1	73	2	71	72	0	0	28	20
87	87	0	0	1	74	10	73	74	75	76	77	78	79	80	81	82	0	0	0	0	0	0	0	1	0	0	34	37	31	41	34	40	32	41	26	33
87	87	0	0	1	75	7	76	77	78	79	80	81	82	0	0	0	0	1	0	0	36	40	41	37	42	36	39
87	87	0	0	1	76	6	80	81	82	83	84	85	1	0	0	0	0	0	32	34	31	34	28	27
87	87	0	0	1	77	1	82	0	30
87	87	0	0	1	78	13	83	84	85	86	87	88	89	90	91	92	93	94	95	0	0	0	0	0	0	0	0	0	0	0	0	0	40	34	38	43	34	36	34	38	40	30	27	31	34
87	87	0	0	1	79	4	90	91	92	93	0	0	0	0	36	30	36	23
87	87	0	0	1	80	4	90	91	92	93	0	0	0	0	35	28	35	23
87	87	0	0	1	81	4	90	91	92	93	0	0	0	0	34	31	36	30
87	87	0	0	1	82	5	91	92	93	94	95	0	0	0	0	0	33	29	33	37	37
87	87	0	0	1	83	3	94	95	96	0	0	0	29	27	33
87	87	0	0	1	84	7	94	95	96	97	98	99	100	0	0	0	0	0	0	0	30	36	33	41	37	44	41
87	87	0	0	1	85	7	94	95	96	97	98	99	100	0	0	0	0	0	0	0	32	34	42	23	30	32	39
87	87	0	0	1	86	2	94	95	0	0	34	30
87	87	0	0	1	87	5	96	97	98	99	100	0	0	0	0	0	38	31	30	40	42
87	87	0	0	1	88	5	96	97	98	99	100	0	0	0	0	0	30	28	31	33	30
