95	95	0	0	1	1	6	1	2	3	4	5	6	0	0	0	0	0	0	49	37	39	34	36	37
95	95	0	0	1	2	6	1	2	3	4	5	6	0	0	0	0	0	0	35	30	32	36	34	30
95	95	0	0	1	3	6	1	2	3	4	5	6	0	0	0	0	0	0	43	40	35	44	41	40
95	95	0	0	1	4	7	1	2	3	4	5	6	7	0	0	0	0	0	0	0	29	32	32	37	34	30	30
95	95	0	0	1	5	8	1	2	3	4	5	6	7	8	0	0	0	0	0	0	0	1	34	34	33	32	39	33	28	31
95	95	0	0	1	6	4	5	6	7	8	0	0	0	0	43	40	40	40
95	95	0	0	1	7	3	7	8	9	0	1	0	38	40	41
95	95	0	0	1	8	2	8	9	1	0	37	42
95	95	0	0	1	9	1	9	0	38
95	95	0	0	1	10	1	9	0	38
95	95	0	0	1	11	4	9	39	40	41	0	1	0	0	29	36	30	30
95	95	0	0	1	12	1	9	0	40
95	95	0	0	1	13	1	9	0	40
95	95	0	0	1	14	5	10	11	12	13	14	0	0	0	0	0	40	44	42	42	37
95	95	0	0	1	15	5	10	11	12	13	14	0	0	0	0	0	35	29	48	42	34
95	95	0	0	1	16	4	10	11	12	13	0	0	0	0	30	27	26	28
95	95	0	0	1	17	5	10	11	12	13	14	0	0	0	0	0	25	26	39	43	43
95	95	0	0	1	18	4	11	12	13	14	0	0	0	0	31	39	39	34
95	95	0	0	1	19	1	14	0	33
95	95	0	0	1	20	1	15	0	34
95	95	0	0	1	21	2	15	16	0	1	38	38
95	95	0	0	1	22	6	16	17	18	19	20	21	0	0	0	0	0	0	28	40	33	39	39	32
95	95	0	0	1	23	5	17	18	19	20	21	0	0	0	0	0	21	44	34	41	46
95	95	0	0	1	24	3	17	18	19	0	0	0	22	31	37
95	95	0	0	1	25	3	17	18	19	0	0	0	29	21	33
95	95	0	0	1	26	3	22	23	24	0	0	0	44	42	38
95	95	0	0	1	27	3	22	23	24	0	0	0	39	39	36
95	95	0	0	1	28	3	22	23	24	0	0	0	31	31	33
95	95	0	0	1	29	1	24	0	34
95	95	0	0	1	30	1	24	0	31
95	95	0	0	1	31	5	25	26	27	28	29	0	0	0	0	0	34	28	30	22	33
95	95	0	0	1	32	6	25	26	27	28	29	30	0	0	0	0	0	0	38	39	39	37	32	36
95	95	0	0	1	33	5	25	26	27	28	29	0	0	0	0	0	34	30	30	21	32
95	95	0	0	1	34	9	25	26	27	28	29	30	31	32	33	0	0	0	0	0	0	1	1	0	30	33	32	31	28	31	19	29	30
95	95	0	0	1	35	6	26	27	28	29	30	31	0	0	0	0	0	1	29	30	20	29	33	20
95	95	0	0	1	36	8	27	28	29	30	31	32	33	34	0	0	0	0	0	0	0	0	30	33	23	37	37	36	36	32
95	95	0	0	1	37	5	30	31	32	33	34	0	1	1	0	0	35	32	30	37	31
95	95	0	0	1	38	4	32	33	34	73	0	0	0	0	33	37	29	28
95	95	0	0	1	39	4	32	33	34	35	0	0	0	0	40	40	42	39
95	95	0	0	1	40	6	32	33	34	79	80	81	0	0	0	0	1	0	34	38	32	35	33	43
95	95	0	0	1	41	3	34	35	83	0	0	0	30	33	34
95	95	0	0	1	42	1	34	0	28
95	95	0	0	1	43	4	34	68	69	70	0	0	0	0	26	35	34	29
95	95	0	0	1	44	1	35	0	35
95	95	0	0	1	45	3	35	36	74	0	0	0	35	16	30
95	95	0	0	1	46	2	35	36	0	0	36	30
95	95	0	0	1	47	7	35	36	37	38	39	40	41	0	0	0	0	1	0	0	28	35	32	38	39	41	43
95	95	0	0	1	48	1	36	0	34
95	95	0	0	1	49	2	36	37	0	0	21	28
95	95	0	0	1	50	1	36	0	21
95	95	0	0	1	51	2	37	38	0	0	22	17
95	95	0	0	1	52	4	38	39	40	41	0	1	0	0	34	16	30	33
95	95	0	0	1	53	3	39	40	41	1	0	0	38	30	30
95	95	0	0	1	54	7	39	40	41	90	91	92	93	1	0	0	0	0	0	0	38	31	32	34	32	37	41
95	95	0	0	1	55	3	39	40	41	1	0	0	33	33	30
95	95	0	0	1	56	9	41	42	43	44	45	46	47	48	49	0	0	0	0	0	0	0	0	0	36	41	38	42	38	43	30	37	41
95	95	0	0	1	57	1	41	0	26
95	95	0	0	1	58	2	42	43	0	0	28	31
95	95	0	0	1	59	7	42	43	44	45	46	47	48	0	0	0	0	0	0	0	37	39	38	35	39	41	35
95	95	0	0	1	60	10	42	43	44	45	46	47	48	49	50	51	0	0	0	0	0	0	0	0	0	0	38	29	39	29	37	26	34	40	37	27
95	95	0	0	1	61	6	43	44	45	46	47	48	0	0	0	0	0	0	40	35	31	36	33	26
95	95	0	0	1	62	7	44	45	46	47	48	49	50	0	1	0	0	0	0	0	42	40	38	41	35	37	34
95	95	0	0	1	63	5	44	45	46	47	48	0	0	0	0	0	35	21	29	29	21
95	95	0	0	1	64	8	44	45	46	47	48	49	50	51	0	0	0	0	0	0	0	0	38	38	44	30	36	44	28	27
95	95	0	0	1	65	4	49	50	51	52	0	0	0	0	36	39	30	35
95	95	0	0	1	66	1	49	0	32
95	95	0	0	1	67	4	50	51	52	53	0	0	0	0	19	28	39	37
95	95	0	0	1	68	2	50	51	0	0	30	29
95	95	0	0	1	69	6	50	51	86	87	88	89	0	0	0	0	0	0	30	34	30	32	27	36
95	95	0	0	1	70	2	50	51	0	0	29	29
95	95	0	0	1	71	3	51	52	53	0	0	0	30	22	33
95	95	0	0	1	72	2	52	53	0	0	34	42
95	95	0	0	1	73	2	52	53	0	0	39	38
95	95	0	0	1	74	2	53	54	0	0	35	34
95	95	0	0	1	75	2	53	54	0	0	33	30
95	95	0	0	1	76	9	54	55	56	57	58	59	60	61	62	0	0	0	0	0	0	0	0	0	39	41	38	39	40	41	42	33	48
95	95	0	0	1	77	9	55	56	57	58	59	60	61	62	63	0	0	0	0	0	0	0	0	0	39	42	42	42	44	41	37	45	26
95	95	0	0	1	78	6	57	58	59	60	61	62	0	0	0	0	0	0	27	23	28	33	36	36
95	95	0	0	1	79	2	61	62	0	0	29	36
95	95	0	0	1	80	4	61	62	63	64	0	0	0	0	30	35	32	24
95	95	0	0	1	81	2	61	62	0	0	29	34
95	95	0	0	1	82	5	63	64	65	66	67	0	0	0	0	0	29	27	41	31	36
95	95	0	0	1	83	5	67	68	69	70	71	0	0	0	0	0	27	36	37	37	44
95	95	0	0	1	84	7	68	69	70	71	72	73	74	0	0	0	0	0	0	0	41	41	34	40	40	34	43
95	95	0	0	1	85	7	68	69	70	71	72	73	74	0	0	0	0	0	0	0	41	40	42	41	36	41	40
95	95	0	0	1	86	4	68	69	70	71	0	0	0	0	40	42	40	34
95	95	0	0	1	87	7	68	69	70	71	72	73	74	0	0	0	0	0	0	0	42	34	30	45	40	36	41
95	95	0	0	1	88	2	73	74	0	0	22	34
95	95	0	0	1	89	2	73	74	0	0	22	29
95	95	0	0	1	90	8	73	74	75	76	77	78	79	80	0	0	0	0	0	0	0	1	28	34	34	25	21	30	30	36
95	95	0	0	1	91	6	74	75	76	77	78	79	0	0	0	0	0	0	29	29	30	31	31	32
95	95	0	0	1	92	3	75	76	77	0	0	0	32	29	32
95	95	0	0	1	93	5	76	77	78	79	80	0	0	0	0	1	32	32	33	32	32
95	95	0	0	1	94	7	76	77	78	79	80	81	82	0	0	0	0	1	0	0	32	26	31	30	35	29	28
95	95	0	0	1	95	8	78	79	80	81	82	83	84	85	0	0	1	0	0	0	0	0	31	32	41	38	32	38	41	49
95	95	0	0	1	96	5	83	84	85	86	87	0	0	0	0	0	39	41	42	42	50
95	95	0	0	1	97	5	85	86	87	88	89	0	0	0	0	0	31	30	31	25	34
95	95	0	0	1	98	8	86	87	88	89	90	91	92	93	0	0	0	0	0	0	0	0	31	29	30	35	36	28	33	29
95	95	0	0	1	99	10	91	92	93	94	95	96	97	98	99	100	0	0	0	0	0	0	0	0	0	0	38	35	35	40	37	40	33	45	26	38
95	95	0	0	1	100	3	93	94	95	0	0	0	28	34	31
95	95	0	0	1	101	2	94	95	0	0	37	33
95	95	0	0	1	102	6	95	96	97	98	99	100	0	0	0	0	0	0	39	40	43	37	39	39
