65	65	0	0	1	1	2	3	0	0	0
65	65	0	0	1	2	3	3	0	0	0
65	65	0	0	1	3	4	2	0	0	0
65	65	0	0	1	4	5	2	0	0	0
65	65	0	0	1	5	6	5	0	0	0
65	65	0	0	1	7	8	1	0	0	0
65	65	0	0	1	8	9	1	0	0	0
65	65	0	0	1	11	12	3	0	0	0
65	65	0	0	1	12	13	1	0	3	0
65	65	0	0	1	13	14	1	0	0	0
65	65	0	0	1	14	15	1	0	0	0
65	65	0	0	1	15	16	0	2	0	0
65	65	0	0	1	17	18	1	0	0	0
65	65	0	0	1	18	19	5	0	0	0
65	65	0	0	1	20	21	3	0	0	0
65	65	0	0	1	22	23	3	0	0	0
65	65	0	0	1	23	24	5	0	0	0
65	65	0	0	1	25	26	1	0	0	0
65	65	0	0	1	26	27	6	0	0	0
65	65	0	0	1	27	28	6	0	0	0
65	65	0	0	1	28	29	5	0	0	0
65	65	0	0	1	29	30	2	0	0	0
65	65	0	0	1	30	31	6	0	0	0
65	65	0	0	1	33	34	7	0	0	0
65	65	0	0	1	35	36	1	0	0	0
65	65	0	0	1	37	38	0	1	0	0
65	65	0	0	1	39	40	0	0	1	0
65	65	0	0	1	40	41	4	0	0	0
65	65	0	0	1	42	43	7	0	0	0
65	65	0	0	1	44	45	0	1	0	0
65	65	0	0	1	45	46	0	0	1	0
65	65	0	0	1	46	47	2	0	0	0
65	65	0	0	1	47	48	5	0	0	0
65	65	0	0	1	49	50	4	0	0	0
65	65	0	0	1	50	51	5	0	0	0
65	65	0	0	1	51	52	2	0	0	0
65	65	0	0	1	52	53	1	0	0	0
65	65	0	0	1	53	54	3	0	0	0
65	65	0	0	1	55	56	4	0	0	0
65	65	0	0	1	56	57	3	0	0	0
65	65	0	0	1	58	59	5	0	0	0
65	65	0	0	1	59	60	1	0	0	0
65	65	0	0	1	61	62	2	0	0	0
65	65	0	0	1	63	64	3	0	0	0
65	65	0	0	1	65	66	1	0	0	0
65	65	0	0	1	66	67	3	0	0	0
65	65	0	0	1	68	69	2	0	0	0
65	65	0	0	1	69	70	4	0	0	0
65	65	0	0	1	71	72	3	0	0	0
65	65	0	0	1	73	74	6	0	0	0
65	65	0	0	1	74	75	1	0	0	0
65	65	0	0	1	77	78	4	0	0	0
65	65	0	0	1	80	81	0	0	1	0
65	65	0	0	1	81	82	6	0	0	0
65	65	0	0	1	83	84	1	0	0	0
65	65	0	0	1	84	85	3	0	0	0
65	65	0	0	1	87	88	5	0	0	0
65	65	0	0	1	88	89	1	0	0	0
65	65	0	0	1	89	90	2	0	0	0
65	65	0	0	1	91	92	1	0	0	0
65	65	0	0	1	92	93	2	0	0	0
65	65	0	0	1	93	94	3	0	0	0
65	65	0	0	1	94	95	6	0	0	0
65	65	0	0	1	95	96	1	0	0	0
65	65	0	0	1	96	97	1	0	0	0
65	65	0	0	1	97	98	2	0	0	0
65	65	0	0	1	98	99	3	0	0	0
65	65	0	0	1	99	100	2	0	0	0
