89	89	0	0	1	3	4	1	0	0	0
89	89	0	0	1	7	8	1	0	0	0
89	89	0	0	1	12	13	1	0	0	0
89	89	0	0	1	18	19	1	0	0	0
89	89	0	0	1	20	21	1	0	0	0
89	89	0	0	1	22	23	3	0	0	0
89	89	0	0	1	26	27	2	0	0	0
89	89	0	0	1	28	29	1	0	0	0
89	89	0	0	1	32	33	0	0	1	0
89	89	0	0	1	37	38	0	0	2	0
89	89	0	0	1	38	39	0	1	0	0
89	89	0	0	1	39	40	0	0	2	0
89	89	0	0	1	43	44	2	0	0	0
89	89	0	0	1	45	46	0	0	2	0
89	89	0	0	1	46	47	1	0	0	0
89	89	0	0	1	52	53	1	0	0	0
89	89	0	0	1	53	54	1	0	0	0
89	89	0	0	1	55	56	1	0	0	0
89	89	0	0	1	57	58	1	0	0	0
89	89	0	0	1	58	59	3	0	0	0
89	89	0	0	1	61	62	2	0	0	0
89	89	0	0	1	65	66	4	0	0	0
89	89	0	0	1	68	69	1	0	0	0
89	89	0	0	1	76	77	2	0	0	0
89	89	0	0	1	81	82	3	0	0	0
89	89	0	0	1	84	85	0	0	1	0
89	89	0	0	1	86	87	1	0	0	0
89	89	0	0	1	88	89	1	0	0	0
89	89	0	0	1	91	92	1	0	0	0
89	89	0	0	1	94	95	1	0	0	0
89	89	0	0	1	96	97	1	0	0	0
89	89	0	0	1	98	99	1	0	0	0
89	89	0	0	1	99	100	1	0	0	0
