70	70	0	0	1	1	2	1	0	0	0
70	70	0	0	1	2	3	1	0	0	0
70	70	0	0	1	3	4	2	0	0	0
70	70	0	0	1	5	6	3	0	0	0
70	70	0	0	1	7	8	2	0	0	0
70	70	0	0	1	10	11	4	0	0	0
70	70	0	0	1	11	12	4	0	0	0
70	70	0	0	1	12	13	6	0	0	0
70	70	0	0	1	15	16	1	0	0	0
70	70	0	0	1	17	18	8	0	0	0
70	70	0	0	1	18	19	1	0	0	0
70	70	0	0	1	20	21	6	0	0	0
70	70	0	0	1	21	22	1	0	0	0
70	70	0	0	1	22	23	2	0	0	0
70	70	0	0	1	23	24	3	0	0	0
70	70	0	0	1	28	29	3	0	0	0
70	70	0	0	1	30	31	1	1	0	0
70	70	0	0	1	31	32	0	0	0	1
70	70	0	0	1	32	33	2	0	0	0
70	70	0	0	1	33	34	2	0	0	0
70	70	0	0	1	39	40	0	0	3	0
70	70	0	0	1	40	41	1	0	0	0
70	70	0	0	1	42	43	2	0	0	0
70	70	0	0	1	44	45	0	1	0	0
70	70	0	0	1	45	46	0	0	1	0
70	70	0	0	1	46	47	1	0	0	0
70	70	0	0	1	47	48	1	0	0	0
70	70	0	0	1	49	50	2	0	0	0
70	70	0	0	1	55	56	2	0	0	0
70	70	0	0	1	56	57	1	0	0	0
70	70	0	0	1	57	58	1	0	0	0
70	70	0	0	1	58	59	3	0	0	0
70	70	0	0	1	59	60	1	0	0	0
70	70	0	0	1	61	62	2	0	0	0
70	70	0	0	1	63	64	3	0	0	0
70	70	0	0	1	65	66	1	0	0	0
70	70	0	0	1	66	67	2	0	0	0
70	70	0	0	1	69	70	3	0	0	0
70	70	0	0	1	76	77	2	0	0	0
70	70	0	0	1	77	78	2	0	0	0
70	70	0	0	1	78	79	1	0	0	0
70	70	0	0	1	79	80	0	2	0	0
70	70	0	0	1	80	81	0	0	2	0
70	70	0	0	1	81	82	1	0	0	0
70	70	0	0	1	82	83	2	0	0	0
70	70	0	0	1	84	85	0	0	3	0
70	70	0	0	1	87	88	1	0	0	0
70	70	0	0	1	90	91	1	0	0	0
70	70	0	0	1	92	93	1	0	0	0
70	70	0	0	1	94	95	3	0	0	0
70	70	0	0	1	97	98	1	0	0	0
70	70	0	0	1	98	99	3	0	0	0
70	70	0	0	1	99	100	2	0	0	0
