94	94	0	0	1	1	4	1	2	3	4	0	0	0	0	38	37	29	34
94	94	0	0	1	2	8	1	2	3	4	5	6	7	8	0	0	0	0	0	0	0	1	45	36	36	39	36	37	38	38
94	94	0	0	1	3	4	1	2	3	4	0	0	0	0	39	38	38	40
94	94	0	0	1	4	3	3	4	5	0	0	0	27	15	31
94	94	0	0	1	5	6	7	8	45	46	47	48	0	1	1	0	0	0	35	35	40	31	32	23
94	94	0	0	1	6	2	7	8	0	1	32	33
94	94	0	0	1	7	2	7	8	0	1	30	38
94	94	0	0	1	8	1	9	0	41
94	94	0	0	1	9	1	9	0	41
94	94	0	0	1	10	1	9	0	41
94	94	0	0	1	11	1	9	0	40
94	94	0	0	1	12	3	10	11	12	0	0	0	24	24	36
94	94	0	0	1	13	2	10	11	0	0	35	29
94	94	0	0	1	14	2	10	11	0	0	39	36
94	94	0	0	1	15	3	10	11	12	0	0	0	34	40	39
94	94	0	0	1	16	4	10	11	12	13	0	0	0	0	22	21	40	35
94	94	0	0	1	17	1	10	0	30
94	94	0	0	1	18	4	10	11	12	13	0	0	0	0	37	29	26	35
94	94	0	0	1	19	5	10	11	12	13	14	0	0	0	0	0	25	25	32	41	40
94	94	0	0	1	20	2	15	16	0	1	38	41
94	94	0	0	1	21	4	15	16	17	18	0	1	0	0	38	42	26	41
94	94	0	0	1	22	5	15	16	17	18	19	0	1	0	0	0	36	38	41	33	31
94	94	0	0	1	23	2	15	16	0	1	37	40
94	94	0	0	1	24	7	15	16	17	18	19	20	21	0	1	0	0	0	0	0	27	39	21	40	43	38	45
94	94	0	0	1	25	2	20	21	0	0	36	36
94	94	0	0	1	26	3	21	22	23	0	0	0	40	39	40
94	94	0	0	1	27	3	22	23	24	0	0	0	29	35	22
94	94	0	0	1	28	3	22	23	24	0	0	0	31	29	31
94	94	0	0	1	29	5	22	23	24	73	74	0	0	0	0	0	34	34	32	31	31
94	94	0	0	1	30	12	23	24	25	26	27	28	29	30	31	32	33	34	0	0	0	0	0	0	0	0	0	0	0	0	48	43	44	42	43	45	39	40	40	32	38	28
94	94	0	0	1	31	3	24	63	64	0	0	0	37	34	30
94	94	0	0	1	32	9	25	26	27	28	29	30	31	32	33	0	0	0	0	0	0	0	0	0	38	42	42	34	41	32	35	38	45
94	94	0	0	1	33	1	25	0	36
94	94	0	0	1	34	7	25	26	27	28	29	30	31	0	0	0	0	0	0	0	34	28	30	20	29	34	37
94	94	0	0	1	35	7	25	26	27	28	29	30	31	0	0	0	0	0	0	0	37	38	42	38	34	37	30
94	94	0	0	1	36	5	25	26	27	28	29	0	0	0	0	0	37	31	30	22	33
94	94	0	0	1	37	7	25	26	27	28	29	30	31	0	0	0	0	0	0	0	38	35	40	31	34	39	40
94	94	0	0	1	38	9	26	27	28	29	30	31	32	33	34	0	0	0	0	0	0	0	0	0	41	43	39	36	33	39	41	38	30
94	94	0	0	1	39	4	32	33	34	35	0	0	0	0	31	35	26	34
94	94	0	0	1	40	4	32	91	92	93	0	0	0	0	33	32	36	42
94	94	0	0	1	41	1	32	0	34
94	94	0	0	1	42	2	32	33	0	0	37	39
94	94	0	0	1	43	3	34	35	36	0	0	0	21	35	39
94	94	0	0	1	44	2	34	35	0	0	32	39
94	94	0	0	1	45	2	35	36	0	0	29	42
94	94	0	0	1	46	1	35	0	35
94	94	0	0	1	47	4	35	36	37	38	0	0	1	0	44	35	44	41
94	94	0	0	1	48	3	36	37	38	0	1	0	32	43	34
94	94	0	0	1	49	7	37	38	39	40	41	42	43	1	0	1	0	0	0	0	40	42	27	25	34	21	34
94	94	0	0	1	50	5	37	38	39	40	41	1	0	1	0	0	34	39	19	33	22
94	94	0	0	1	51	4	42	43	44	45	0	0	0	1	42	41	37	41
94	94	0	0	1	52	5	42	43	44	45	46	0	0	0	1	0	43	36	41	41	45
94	94	0	0	1	53	2	42	43	0	0	33	37
94	94	0	0	1	54	7	42	43	44	45	46	47	48	0	0	0	1	0	0	0	34	39	36	39	39	36	39
94	94	0	0	1	55	8	42	43	44	45	46	47	48	49	0	0	0	1	0	0	0	0	38	28	37	33	38	39	32	26
94	94	0	0	1	56	5	44	45	46	47	48	0	1	0	0	0	36	35	33	23	29
94	94	0	0	1	57	7	44	45	46	47	48	81	82	0	1	0	0	0	0	0	38	38	33	22	31	28	28
94	94	0	0	1	58	3	44	45	46	0	1	0	35	33	34
94	94	0	0	1	59	6	45	46	47	48	49	50	1	0	0	0	0	0	42	43	41	34	36	40
94	94	0	0	1	60	7	46	47	48	49	50	51	52	0	0	0	0	0	0	0	39	38	31	27	33	29	32
94	94	0	0	1	61	5	49	50	51	52	53	0	0	0	0	0	36	25	29	39	38
94	94	0	0	1	62	3	49	50	51	0	0	0	36	36	26
94	94	0	0	1	63	3	52	53	54	0	0	0	36	38	38
94	94	0	0	1	64	9	52	53	54	55	56	57	58	59	60	0	0	0	0	0	1	0	0	0	33	42	36	36	41	40	42	41	23
94	94	0	0	1	65	1	52	0	28
94	94	0	0	1	66	2	53	54	0	0	32	42
94	94	0	0	1	67	1	53	0	34
94	94	0	0	1	68	10	53	54	55	56	57	58	59	60	61	62	0	0	0	0	0	0	0	0	0	0	32	34	41	37	42	40	42	30	44	39
94	94	0	0	1	69	1	54	0	37
94	94	0	0	1	70	1	54	0	28
94	94	0	0	1	71	9	54	55	56	57	58	59	60	61	62	0	0	0	0	0	0	0	0	0	35	40	43	40	36	43	28	29	39
94	94	0	0	1	72	8	55	56	57	58	59	60	61	62	0	0	0	0	0	0	0	0	36	41	42	35	43	36	30	46
94	94	0	0	1	73	8	55	56	57	58	59	60	61	62	0	0	0	0	0	0	0	0	32	28	34	31	36	31	31	37
94	94	0	0	1	74	8	55	56	57	58	59	60	61	62	0	0	0	0	0	0	0	0	39	40	33	40	33	40	30	44
94	94	0	0	1	75	1	60	0	30
94	94	0	0	1	76	1	62	0	35
94	94	0	0	1	77	1	63	0	32
94	94	0	0	1	78	5	63	64	65	66	67	0	0	0	0	0	32	30	34	33	21
94	94	0	0	1	79	5	63	64	65	66	67	0	0	0	0	0	33	32	38	32	30
94	94	0	0	1	80	5	63	64	65	66	67	0	0	0	0	0	38	36	42	38	40
94	94	0	0	1	81	3	65	66	67	0	0	0	43	37	40
94	94	0	0	1	82	3	65	66	67	0	0	0	35	28	28
94	94	0	0	1	83	1	68	0	44
94	94	0	0	1	84	3	68	69	70	0	0	0	37	38	27
94	94	0	0	1	85	5	68	69	70	71	72	0	0	0	0	0	35	28	35	35	33
94	94	0	0	1	86	3	68	69	70	0	0	0	34	33	30
94	94	0	0	1	87	5	68	69	70	71	72	0	0	0	0	0	39	38	39	39	36
94	94	0	0	1	88	5	68	69	70	71	72	0	0	0	0	0	40	33	38	41	33
94	94	0	0	1	89	3	71	72	73	0	0	0	28	23	35
94	94	0	0	1	90	2	71	72	0	0	28	26
94	94	0	0	1	91	10	73	74	75	76	77	78	79	80	81	82	0	0	0	0	0	0	0	1	0	0	41	40	32	38	44	42	38	43	35	39
94	94	0	0	1	92	1	75	0	31
94	94	0	0	1	93	7	75	76	77	78	79	80	81	0	0	0	0	0	1	0	36	42	42	40	40	42	42
94	94	0	0	1	94	5	75	76	77	78	79	0	0	0	0	0	24	29	29	30	34
94	94	0	0	1	95	3	83	84	85	0	0	0	32	35	30
94	94	0	0	1	96	7	83	84	85	86	87	88	89	0	0	0	0	0	1	0	21	38	41	30	34	23	33
94	94	0	0	1	97	2	84	85	0	0	27	28
94	94	0	0	1	98	8	86	87	88	89	90	91	92	93	0	0	1	0	0	0	0	0	35	29	28	26	36	30	21	24
94	94	0	0	1	99	15	86	87	88	89	90	91	92	93	94	95	96	97	98	99	100	0	0	1	0	0	0	0	0	0	0	0	0	0	0	0	24	30	30	30	42	31	32	29	33	44	31	40	38	44	42
94	94	0	0	1	100	6	90	91	92	93	94	95	0	0	0	0	0	0	38	43	39	37	40	40
94	94	0	0	1	101	3	91	92	93	0	0	0	30	37	24
94	94	0	0	1	102	3	91	92	93	0	0	0	31	36	33
94	94	0	0	1	103	2	94	95	0	0	37	32
94	94	0	0	1	104	2	94	95	0	0	29	30
94	94	0	0	1	105	7	94	95	96	97	98	99	100	0	0	0	0	0	0	0	32	31	35	27	24	30	36
94	94	0	0	1	106	5	96	97	98	99	100	0	0	0	0	0	27	25	35	23	24
94	94	0	0	1	107	5	96	97	98	99	100	0	0	0	0	0	38	31	35	36	30
94	94	0	0	1	108	2	99	100	0	0	37	31
