50	50	0	0	1	1	6	1	2	3	5	6	7	0	0	0	0	0	0	33	33	23	36	24	28
50	50	0	0	1	2	5	10	11	12	13	14	0	0	0	0	0	40	23	41	39	38
50	50	0	0	1	3	5	10	11	12	13	14	0	0	0	0	0	40	26	41	36	43
50	50	0	0	1	4	7	15	16	17	18	19	20	21	0	0	0	0	0	0	0	36	36	34	33	37	37	22
50	50	0	0	1	5	10	22	23	24	25	26	27	28	29	30	31	0	0	0	0	0	0	0	0	0	0	36	40	38	37	40	41	33	41	34	39
50	50	0	0	1	6	10	25	26	27	28	29	30	31	32	33	34	0	0	0	0	0	0	1	1	0	0	42	43	44	43	35	41	37	39	37	40
50	50	0	0	1	7	6	29	30	31	32	33	34	0	0	0	0	0	0	49	35	39	38	39	42
50	50	0	0	1	8	4	35	36	37	38	0	0	1	0	26	41	42	39
50	50	0	0	1	9	11	44	45	46	47	48	49	50	51	52	53	54	0	0	0	0	0	0	0	0	0	0	0	36	33	40	30	40	43	42	29	42	39	41
50	50	0	0	1	10	10	45	46	47	48	49	50	51	52	53	54	0	0	0	0	0	0	0	0	0	0	29	31	31	40	38	37	30	41	40	40
50	50	0	0	1	11	8	49	50	51	52	53	54	55	56	0	0	0	0	0	0	0	0	29	21	27	41	41	44	40	38
50	50	0	0	1	12	5	63	64	65	66	67	0	0	0	0	0	33	23	41	37	40
50	50	0	0	1	13	5	68	69	70	71	72	0	0	0	0	0	40	43	50	40	33
50	50	0	0	1	14	5	68	69	70	71	72	0	0	0	0	0	41	38	39	39	25
50	50	0	0	1	15	8	72	73	74	75	76	77	78	79	0	0	0	0	0	0	0	0	28	41	41	37	44	42	42	38
50	50	0	0	1	16	7	72	73	74	75	76	77	78	0	0	0	0	0	0	0	25	41	40	35	40	41	42
50	50	0	0	1	17	10	91	92	93	94	95	96	97	98	99	100	0	0	0	0	0	0	0	0	0	0	42	38	38	42	39	41	40	44	31	43
