78	78	0	0	1	1	3	1	2	6	0	0	0	33	34	33
78	78	0	0	1	2	2	1	2	0	0	31	31
78	78	0	0	1	3	2	1	2	0	0	35	26
78	78	0	0	1	4	2	1	2	0	0	34	28
78	78	0	0	1	5	2	1	2	0	0	28	34
78	78	0	0	1	6	2	1	2	0	0	36	35
78	78	0	0	1	7	2	3	4	0	0	32	35
78	78	0	0	1	8	4	3	4	7	8	0	0	0	0	34	31	32	33
78	78	0	0	1	9	3	3	4	8	0	0	1	37	30	34
78	78	0	0	1	10	2	3	4	0	0	29	33
78	78	0	0	1	11	3	3	4	8	0	0	0	36	29	22
78	78	0	0	1	12	2	3	4	0	0	34	35
78	78	0	0	1	13	2	3	4	0	0	24	31
78	78	0	0	1	14	2	3	4	0	0	33	39
78	78	0	0	1	15	1	4	0	35
78	78	0	0	1	16	1	4	0	19
78	78	0	0	1	17	1	4	0	31
78	78	0	0	1	18	1	5	0	32
78	78	0	0	1	19	2	5	6	0	0	31	35
78	78	0	0	1	20	2	5	6	0	0	33	32
78	78	0	0	1	21	2	5	6	0	0	19	35
78	78	0	0	1	22	1	6	0	34
78	78	0	0	1	23	1	6	0	34
78	78	0	0	1	24	2	7	8	0	1	37	32
78	78	0	0	1	25	2	7	8	0	1	37	25
78	78	0	0	1	26	2	7	8	0	0	36	20
78	78	0	0	1	27	1	9	0	26
78	78	0	0	1	28	1	9	0	22
78	78	0	0	1	29	1	9	0	33
78	78	0	0	1	30	1	9	0	17
78	78	0	0	1	31	1	9	0	35
78	78	0	0	1	32	1	10	0	31
78	78	0	0	1	33	2	10	11	0	0	33	32
78	78	0	0	1	34	2	10	11	0	0	33	33
78	78	0	0	1	35	2	10	11	0	0	30	33
78	78	0	0	1	36	3	11	12	14	0	0	0	31	33	32
78	78	0	0	1	37	2	12	13	0	0	28	30
78	78	0	0	1	38	2	12	13	0	0	34	29
78	78	0	0	1	39	1	13	0	35
78	78	0	0	1	40	1	13	0	32
78	78	0	0	1	41	1	14	0	37
78	78	0	0	1	42	1	14	0	32
78	78	0	0	1	43	1	14	0	37
78	78	0	0	1	44	1	14	0	27
78	78	0	0	1	45	1	15	0	33
78	78	0	0	1	46	1	15	0	29
78	78	0	0	1	47	1	15	0	29
78	78	0	0	1	48	1	15	0	30
78	78	0	0	1	49	1	15	0	37
78	78	0	0	1	50	1	15	0	34
78	78	0	0	1	51	1	15	0	28
78	78	0	0	1	52	1	15	0	22
78	78	0	0	1	53	1	15	0	26
78	78	0	0	1	54	2	16	19	1	0	34	31
78	78	0	0	1	55	1	16	1	35
78	78	0	0	1	56	1	16	0	25
78	78	0	0	1	57	1	17	0	20
78	78	0	0	1	58	1	17	0	31
78	78	0	0	1	59	1	17	0	22
78	78	0	0	1	60	1	17	0	33
78	78	0	0	1	61	2	17	18	0	0	33	22
78	78	0	0	1	62	1	17	0	25
78	78	0	0	1	63	1	18	0	25
78	78	0	0	1	64	3	18	20	21	0	0	0	24	34	33
78	78	0	0	1	65	3	18	19	21	0	0	0	27	34	30
78	78	0	0	1	66	2	18	19	0	0	22	27
78	78	0	0	1	67	1	19	0	31
78	78	0	0	1	68	1	19	0	33
78	78	0	0	1	69	1	20	0	30
78	78	0	0	1	70	1	20	0	32
78	78	0	0	1	71	1	20	0	38
78	78	0	0	1	72	1	21	0	24
78	78	0	0	1	73	1	21	0	2
78	78	0	0	1	74	1	21	0	34
78	78	0	0	1	75	2	21	22	0	0	35	26
78	78	0	0	1	76	2	22	23	0	0	33	33
78	78	0	0	1	77	1	22	0	31
78	78	0	0	1	78	2	22	23	0	0	32	32
78	78	0	0	1	79	2	22	23	0	0	34	28
78	78	0	0	1	80	3	22	23	24	0	0	0	29	31	32
78	78	0	0	1	81	3	22	23	24	0	0	0	33	25	32
78	78	0	0	1	82	3	22	23	24	0	0	0	33	35	37
78	78	0	0	1	83	3	22	23	24	0	0	0	12	12	32
78	78	0	0	1	84	3	22	23	24	0	0	0	24	28	32
78	78	0	0	1	85	2	23	24	0	0	29	33
78	78	0	0	1	86	1	24	0	31
78	78	0	0	1	87	1	24	0	32
78	78	0	0	1	88	1	24	0	32
78	78	0	0	1	89	1	24	0	34
78	78	0	0	1	90	1	25	0	35
78	78	0	0	1	91	1	25	0	2
78	78	0	0	1	92	1	25	0	29
78	78	0	0	1	93	2	25	26	0	0	36	32
78	78	0	0	1	94	1	25	0	32
78	78	0	0	1	95	1	26	0	29
78	78	0	0	1	96	1	26	0	23
78	78	0	0	1	97	6	26	27	28	29	32	33	0	0	0	0	1	0	33	33	24	22	37	31
78	78	0	0	1	98	4	26	27	28	29	0	0	0	0	32	32	26	31
78	78	0	0	1	99	3	27	28	29	0	0	0	32	26	32
78	78	0	0	1	100	3	27	28	29	0	0	0	24	25	29
78	78	0	0	1	101	1	30	0	31
78	78	0	0	1	102	1	30	0	37
78	78	0	0	1	103	2	30	31	0	1	25	25
78	78	0	0	1	104	1	31	0	38
78	78	0	0	1	105	1	31	0	38
78	78	0	0	1	106	1	31	0	37
78	78	0	0	1	107	1	31	0	34
78	78	0	0	1	108	1	31	1	21
78	78	0	0	1	109	2	32	35	0	0	36	35
78	78	0	0	1	110	1	32	0	31
78	78	0	0	1	111	3	32	33	35	0	0	0	32	23	34
78	78	0	0	1	112	1	34	0	33
78	78	0	0	1	113	1	34	0	33
78	78	0	0	1	114	1	35	0	30
78	78	0	0	1	115	1	35	0	35
78	78	0	0	1	116	2	35	36	0	0	30	34
78	78	0	0	1	117	1	35	0	32
78	78	0	0	1	118	1	35	0	36
78	78	0	0	1	119	2	36	37	0	0	24	24
78	78	0	0	1	120	1	36	0	16
78	78	0	0	1	121	1	36	0	25
78	78	0	0	1	122	1	36	0	16
78	78	0	0	1	123	1	36	0	30
78	78	0	0	1	124	1	37	1	27
78	78	0	0	1	125	3	37	39	40	1	1	0	30	34	32
78	78	0	0	1	126	3	37	39	40	1	1	0	34	35	21
78	78	0	0	1	127	1	37	1	35
78	78	0	0	1	128	1	37	0	25
78	78	0	0	1	129	1	37	1	30
78	78	0	0	1	130	1	38	0	31
78	78	0	0	1	131	1	38	0	30
78	78	0	0	1	132	1	38	0	23
78	78	0	0	1	133	1	38	0	24
78	78	0	0	1	134	2	39	40	1	0	35	30
78	78	0	0	1	135	2	39	40	1	0	31	34
78	78	0	0	1	136	2	39	40	1	0	27	34
78	78	0	0	1	137	2	39	40	1	0	35	16
78	78	0	0	1	138	2	39	40	1	0	30	33
78	78	0	0	1	139	2	40	41	0	0	28	33
78	78	0	0	1	140	1	41	0	23
78	78	0	0	1	141	2	41	42	0	0	31	24
78	78	0	0	1	142	1	41	0	24
78	78	0	0	1	143	4	42	46	47	48	0	0	0	0	35	34	26	16
78	78	0	0	1	144	1	42	0	31
78	78	0	0	1	145	1	42	0	14
78	78	0	0	1	146	2	42	43	0	0	29	30
78	78	0	0	1	147	2	42	43	0	0	31	35
78	78	0	0	1	148	1	43	0	36
78	78	0	0	1	149	2	44	49	0	0	34	36
78	78	0	0	1	150	1	44	0	33
78	78	0	0	1	151	1	44	0	29
78	78	0	0	1	152	2	44	45	0	0	35	32
78	78	0	0	1	153	2	44	45	0	0	29	28
78	78	0	0	1	154	2	44	45	0	1	40	34
78	78	0	0	1	155	2	45	46	1	0	3	28
78	78	0	0	1	156	2	47	48	0	0	19	32
78	78	0	0	1	157	1	50	0	32
78	78	0	0	1	158	1	50	0	33
78	78	0	0	1	159	1	50	0	31
78	78	0	0	1	160	1	51	0	33
78	78	0	0	1	161	1	51	0	37
78	78	0	0	1	162	1	52	0	22
78	78	0	0	1	163	2	52	54	0	0	27	31
78	78	0	0	1	164	1	52	0	26
78	78	0	0	1	165	1	53	0	25
78	78	0	0	1	166	1	53	0	36
78	78	0	0	1	167	4	54	55	56	57	0	0	0	0	36	37	33	29
78	78	0	0	1	168	1	54	0	37
78	78	0	0	1	169	2	54	57	0	0	35	35
78	78	0	0	1	170	1	54	0	31
78	78	0	0	1	171	1	55	0	26
78	78	0	0	1	172	2	55	56	0	0	31	37
78	78	0	0	1	173	2	57	61	0	0	34	32
78	78	0	0	1	174	1	57	0	29
78	78	0	0	1	175	2	57	58	0	0	30	24
78	78	0	0	1	176	4	57	58	59	61	0	0	0	0	31	29	33	31
78	78	0	0	1	177	3	57	58	59	0	0	0	25	17	35
78	78	0	0	1	178	3	57	58	59	0	0	0	30	31	28
78	78	0	0	1	179	3	57	58	59	0	0	0	31	35	25
78	78	0	0	1	180	3	57	58	59	0	0	0	33	29	36
78	78	0	0	1	181	3	58	59	62	0	0	0	32	28	37
78	78	0	0	1	182	2	58	59	0	0	31	33
78	78	0	0	1	183	2	58	59	0	0	17	27
78	78	0	0	1	184	1	59	0	34
78	78	0	0	1	185	3	59	61	62	0	0	0	33	26	35
78	78	0	0	1	186	1	60	0	30
78	78	0	0	1	187	1	60	0	34
78	78	0	0	1	188	1	61	0	31
78	78	0	0	1	189	1	61	0	31
78	78	0	0	1	190	1	62	0	30
78	78	0	0	1	191	1	62	0	35
78	78	0	0	1	192	1	62	0	28
78	78	0	0	1	193	1	63	0	36
78	78	0	0	1	194	1	63	0	30
78	78	0	0	1	195	1	63	0	23
78	78	0	0	1	196	2	63	64	0	0	31	29
78	78	0	0	1	197	2	63	64	0	0	29	32
78	78	0	0	1	198	1	64	0	29
78	78	0	0	1	199	2	65	66	0	0	34	30
78	78	0	0	1	200	3	65	66	67	0	0	0	36	33	23
78	78	0	0	1	201	3	65	66	67	0	0	0	31	33	15
78	78	0	0	1	202	3	65	66	67	0	0	0	33	33	25
78	78	0	0	1	203	3	65	66	67	0	0	0	31	28	17
78	78	0	0	1	204	3	65	66	67	0	0	0	35	33	33
78	78	0	0	1	205	1	67	0	30
78	78	0	0	1	206	1	67	0	33
78	78	0	0	1	207	1	67	0	32
78	78	0	0	1	208	1	67	0	26
78	78	0	0	1	209	1	68	0	36
78	78	0	0	1	210	1	68	0	18
78	78	0	0	1	211	1	68	0	33
78	78	0	0	1	212	2	68	69	0	0	11	22
78	78	0	0	1	213	3	68	69	70	0	0	0	27	28	23
78	78	0	0	1	214	3	68	69	70	0	0	0	37	20	18
78	78	0	0	1	215	2	69	70	0	0	37	33
78	78	0	0	1	216	2	69	70	0	0	37	33
78	78	0	0	1	217	2	69	70	0	0	30	33
78	78	0	0	1	218	2	69	70	0	0	27	25
78	78	0	0	1	219	1	71	0	24
78	78	0	0	1	220	1	71	0	24
78	78	0	0	1	221	1	71	0	32
78	78	0	0	1	222	1	71	0	34
78	78	0	0	1	223	1	71	0	35
78	78	0	0	1	224	1	71	0	28
78	78	0	0	1	225	1	71	0	33
78	78	0	0	1	226	2	71	73	0	0	31	32
78	78	0	0	1	227	1	72	0	32
78	78	0	0	1	228	1	72	0	33
78	78	0	0	1	229	2	72	73	0	0	27	33
78	78	0	0	1	230	1	72	0	19
78	78	0	0	1	231	1	72	0	24
78	78	0	0	1	232	1	72	0	31
78	78	0	0	1	233	2	73	78	0	0	24	29
78	78	0	0	1	234	1	73	0	29
78	78	0	0	1	235	4	73	76	77	78	0	0	0	0	24	24	23	33
78	78	0	0	1	236	1	73	0	21
78	78	0	0	1	237	1	73	0	21
78	78	0	0	1	238	3	73	77	78	0	0	0	24	29	18
78	78	0	0	1	239	1	74	0	27
78	78	0	0	1	240	2	74	79	0	0	23	36
78	78	0	0	1	241	1	74	0	32
78	78	0	0	1	242	1	74	0	33
78	78	0	0	1	243	1	74	0	19
78	78	0	0	1	244	2	75	80	0	1	23	26
78	78	0	0	1	245	1	75	0	32
78	78	0	0	1	246	1	75	0	30
78	78	0	0	1	247	1	75	0	25
78	78	0	0	1	248	1	75	0	33
78	78	0	0	1	249	1	75	0	28
78	78	0	0	1	250	1	75	0	33
78	78	0	0	1	251	3	75	81	82	0	0	0	34	33	31
78	78	0	0	1	252	1	75	0	29
78	78	0	0	1	253	2	76	77	0	0	34	30
78	78	0	0	1	254	2	76	77	0	0	28	28
78	78	0	0	1	255	3	76	77	78	0	0	0	25	32	33
78	78	0	0	1	256	1	78	0	27
78	78	0	0	1	257	1	78	0	40
78	78	0	0	1	258	2	79	83	0	0	21	35
78	78	0	0	1	259	1	79	0	34
78	78	0	0	1	260	1	79	0	34
78	78	0	0	1	261	1	79	0	38
78	78	0	0	1	262	1	79	0	31
78	78	0	0	1	263	1	79	0	28
78	78	0	0	1	264	1	80	1	32
78	78	0	0	1	265	3	80	81	85	1	0	0	28	28	34
78	78	0	0	1	266	1	80	1	27
78	78	0	0	1	267	4	80	81	84	85	1	0	0	0	35	22	23	37
78	78	0	0	1	268	1	81	0	25
78	78	0	0	1	269	2	81	82	0	0	30	27
78	78	0	0	1	270	2	81	82	0	0	27	34
78	78	0	0	1	271	2	81	82	0	0	32	34
78	78	0	0	1	272	1	82	0	23
78	78	0	0	1	273	1	83	0	30
78	78	0	0	1	274	4	83	86	87	88	0	0	0	0	33	33	32	32
78	78	0	0	1	275	2	83	86	0	0	22	32
78	78	0	0	1	276	1	83	0	31
78	78	0	0	1	277	4	83	86	87	88	0	0	0	0	33	34	28	33
78	78	0	0	1	278	1	83	0	25
78	78	0	0	1	279	1	83	0	25
78	78	0	0	1	280	1	84	0	30
78	78	0	0	1	281	3	84	85	90	0	0	0	35	33	30
78	78	0	0	1	282	4	86	87	88	93	0	0	0	0	33	36	36	32
78	78	0	0	1	283	3	86	87	88	0	0	1	31	33	36
78	78	0	0	1	284	6	86	87	88	89	94	95	0	0	0	0	0	0	33	36	37	35	34	37
78	78	0	0	1	285	4	86	87	88	89	0	0	0	0	30	38	36	31
78	78	0	0	1	286	3	87	88	89	0	0	0	29	31	26
78	78	0	0	1	287	2	88	89	0	0	27	32
78	78	0	0	1	288	4	89	90	94	95	0	0	0	0	35	36	36	34
78	78	0	0	1	289	1	90	0	23
78	78	0	0	1	290	2	91	92	0	0	31	29
78	78	0	0	1	291	2	91	92	0	0	34	36
78	78	0	0	1	292	3	91	92	93	0	0	0	30	19	25
78	78	0	0	1	293	3	91	92	93	0	0	0	34	33	34
78	78	0	0	1	294	3	91	92	93	0	0	0	31	36	37
78	78	0	0	1	295	3	92	93	96	0	0	0	34	28	36
78	78	0	0	1	296	6	94	95	97	98	99	100	0	0	0	0	0	0	32	34	30	36	35	25
78	78	0	0	1	297	1	94	0	25
78	78	0	0	1	298	2	94	95	0	0	25	32
78	78	0	0	1	299	2	94	95	0	0	32	33
78	78	0	0	1	300	1	95	0	31
78	78	0	0	1	301	1	96	0	37
78	78	0	0	1	302	1	96	0	36
78	78	0	0	1	303	1	96	0	30
78	78	0	0	1	304	1	96	0	38
78	78	0	0	1	305	1	96	0	34
78	78	0	0	1	306	1	96	0	36
78	78	0	0	1	307	1	96	0	36
78	78	0	0	1	308	4	97	98	99	100	0	0	0	0	24	20	15	31
78	78	0	0	1	309	4	97	98	99	100	0	0	0	0	26	21	31	28
78	78	0	0	1	310	2	99	100	0	0	34	35
