72	72	0	0	1	1	2	6	0	0	0
72	72	0	0	1	2	3	1	0	0	0
72	72	0	0	1	3	4	6	0	0	0
72	72	0	0	1	5	6	3	0	0	0
72	72	0	0	1	7	8	0	4	0	0
72	72	0	0	1	8	9	0	0	1	0
72	72	0	0	1	10	11	3	0	0	0
72	72	0	0	1	11	12	1	0	0	0
72	72	0	0	1	12	13	3	0	0	0
72	72	0	0	1	17	18	2	0	0	0
72	72	0	0	1	18	19	3	0	0	0
72	72	0	0	1	22	23	1	0	0	0
72	72	0	0	1	23	24	3	0	0	0
72	72	0	0	1	24	25	1	0	0	0
72	72	0	0	1	26	27	3	0	0	0
72	72	0	0	1	27	28	5	0	0	0
72	72	0	0	1	28	29	1	0	0	0
72	72	0	0	1	30	31	1	0	0	0
72	72	0	0	1	32	33	1	0	0	0
72	72	0	0	1	33	34	1	0	0	0
72	72	0	0	1	39	40	0	0	2	0
72	72	0	0	1	40	41	2	0	0	0
72	72	0	0	1	41	42	2	0	0	0
72	72	0	0	1	42	43	2	0	0	0
72	72	0	0	1	44	45	0	3	0	0
72	72	0	0	1	45	46	0	0	2	0
72	72	0	0	1	47	48	5	0	0	0
72	72	0	0	1	55	56	5	0	0	0
72	72	0	0	1	58	59	4	0	0	0
72	72	0	0	1	61	62	1	0	0	0
72	72	0	0	1	63	64	2	0	0	0
72	72	0	0	1	65	66	2	0	0	0
72	72	0	0	1	66	67	5	0	0	0
72	72	0	0	1	68	69	1	0	0	0
72	72	0	0	1	69	70	9	0	0	0
72	72	0	0	1	70	71	1	0	0	0
72	72	0	0	1	73	74	4	0	0	0
72	72	0	0	1	76	77	2	0	0	0
72	72	0	0	1	77	78	2	0	0	0
72	72	0	0	1	81	82	4	0	0	0
72	72	0	0	1	84	85	5	0	0	0
72	72	0	0	1	86	87	1	0	0	0
72	72	0	0	1	87	88	3	0	0	0
72	72	0	0	1	88	89	1	0	0	0
72	72	0	0	1	89	90	1	0	0	0
72	72	0	0	1	90	91	1	0	0	0
72	72	0	0	1	91	92	1	0	0	0
72	72	0	0	1	92	93	5	0	0	0
72	72	0	0	1	94	95	5	0	0	0
72	72	0	0	1	97	98	1	0	0	0
72	72	0	0	1	98	99	5	0	0	0
72	72	0	0	1	99	100	3	0	0	0
