92	92	0	0	1	1	2	5	0	0	0
92	92	0	0	1	2	3	1	0	0	0
92	92	0	0	1	7	8	0	1	0	0
92	92	0	0	1	10	11	2	0	0	0
92	92	0	0	1	11	12	3	0	0	0
92	92	0	0	1	12	13	3	0	0	0
92	92	0	0	1	13	14	3	0	0	0
92	92	0	0	1	16	17	0	0	4	0
92	92	0	0	1	17	18	8	0	0	0
92	92	0	0	1	18	19	6	0	0	0
92	92	0	0	1	19	20	1	0	0	0
92	92	0	0	1	20	21	3	0	0	0
92	92	0	0	1	22	23	5	0	0	0
92	92	0	0	1	23	24	5	0	0	0
92	92	0	0	1	24	25	1	0	0	0
92	92	0	0	1	25	26	1	0	0	0
92	92	0	0	1	27	28	5	0	0	0
92	92	0	0	1	30	31	2	0	0	0
92	92	0	0	1	33	34	2	0	0	0
92	92	0	0	1	34	35	2	0	0	0
92	92	0	0	1	35	36	1	0	0	0
92	92	0	0	1	36	37	0	2	0	0
92	92	0	0	1	37	38	0	0	1	0
92	92	0	0	1	39	40	0	0	7	0
92	92	0	0	1	40	41	2	0	0	0
92	92	0	0	1	42	43	2	0	0	0
92	92	0	0	1	46	47	1	0	0	0
92	92	0	0	1	47	48	3	0	0	0
92	92	0	0	1	48	49	2	0	0	0
92	92	0	0	1	55	56	2	0	0	0
92	92	0	0	1	58	59	4	0	0	0
92	92	0	0	1	61	62	1	0	0	0
92	92	0	0	1	63	64	6	0	0	0
92	92	0	0	1	64	65	1	0	0	0
92	92	0	0	1	65	66	6	0	0	0
92	92	0	0	1	66	67	3	0	0	0
92	92	0	0	1	68	69	1	0	0	0
92	92	0	0	1	69	70	3	0	0	0
92	92	0	0	1	70	71	1	0	0	0
92	92	0	0	1	72	73	1	0	0	0
92	92	0	0	1	73	74	2	0	0	0
92	92	0	0	1	76	77	8	0	0	0
92	92	0	0	1	77	78	2	0	0	0
92	92	0	0	1	78	79	1	0	0	0
92	92	0	0	1	80	81	0	0	2	0
92	92	0	0	1	81	82	6	0	0	0
92	92	0	0	1	82	83	1	0	0	0
92	92	0	0	1	84	85	2	0	0	0
92	92	0	0	1	89	90	1	0	0	0
92	92	0	0	1	97	98	1	0	0	0
92	92	0	0	1	98	99	1	0	0	0
92	92	0	0	1	99	100	3	0	0	0
