39	39	0	0	1	1	2	1	2	0	0	28	30
39	39	0	0	1	2	2	1	2	0	0	38	38
39	39	0	0	1	3	2	1	2	0	0	25	28
39	39	0	0	1	4	2	1	2	0	0	41	37
39	39	0	0	1	5	2	1	2	0	0	35	37
39	39	0	0	1	6	2	1	2	0	0	23	36
39	39	0	0	1	7	4	1	2	3	4	0	0	0	0	40	42	39	41
39	39	0	0	1	8	4	3	4	5	6	0	0	0	0	30	31	29	12
39	39	0	0	1	9	2	5	6	0	0	36	19
39	39	0	0	1	10	3	5	6	9	0	0	0	36	37	27
39	39	0	0	1	11	4	5	5	6	6	0	0	0	0	37	37	39	37
39	39	0	0	1	12	3	5	6	7	0	0	0	29	41	39
39	39	0	0	1	13	1	6	0	39
39	39	0	0	1	14	2	7	8	0	1	38	36
39	39	0	0	1	15	2	7	8	0	1	40	36
39	39	0	0	1	16	2	7	8	0	1	40	38
39	39	0	0	1	17	1	8	1	12
39	39	0	0	1	18	2	7	8	0	1	41	34
39	39	0	0	1	19	1	7	0	25
39	39	0	0	1	20	2	7	8	0	1	28	17
39	39	0	0	1	21	1	9	0	43
39	39	0	0	1	22	1	9	0	33
39	39	0	0	1	23	1	9	0	40
39	39	0	0	1	24	5	9	10	11	12	13	0	0	0	0	0	35	37	39	32	34
39	39	0	0	1	25	2	10	11	0	0	37	40
39	39	0	0	1	26	2	10	11	0	0	41	40
39	39	0	0	1	27	3	10	11	12	0	0	0	37	37	30
39	39	0	0	1	28	3	10	11	12	0	0	0	33	37	29
39	39	0	0	1	29	4	10	11	12	13	0	0	0	0	46	43	35	31
39	39	0	0	1	30	4	10	11	12	13	0	0	0	0	36	34	34	35
39	39	0	0	1	31	4	10	11	12	13	0	0	0	0	42	43	35	42
39	39	0	0	1	32	4	10	11	12	13	0	0	0	0	44	44	42	43
39	39	0	0	1	33	5	10	11	12	13	13	0	0	0	0	0	29	25	27	30	27
39	39	0	0	1	34	4	10	11	12	13	0	0	0	0	41	41	37	40
39	39	0	0	1	35	4	10	11	12	13	0	0	0	0	38	39	41	38
39	39	0	0	1	36	4	10	11	12	13	0	0	0	0	34	31	35	35
39	39	0	0	1	37	4	10	11	12	13	0	0	0	0	31	38	41	40
39	39	0	0	1	38	3	11	12	13	0	0	0	42	40	37
39	39	0	0	1	39	3	11	12	13	0	0	0	35	39	39
39	39	0	0	1	40	2	12	13	0	0	28	39
39	39	0	0	1	41	2	12	13	0	0	32	39
39	39	0	0	1	42	2	12	13	0	0	31	37
39	39	0	0	1	43	1	14	0	35
39	39	0	0	1	44	1	14	0	40
39	39	0	0	1	45	1	14	0	41
39	39	0	0	1	46	1	14	0	38
39	39	0	0	1	47	2	14	16	0	1	28	37
39	39	0	0	1	48	1	14	0	36
39	39	0	0	1	49	1	15	0	36
39	39	0	0	1	50	3	15	16	20	0	1	0	37	37	37
39	39	0	0	1	51	3	16	17	18	1	0	0	36	23	37
39	39	0	0	1	52	1	16	1	36
39	39	0	0	1	53	2	17	18	0	0	38	24
39	39	0	0	1	54	3	17	18	19	0	0	0	37	31	36
39	39	0	0	1	55	3	17	18	19	0	0	0	25	22	36
39	39	0	0	1	56	3	17	18	19	0	0	0	26	36	38
39	39	0	0	1	57	2	18	19	0	0	39	38
39	39	0	0	1	58	2	19	22	0	0	30	32
39	39	0	0	1	59	1	19	0	39
39	39	0	0	1	60	4	20	22	23	24	0	0	0	0	34	39	41	40
39	39	0	0	1	61	3	20	20	21	0	0	0	34	37	35
39	39	0	0	1	62	2	20	21	0	0	35	30
39	39	0	0	1	63	2	20	21	0	0	33	39
39	39	0	0	1	64	2	20	21	0	0	38	31
39	39	0	0	1	65	7	22	23	25	26	27	28	29	0	0	0	0	0	0	0	36	30	40	38	31	30	37
39	39	0	0	1	66	8	22	23	24	27	28	29	30	31	0	0	0	0	0	0	0	0	39	39	39	31	30	37	39	38
39	39	0	0	1	67	6	22	23	24	29	30	31	0	0	0	0	0	0	38	40	39	28	37	38
39	39	0	0	1	68	9	22	23	24	26	27	28	29	30	31	0	0	0	0	0	0	0	0	0	27	23	12	2	28	19	25	38	34
39	39	0	0	1	69	4	22	23	24	34	0	0	0	0	27	14	37	41
39	39	0	0	1	70	5	22	23	24	30	31	0	0	0	0	0	38	37	36	39	38
39	39	0	0	1	71	1	24	0	32
39	39	0	0	1	72	2	25	34	0	0	37	38
39	39	0	0	1	73	1	25	0	40
39	39	0	0	1	74	2	25	34	0	0	35	17
39	39	0	0	1	75	6	25	26	27	28	29	35	0	0	0	0	0	0	39	38	38	37	25	35
39	39	0	0	1	76	4	25	26	27	35	0	0	0	0	36	32	39	35
39	39	0	0	1	77	5	25	26	27	30	31	0	0	0	0	0	37	21	21	38	39
39	39	0	0	1	78	5	25	26	27	28	29	0	0	0	0	0	34	36	39	30	37
39	39	0	0	1	79	5	25	26	27	28	29	0	0	0	0	0	37	42	41	32	16
39	39	0	0	1	80	5	26	27	28	29	30	0	0	0	0	0	36	36	26	36	36
39	39	0	0	1	81	7	26	27	28	29	30	31	35	0	0	0	0	0	0	0	38	39	36	29	36	32	38
39	39	0	0	1	82	4	26	27	28	29	0	0	0	0	37	36	20	24
39	39	0	0	1	83	2	30	31	0	0	36	39
39	39	0	0	1	84	3	31	32	33	0	0	0	36	36	35
39	39	0	0	1	85	3	32	33	36	0	0	0	36	27	37
39	39	0	0	1	86	3	32	33	36	0	0	0	40	30	36
39	39	0	0	1	87	2	32	33	0	0	36	38
39	39	0	0	1	88	3	32	33	34	0	0	0	35	33	26
39	39	0	0	1	89	3	32	33	34	0	0	0	37	37	34
39	39	0	0	1	90	3	32	33	34	0	0	0	37	38	36
39	39	0	0	1	91	3	32	33	34	0	0	0	37	42	37
39	39	0	0	1	92	4	32	33	34	36	0	0	0	0	35	35	41	39
39	39	0	0	1	93	2	33	34	0	0	35	27
39	39	0	0	1	94	1	34	0	26
39	39	0	0	1	95	2	35	37	0	1	36	35
39	39	0	0	1	96	2	35	36	0	0	37	34
39	39	0	0	1	97	2	35	36	0	0	36	39
39	39	0	0	1	98	3	35	37	38	0	1	0	34	28	38
39	39	0	0	1	99	1	37	1	27
39	39	0	0	1	100	1	37	1	39
39	39	0	0	1	101	1	37	1	40
39	39	0	0	1	102	1	37	1	39
39	39	0	0	1	103	1	37	1	37
39	39	0	0	1	104	1	37	1	34
39	39	0	0	1	105	2	37	38	1	0	38	40
39	39	0	0	1	106	2	38	42	0	0	39	39
39	39	0	0	1	107	2	38	42	0	0	41	33
39	39	0	0	1	108	8	39	40	41	44	45	46	47	48	1	0	0	0	1	0	0	0	33	34	30	11	34	29	19	34
39	39	0	0	1	109	8	39	40	41	44	45	46	47	48	1	0	0	0	1	0	0	0	34	35	37	36	38	39	31	39
39	39	0	0	1	110	3	41	43	44	0	0	0	37	39	38
39	39	0	0	1	111	3	42	43	50	0	0	0	40	31	38
39	39	0	0	1	112	2	42	43	0	0	45	23
39	39	0	0	1	113	2	42	43	0	0	35	38
39	39	0	0	1	114	2	42	43	0	0	32	41
39	39	0	0	1	115	4	42	43	51	52	0	0	0	0	33	40	31	35
39	39	0	0	1	116	4	43	44	51	52	0	0	0	0	37	31	34	37
39	39	0	0	1	117	4	43	44	51	52	0	0	0	0	31	30	2	37
39	39	0	0	1	118	4	44	45	46	52	0	1	0	0	39	39	37	36
39	39	0	0	1	119	6	45	46	47	48	52	53	1	0	0	0	0	0	36	37	31	30	39	37
39	39	0	0	1	120	5	45	46	47	48	53	1	0	0	0	0	37	39	40	31	35
39	39	0	0	1	121	4	46	47	48	53	0	0	0	0	34	38	29	36
39	39	0	0	1	122	2	49	54	0	0	36	34
39	39	0	0	1	123	1	49	0	30
39	39	0	0	1	124	2	49	50	0	0	27	19
39	39	0	0	1	125	2	49	50	0	0	34	32
39	39	0	0	1	126	3	51	52	53	0	0	0	39	23	36
39	39	0	0	1	127	4	52	57	58	59	0	0	0	0	31	39	37	34
39	39	0	0	1	128	6	52	55	56	57	58	59	0	1	0	0	0	0	21	33	36	36	34	29
39	39	0	0	1	129	4	52	53	53	54	0	0	0	0	29	34	33	37
39	39	0	0	1	130	5	52	53	57	58	59	0	0	0	0	0	28	25	38	34	39
39	39	0	0	1	131	5	53	57	58	59	60	0	0	0	0	0	39	39	26	38	37
39	39	0	0	1	132	4	53	57	58	59	0	0	0	0	40	40	40	39
39	39	0	0	1	133	3	53	54	60	0	0	0	36	38	39
39	39	0	0	1	134	3	54	63	64	0	0	0	39	39	32
39	39	0	0	1	135	1	54	0	34
39	39	0	0	1	136	3	54	61	62	0	0	0	32	31	27
39	39	0	0	1	137	5	55	56	57	58	59	0	0	0	0	0	32	41	40	41	40
39	39	0	0	1	138	5	57	58	59	60	63	0	0	0	0	0	38	40	40	37	38
39	39	0	0	1	139	4	57	58	59	60	0	0	0	0	28	28	33	27
39	39	0	0	1	140	3	58	59	60	0	0	0	41	38	36
39	39	0	0	1	141	3	60	63	64	0	0	0	30	33	33
39	39	0	0	1	142	4	61	65	66	67	0	0	0	0	39	37	39	37
39	39	0	0	1	143	1	61	0	41
39	39	0	0	1	144	5	61	62	65	66	67	0	0	0	0	0	38	35	31	33	36
39	39	0	0	1	145	5	61	62	65	66	67	0	0	0	0	0	39	10	37	37	37
39	39	0	0	1	146	5	61	62	65	66	67	0	0	0	0	0	21	37	24	34	25
39	39	0	0	1	147	2	61	62	0	0	38	35
39	39	0	0	1	148	1	63	0	32
39	39	0	0	1	149	1	63	0	37
39	39	0	0	1	150	1	63	0	39
39	39	0	0	1	151	2	63	64	0	0	40	40
39	39	0	0	1	152	2	63	64	0	0	37	40
39	39	0	0	1	153	1	64	0	31
39	39	0	0	1	154	1	64	0	37
39	39	0	0	1	155	3	65	66	67	0	0	0	36	41	26
39	39	0	0	1	156	3	65	66	67	0	0	0	39	42	42
39	39	0	0	1	157	3	65	66	67	0	0	0	21	27	26
39	39	0	0	1	158	3	65	66	67	0	0	0	41	41	40
39	39	0	0	1	159	3	65	66	67	0	0	0	37	36	41
39	39	0	0	1	160	2	68	69	0	0	39	37
39	39	0	0	1	161	6	68	69	70	75	76	77	0	0	0	0	0	0	38	31	35	38	38	41
39	39	0	0	1	162	5	68	69	70	73	74	0	0	0	0	0	39	41	39	37	37
39	39	0	0	1	163	4	68	69	70	72	0	0	0	0	39	39	40	32
39	39	0	0	1	164	5	68	69	70	73	74	0	0	0	0	0	38	38	41	32	39
39	39	0	0	1	165	3	68	69	70	0	0	0	35	31	40
39	39	0	0	1	166	5	69	70	71	75	76	0	0	0	0	0	36	37	41	39	27
39	39	0	0	1	167	2	71	72	0	0	20	36
39	39	0	0	1	168	1	72	0	35
39	39	0	0	1	169	2	72	78	0	0	24	10
39	39	0	0	1	170	4	72	76	77	78	0	0	0	0	30	31	37	39
39	39	0	0	1	171	1	72	0	20
39	39	0	0	1	172	1	73	0	38
39	39	0	0	1	173	2	73	74	0	0	34	32
39	39	0	0	1	174	3	73	80	82	0	1	0	31	36	36
39	39	0	0	1	175	4	73	74	81	82	0	0	0	0	27	34	17	27
39	39	0	0	1	176	2	73	74	0	0	34	42
39	39	0	0	1	177	4	73	74	81	82	0	0	0	0	29	38	37	34
39	39	0	0	1	178	3	74	75	83	0	0	0	35	40	39
39	39	0	0	1	179	3	74	75	75	0	0	0	39	35	39
39	39	0	0	1	180	6	75	76	77	78	84	85	0	0	0	0	0	0	35	29	32	34	38	37
39	39	0	0	1	181	6	76	77	78	83	84	85	0	0	0	0	0	0	40	40	40	32	38	39
39	39	0	0	1	182	6	76	77	78	79	84	85	0	0	0	0	0	0	37	37	39	36	36	40
39	39	0	0	1	183	3	78	79	80	0	0	1	43	38	27
39	39	0	0	1	184	4	79	80	86	87	0	1	0	0	37	37	37	35
39	39	0	0	1	185	4	79	80	86	87	0	1	0	0	37	36	37	36
39	39	0	0	1	186	8	79	80	81	82	86	87	88	89	0	1	0	0	0	0	0	0	35	38	36	33	40	38	35	37
39	39	0	0	1	187	6	80	81	82	86	87	88	1	0	0	0	0	0	36	34	30	40	40	37
39	39	0	0	1	188	7	80	81	82	86	87	88	89	1	0	0	0	0	0	0	36	26	35	38	36	36	41
39	39	0	0	1	189	3	80	81	82	1	0	0	32	34	35
39	39	0	0	1	190	2	81	82	0	0	39	44
39	39	0	0	1	191	4	81	82	90	91	0	0	0	0	33	35	27	34
39	39	0	0	1	192	6	81	82	83	90	91	92	0	0	0	0	0	0	35	39	36	31	35	36
39	39	0	0	1	193	5	83	84	85	93	94	0	0	0	0	0	37	39	34	40	35
39	39	0	0	1	194	2	83	100	0	0	26	36
39	39	0	0	1	195	4	84	85	94	95	0	0	0	0	34	37	39	41
39	39	0	0	1	196	2	84	85	0	0	34	36
39	39	0	0	1	197	2	86	87	0	0	15	27
39	39	0	0	1	198	9	86	87	88	89	96	97	98	99	100	0	0	0	0	0	0	0	0	1	39	41	38	35	40	42	38	39	37
39	39	0	0	1	199	10	86	87	88	89	90	96	97	98	99	100	0	0	0	0	0	0	0	0	0	0	39	37	37	37	28	39	40	38	39	38
39	39	0	0	1	200	5	88	89	90	91	92	0	0	0	0	0	37	37	38	38	25
39	39	0	0	1	201	9	88	89	90	91	92	97	98	99	100	0	0	0	0	0	0	0	0	1	27	34	38	41	35	37	36	43	38
39	39	0	0	1	202	8	90	91	92	93	97	98	99	100	0	0	0	0	0	0	0	0	36	41	38	25	37	36	40	40
39	39	0	0	1	203	3	91	92	93	0	0	0	28	36	33
39	39	0	0	1	204	5	91	92	93	94	95	0	0	0	0	0	31	36	41	38	19
39	39	0	0	1	205	2	94	95	0	0	37	39
39	39	0	0	1	206	2	94	95	0	0	41	43
39	39	0	0	1	207	2	94	95	0	0	30	41
39	39	0	0	1	208	4	96	97	98	99	0	0	0	0	40	39	39	33
39	39	0	0	1	209	5	96	97	98	99	100	0	0	0	0	0	41	39	37	32	38
39	39	0	0	1	210	5	96	97	98	99	100	0	0	0	0	1	39	40	36	39	36
39	39	0	0	1	211	9	96	97	97	98	98	99	99	100	100	0	0	0	0	0	0	0	0	0	41	41	40	40	35	37	39	38	39
39	39	0	0	1	212	5	96	97	98	99	100	0	0	0	0	0	41	29	40	33	37
39	39	0	0	1	213	2	99	100	0	1	33	33
