97	97	0	0	1	1	2	2	0	0	0
97	97	0	0	1	10	11	4	0	0	0
97	97	0	0	1	11	12	3	0	0	0
97	97	0	0	1	12	13	1	0	0	0
97	97	0	0	1	13	14	2	0	0	0
97	97	0	0	1	16	17	0	0	4	0
97	97	0	0	1	17	18	3	0	0	0
97	97	0	0	1	18	19	5	0	0	0
97	97	0	0	1	20	21	2	0	0	0
97	97	0	0	1	22	23	2	0	0	0
97	97	0	0	1	23	24	4	0	0	0
97	97	0	0	1	28	29	2	0	0	0
97	97	0	0	1	29	30	1	0	0	0
97	97	0	0	1	32	33	4	0	0	0
97	97	0	0	1	33	34	1	0	0	0
97	97	0	0	1	34	35	1	0	0	0
97	97	0	0	1	35	36	2	0	0	0
97	97	0	0	1	39	40	0	0	5	0
97	97	0	0	1	42	43	1	0	0	0
97	97	0	0	1	45	46	0	0	1	0
97	97	0	0	1	47	48	3	0	0	0
97	97	0	0	1	55	56	4	0	0	0
97	97	0	0	1	56	57	2	0	0	0
97	97	0	0	1	58	59	4	0	0	0
97	97	0	0	1	61	62	1	0	0	0
97	97	0	0	1	62	63	1	0	0	0
97	97	0	0	1	63	64	3	0	0	0
97	97	0	0	1	66	67	3	0	0	0
97	97	0	0	1	72	73	1	0	0	0
97	97	0	0	1	73	74	3	0	0	0
97	97	0	0	1	76	77	4	0	0	0
97	97	0	0	1	77	78	2	0	0	0
97	97	0	0	1	80	81	0	0	1	0
97	97	0	0	1	81	82	2	0	0	0
