64	64	0	0	1	1	4	1	2	3	4	0	0	0	0	44	39	39	38
64	64	0	0	1	2	2	1	2	0	0	31	32
64	64	0	0	1	3	4	1	2	3	4	0	0	0	0	41	41	40	42
64	64	0	0	1	4	2	1	2	0	0	33	37
64	64	0	0	1	5	2	1	2	0	0	31	25
64	64	0	0	1	6	4	1	2	3	4	0	0	0	0	39	39	40	43
64	64	0	0	1	7	3	3	4	7	0	0	0	37	36	32
64	64	0	0	1	8	2	3	4	0	0	35	38
64	64	0	0	1	9	1	4	0	37
64	64	0	0	1	10	2	5	6	0	0	41	39
64	64	0	0	1	11	4	5	6	7	8	0	0	0	1	30	35	33	17
64	64	0	0	1	12	3	5	6	7	0	0	0	35	40	39
64	64	0	0	1	13	2	7	8	0	1	42	42
64	64	0	0	1	14	4	9	11	12	13	0	0	0	0	41	40	31	41
64	64	0	0	1	15	2	10	13	0	0	29	25
64	64	0	0	1	16	2	10	11	0	0	33	29
64	64	0	0	1	17	2	10	11	0	0	34	35
64	64	0	0	1	18	4	10	10	11	11	0	0	0	0	33	31	33	28
64	64	0	0	1	19	5	10	11	12	13	15	0	0	0	0	0	40	40	42	40	39
64	64	0	0	1	20	3	11	12	13	0	0	0	36	38	42
64	64	0	0	1	21	2	12	13	0	0	31	31
64	64	0	0	1	22	1	13	0	33
64	64	0	0	1	23	1	13	0	31
64	64	0	0	1	24	1	14	0	33
64	64	0	0	1	25	1	14	0	35
64	64	0	0	1	26	1	14	0	35
64	64	0	0	1	27	1	15	0	31
64	64	0	0	1	28	1	15	0	34
64	64	0	0	1	29	2	16	20	1	0	34	14
64	64	0	0	1	30	2	16	19	1	0	35	26
64	64	0	0	1	31	2	16	20	1	0	31	36
64	64	0	0	1	32	2	16	20	1	0	19	35
64	64	0	0	1	33	1	17	0	41
64	64	0	0	1	34	1	17	0	33
64	64	0	0	1	35	1	17	0	31
64	64	0	0	1	36	1	17	0	24
64	64	0	0	1	37	5	17	18	19	22	23	0	0	0	0	0	41	32	41	37	32
64	64	0	0	1	38	3	17	18	20	0	0	0	30	13	33
64	64	0	0	1	39	3	18	19	19	0	0	0	26	34	30
64	64	0	0	1	40	1	19	0	42
64	64	0	0	1	41	1	19	0	29
64	64	0	0	1	42	1	19	0	35
64	64	0	0	1	43	2	20	21	0	0	40	41
64	64	0	0	1	44	1	20	0	43
64	64	0	0	1	45	2	20	25	0	0	42	25
64	64	0	0	1	46	2	20	21	0	0	33	31
64	64	0	0	1	47	5	20	21	22	23	24	0	0	0	0	0	31	27	32	31	31
64	64	0	0	1	48	4	20	20	21	21	0	0	0	0	35	34	31	30
64	64	0	0	1	49	1	21	0	33
64	64	0	0	1	50	1	21	0	32
64	64	0	0	1	51	8	22	23	24	26	27	28	29	30	0	0	0	0	0	0	0	0	42	39	36	39	41	31	39	42
64	64	0	0	1	52	2	22	23	0	0	32	32
64	64	0	0	1	53	2	22	23	0	0	26	28
64	64	0	0	1	54	3	22	23	24	0	0	0	20	30	31
64	64	0	0	1	55	1	24	0	35
64	64	0	0	1	56	2	25	35	0	0	36	39
64	64	0	0	1	57	1	25	0	32
64	64	0	0	1	58	5	25	26	27	28	29	0	0	0	0	0	35	41	41	31	39
64	64	0	0	1	59	6	25	26	27	28	29	35	0	0	0	0	0	0	40	42	42	40	30	38
64	64	0	0	1	60	3	26	30	31	0	0	0	13	15	28
64	64	0	0	1	61	6	26	26	27	27	28	29	0	0	0	0	0	0	32	12	18	23	22	29
64	64	0	0	1	62	4	27	28	29	30	0	0	0	0	32	33	26	33
64	64	0	0	1	63	2	30	31	0	0	35	28
64	64	0	0	1	64	2	30	31	0	0	2	28
64	64	0	0	1	65	3	32	33	34	0	0	0	35	22	32
64	64	0	0	1	66	2	32	33	0	0	36	35
64	64	0	0	1	67	2	32	33	0	0	34	37
64	64	0	0	1	68	1	34	0	39
64	64	0	0	1	69	2	34	36	0	0	34	34
64	64	0	0	1	70	2	34	34	0	0	33	19
64	64	0	0	1	71	2	35	38	0	0	41	39
64	64	0	0	1	72	3	35	37	38	0	1	0	41	40	38
64	64	0	0	1	73	1	35	0	31
64	64	0	0	1	74	2	36	36	0	0	14	28
64	64	0	0	1	75	2	36	36	0	0	24	26
64	64	0	0	1	76	4	36	39	40	41	0	1	0	0	28	35	31	42
64	64	0	0	1	77	1	37	1	39
64	64	0	0	1	78	1	37	1	38
64	64	0	0	1	79	1	37	1	19
64	64	0	0	1	80	2	37	38	1	0	35	33
64	64	0	0	1	81	1	37	1	41
64	64	0	0	1	82	1	38	0	31
64	64	0	0	1	83	2	38	38	0	0	18	30
64	64	0	0	1	84	2	38	41	0	0	33	32
64	64	0	0	1	85	1	38	0	27
64	64	0	0	1	86	1	38	0	36
64	64	0	0	1	87	7	39	40	41	45	46	47	48	1	0	0	1	0	0	0	40	40	40	25	36	31	42
64	64	0	0	1	88	1	41	0	33
64	64	0	0	1	89	1	42	0	32
64	64	0	0	1	90	1	42	0	4
64	64	0	0	1	91	2	42	43	0	0	34	38
64	64	0	0	1	92	1	44	0	34
64	64	0	0	1	93	4	45	46	47	48	1	0	0	0	33	33	26	32
64	64	0	0	1	94	3	50	55	56	0	0	0	2	41	38
64	64	0	0	1	95	2	50	54	0	0	34	29
64	64	0	0	1	96	1	50	0	32
64	64	0	0	1	97	1	52	0	30
64	64	0	0	1	98	3	53	54	60	0	0	0	42	37	40
64	64	0	0	1	99	1	55	0	35
64	64	0	0	1	100	4	55	56	57	58	0	0	0	0	39	41	41	15
64	64	0	0	1	101	2	55	56	0	0	36	28
64	64	0	0	1	102	2	57	59	0	0	20	29
64	64	0	0	1	103	4	58	59	63	64	0	0	0	0	18	26	35	24
64	64	0	0	1	104	2	59	60	0	0	27	30
64	64	0	0	1	105	1	60	0	27
64	64	0	0	1	106	2	60	60	0	0	35	5
64	64	0	0	1	107	1	60	0	33
64	64	0	0	1	108	1	60	0	31
64	64	0	0	1	109	2	61	62	0	0	27	34
64	64	0	0	1	110	1	61	0	31
64	64	0	0	1	111	1	63	0	21
64	64	0	0	1	112	2	63	64	0	0	40	42
64	64	0	0	1	113	1	64	0	33
64	64	0	0	1	114	2	64	67	0	0	19	29
64	64	0	0	1	115	0
64	64	0	0	1	116	2	65	66	0	0	15	20
64	64	0	0	1	117	3	65	66	67	0	0	0	35	36	21
64	64	0	0	1	118	3	65	66	67	0	0	0	34	28	21
64	64	0	0	1	119	3	65	66	67	0	0	0	19	27	29
64	64	0	0	1	120	3	65	66	67	0	0	0	31	28	27
64	64	0	0	1	121	1	67	0	21
64	64	0	0	1	122	3	68	69	72	0	0	0	29	18	26
64	64	0	0	1	123	3	68	69	70	0	0	0	27	6	12
64	64	0	0	1	124	7	69	70	71	76	77	78	79	0	0	0	0	0	0	0	34	38	32	37	36	42	36
64	64	0	0	1	125	1	71	0	32
64	64	0	0	1	126	2	71	72	0	0	34	32
64	64	0	0	1	127	1	71	0	36
64	64	0	0	1	128	2	72	75	0	0	27	32
64	64	0	0	1	129	1	72	0	28
64	64	0	0	1	130	3	72	81	82	0	0	0	28	36	42
64	64	0	0	1	131	1	73	0	25
64	64	0	0	1	132	5	73	74	81	82	83	0	0	0	0	0	32	41	36	36	40
64	64	0	0	1	133	2	73	79	0	0	23	30
64	64	0	0	1	134	2	73	75	0	0	6	30
64	64	0	0	1	135	2	73	73	0	0	23	33
64	64	0	0	1	136	5	73	74	83	84	85	0	0	0	0	0	31	42	38	41	41
64	64	0	0	1	137	2	74	78	0	0	30	29
64	64	0	0	1	138	1	75	0	31
64	64	0	0	1	139	3	75	84	85	0	0	0	39	34	41
64	64	0	0	1	140	1	75	0	23
64	64	0	0	1	141	2	75	79	0	0	33	34
64	64	0	0	1	142	4	75	76	77	78	0	0	0	0	31	11	20	33
64	64	0	0	1	143	4	76	76	77	78	0	0	0	0	27	27	24	30
64	64	0	0	1	144	2	76	77	0	0	26	31
64	64	0	0	1	145	5	76	76	77	77	78	0	0	0	0	0	31	31	29	15	30
64	64	0	0	1	146	3	80	81	82	1	0	0	25	20	20
64	64	0	0	1	147	1	82	0	34
64	64	0	0	1	148	1	80	1	34
64	64	0	0	1	149	2	80	80	1	1	29	22
64	64	0	0	1	150	6	81	82	90	91	92	93	0	0	0	0	0	0	40	41	37	39	44	36
64	64	0	0	1	151	1	82	0	35
64	64	0	0	1	152	3	83	84	85	0	0	0	34	32	36
64	64	0	0	1	153	5	83	84	85	94	95	0	0	0	0	0	40	37	35	40	40
64	64	0	0	1	154	5	83	84	85	94	95	0	0	0	0	0	39	39	41	41	41
64	64	0	0	1	155	5	83	84	85	94	95	0	0	0	0	0	39	35	41	41	41
64	64	0	0	1	156	4	84	84	85	85	0	0	0	0	30	17	24	37
64	64	0	0	1	157	4	84	85	94	95	0	0	0	0	37	41	41	41
64	64	0	0	1	158	5	84	85	86	87	88	0	0	0	0	0	6	34	34	8	23
64	64	0	0	1	159	2	89	90	0	0	28	36
64	64	0	0	1	160	4	90	91	92	93	0	0	0	0	34	26	36	34
64	64	0	0	1	161	4	91	92	93	93	0	0	0	0	32	36	26	28
64	64	0	0	1	162	2	94	95	0	0	36	29
64	64	0	0	1	163	2	94	95	0	0	40	39
64	64	0	0	1	164	2	95	96	0	0	31	29
64	64	0	0	1	165	1	96	0	39
64	64	0	0	1	166	2	99	100	0	0	32	34
