73	73	0	0	1	1	2	1	2	0	0	41	29
73	73	0	0	1	2	4	1	2	3	4	0	0	0	0	36	36	37	39
73	73	0	0	1	3	4	1	2	3	4	0	0	0	0	39	41	36	39
73	73	0	0	1	4	4	1	2	3	4	0	0	0	0	41	33	34	40
73	73	0	0	1	5	4	3	4	5	6	0	0	0	0	39	40	36	35
73	73	0	0	1	6	4	3	4	5	6	0	0	0	0	31	36	35	36
73	73	0	0	1	7	2	7	8	0	0	38	31
73	73	0	0	1	8	4	9	10	11	12	0	0	0	0	38	39	39	37
73	73	0	0	1	9	1	9	0	39
73	73	0	0	1	10	5	9	10	11	12	13	0	0	0	0	0	38	40	38	38	35
73	73	0	0	1	11	3	10	11	12	0	0	0	37	37	25
73	73	0	0	1	12	4	10	11	12	13	0	0	0	0	40	39	39	37
73	73	0	0	1	13	3	11	12	13	0	0	0	33	41	39
73	73	0	0	1	14	3	12	13	15	0	0	0	38	39	38
73	73	0	0	1	15	1	13	0	35
73	73	0	0	1	16	1	14	0	40
73	73	0	0	1	17	2	14	16	0	0	35	31
73	73	0	0	1	18	3	15	16	20	0	1	0	38	32	37
73	73	0	0	1	19	4	15	16	20	21	0	1	0	0	38	32	30	37
73	73	0	0	1	20	3	15	16	20	0	1	0	39	37	37
73	73	0	0	1	21	4	15	16	20	21	0	0	0	0	37	38	36	41
73	73	0	0	1	22	3	16	20	21	1	0	0	37	38	42
73	73	0	0	1	23	1	16	1	27
73	73	0	0	1	24	2	16	21	1	0	36	40
73	73	0	0	1	25	1	17	0	26
73	73	0	0	1	26	1	17	0	20
73	73	0	0	1	27	1	17	0	39
73	73	0	0	1	28	3	17	18	19	0	0	0	33	36	39
73	73	0	0	1	29	6	17	18	19	22	23	24	0	0	0	0	0	0	30	18	20	34	37	34
73	73	0	0	1	30	4	17	18	19	22	0	0	0	0	37	26	28	36
73	73	0	0	1	31	3	17	18	19	0	0	0	37	24	36
73	73	0	0	1	32	4	17	18	19	20	0	0	0	0	33	28	33	33
73	73	0	0	1	33	2	18	19	0	0	32	40
73	73	0	0	1	34	1	20	0	38
73	73	0	0	1	35	1	20	0	35
73	73	0	0	1	36	2	20	21	0	0	37	20
73	73	0	0	1	37	2	20	21	0	0	41	27
73	73	0	0	1	38	1	21	0	32
73	73	0	0	1	39	2	22	23	0	0	35	36
73	73	0	0	1	40	5	22	23	24	30	31	0	0	0	0	1	40	35	40	36	22
73	73	0	0	1	41	6	22	22	23	23	24	24	0	0	0	0	0	0	40	30	40	37	39	38
73	73	0	0	1	42	1	25	0	35
73	73	0	0	1	43	3	25	26	35	0	0	0	40	32	37
73	73	0	0	1	44	6	26	27	28	29	30	36	0	0	0	0	0	0	39	39	39	32	36	38
73	73	0	0	1	45	6	26	27	28	29	30	31	0	0	0	0	0	1	11	10	29	26	32	29
73	73	0	0	1	46	3	32	33	36	0	0	0	38	38	27
73	73	0	0	1	47	2	33	34	0	0	31	33
73	73	0	0	1	48	2	35	37	0	1	31	36
73	73	0	0	1	49	4	36	39	40	41	0	1	0	0	26	37	33	37
73	73	0	0	1	50	3	36	38	39	0	0	1	25	25	37
73	73	0	0	1	51	1	36	0	38
73	73	0	0	1	52	1	37	1	41
73	73	0	0	1	53	3	37	42	43	1	0	0	39	39	39
73	73	0	0	1	54	1	37	1	37
73	73	0	0	1	55	3	37	42	43	1	0	0	34	32	38
73	73	0	0	1	56	3	37	42	43	1	0	0	38	40	39
73	73	0	0	1	57	4	37	39	40	41	1	1	0	0	39	33	35	41
73	73	0	0	1	58	4	39	40	42	43	1	0	0	0	31	31	35	41
73	73	0	0	1	59	2	39	40	1	0	29	31
73	73	0	0	1	60	3	39	40	41	1	0	0	34	35	26
73	73	0	0	1	61	1	41	0	23
73	73	0	0	1	62	4	42	43	51	52	0	0	0	0	39	17	40	38
73	73	0	0	1	63	4	44	45	46	53	0	1	0	0	41	40	23	37
73	73	0	0	1	64	7	51	52	55	56	57	58	59	0	0	0	0	0	0	0	39	31	39	36	37	36	24
73	73	0	0	1	65	6	51	52	55	56	57	58	0	0	0	0	0	0	37	29	36	37	38	36
73	73	0	0	1	66	4	52	58	59	60	0	0	0	0	31	31	38	38
73	73	0	0	1	67	6	52	55	56	57	58	59	0	0	0	0	0	0	31	33	32	39	35	37
73	73	0	0	1	68	5	52	57	58	59	60	0	0	0	0	0	32	37	31	38	36
73	73	0	0	1	69	4	53	57	58	59	0	0	0	0	36	42	39	39
73	73	0	0	1	70	3	53	54	60	0	0	0	40	32	38
73	73	0	0	1	71	2	54	61	0	0	39	31
73	73	0	0	1	72	7	55	56	57	58	59	61	62	0	0	0	0	0	0	0	38	38	39	37	34	39	37
73	73	0	0	1	73	7	55	56	57	58	59	63	64	0	0	0	0	0	0	0	30	37	40	23	29	40	36
73	73	0	0	1	74	6	57	58	59	60	63	64	0	0	0	0	0	0	37	38	39	28	40	38
73	73	0	0	1	75	1	60	0	23
73	73	0	0	1	76	5	61	62	65	66	67	0	0	0	0	0	19	29	36	33	35
73	73	0	0	1	77	2	63	64	0	0	40	39
73	73	0	0	1	78	5	65	66	68	69	70	0	0	0	0	0	35	33	41	38	40
73	73	0	0	1	79	7	65	66	67	68	69	70	71	0	0	0	0	0	0	1	34	37	27	35	37	39	40
73	73	0	0	1	80	7	65	66	67	68	69	70	71	0	0	0	0	0	0	1	37	33	31	41	40	41	39
73	73	0	0	1	81	5	68	69	70	74	75	0	0	0	0	0	40	40	40	36	34
73	73	0	0	1	82	6	68	69	70	71	71	72	0	0	0	0	0	0	39	38	40	37	38	36
73	73	0	0	1	83	5	71	72	78	79	80	0	0	0	0	1	35	29	31	35	37
73	73	0	0	1	84	1	72	0	30
73	73	0	0	1	85	3	73	73	74	0	0	0	25	31	34
73	73	0	0	1	86	4	73	74	81	82	0	0	0	0	31	35	35	33
73	73	0	0	1	87	4	73	74	82	83	0	0	0	0	31	40	35	37
73	73	0	0	1	88	3	73	74	83	0	0	0	31	41	37
73	73	0	0	1	89	5	73	74	75	82	83	0	0	0	0	0	24	39	28	33	36
73	73	0	0	1	90	5	73	74	75	83	84	0	0	0	0	0	24	32	33	31	27
73	73	0	0	1	91	4	75	83	84	85	0	0	0	0	40	40	37	41
73	73	0	0	1	92	5	77	78	79	86	87	0	0	0	0	0	30	38	21	38	33
73	73	0	0	1	93	3	80	81	82	1	0	0	36	33	37
73	73	0	0	1	94	4	84	85	94	95	0	0	0	0	37	39	38	40
73	73	0	0	1	95	3	84	85	96	0	0	0	38	39	36
73	73	0	0	1	96	2	94	95	0	0	38	37
73	73	0	0	1	97	2	94	95	0	0	37	38
