76	76	0	0	1	1	3	1	5	6	0	0	0	32	44	43
76	76	0	0	1	2	2	1	2	0	0	38	37
76	76	0	0	1	3	2	1	2	0	0	39	38
76	76	0	0	1	4	6	1	2	3	4	6	7	0	0	0	0	0	0	44	35	45	45	40	44
76	76	0	0	1	5	4	1	2	7	8	0	0	0	0	36	37	31	20
76	76	0	0	1	6	4	3	4	7	8	0	0	0	0	34	45	44	36
76	76	0	0	1	7	1	3	0	28
76	76	0	0	1	8	2	3	4	0	0	33	31
76	76	0	0	1	9	2	3	4	0	0	26	33
76	76	0	0	1	10	2	3	4	0	0	29	28
76	76	0	0	1	11	1	4	0	32
76	76	0	0	1	12	1	5	0	32
76	76	0	0	1	13	1	5	0	31
76	76	0	0	1	14	2	5	6	0	0	30	34
76	76	0	0	1	15	2	5	6	0	0	31	36
76	76	0	0	1	16	1	6	0	35
76	76	0	0	1	17	1	6	0	35
76	76	0	0	1	18	1	6	0	31
76	76	0	0	1	19	2	7	8	0	0	34	1
76	76	0	0	1	20	2	7	8	0	0	35	18
76	76	0	0	1	21	2	8	9	0	0	34	39
76	76	0	0	1	22	1	9	0	34
76	76	0	0	1	23	1	9	0	41
76	76	0	0	1	24	1	9	0	16
76	76	0	0	1	25	2	10	11	0	0	34	30
76	76	0	0	1	26	2	10	11	0	0	32	29
76	76	0	0	1	27	2	10	11	0	0	35	37
76	76	0	0	1	28	2	10	11	0	0	33	34
76	76	0	0	1	29	2	10	11	0	0	33	33
76	76	0	0	1	30	2	10	11	0	0	28	27
76	76	0	0	1	31	5	10	11	12	13	14	0	0	0	0	0	42	44	46	45	45
76	76	0	0	1	32	2	11	12	0	0	1	32
76	76	0	0	1	33	3	11	12	13	0	0	0	30	35	46
76	76	0	0	1	34	2	11	12	0	0	30	28
76	76	0	0	1	35	1	12	0	32
76	76	0	0	1	36	2	12	13	0	0	36	30
76	76	0	0	1	37	2	12	13	0	0	35	32
76	76	0	0	1	38	2	12	13	0	0	28	31
76	76	0	0	1	39	2	12	13	0	0	28	32
76	76	0	0	1	40	2	12	13	0	0	31	23
76	76	0	0	1	41	2	12	13	0	0	27	30
76	76	0	0	1	42	1	13	0	32
76	76	0	0	1	43	1	13	0	27
76	76	0	0	1	44	1	14	0	39
76	76	0	0	1	45	1	14	0	38
76	76	0	0	1	46	1	14	0	38
76	76	0	0	1	47	1	14	0	43
76	76	0	0	1	48	1	15	0	42
76	76	0	0	1	49	3	15	18	19	0	0	0	44	40	45
76	76	0	0	1	50	3	15	18	19	0	0	0	20	4	39
76	76	0	0	1	51	1	15	0	33
76	76	0	0	1	52	1	15	0	36
76	76	0	0	1	53	2	15	16	0	0	43	36
76	76	0	0	1	54	1	15	0	36
76	76	0	0	1	55	1	15	0	31
76	76	0	0	1	56	1	15	0	32
76	76	0	0	1	57	1	15	0	26
76	76	0	0	1	58	1	16	0	37
76	76	0	0	1	59	3	16	18	19	0	0	0	32	4	35
76	76	0	0	1	60	1	16	0	30
76	76	0	0	1	61	1	16	0	27
76	76	0	0	1	62	3	16	18	19	0	0	0	37	30	45
76	76	0	0	1	63	1	16	0	25
76	76	0	0	1	64	3	17	20	21	0	0	0	35	44	44
76	76	0	0	1	65	1	17	0	2
76	76	0	0	1	66	1	17	0	37
76	76	0	0	1	67	1	17	0	11
76	76	0	0	1	68	2	17	18	0	0	29	19
76	76	0	0	1	69	1	18	0	25
76	76	0	0	1	70	1	19	0	43
76	76	0	0	1	71	1	20	0	23
76	76	0	0	1	72	1	21	0	29
76	76	0	0	1	73	3	21	23	24	0	0	0	39	25	39
76	76	0	0	1	74	1	21	0	34
76	76	0	0	1	75	1	22	0	32
76	76	0	0	1	76	2	22	23	0	0	29	26
76	76	0	0	1	77	2	22	23	0	0	33	33
76	76	0	0	1	78	2	22	23	0	0	31	29
76	76	0	0	1	79	3	22	23	24	0	0	0	29	31	33
76	76	0	0	1	80	4	22	23	24	25	0	0	0	0	32	34	38	36
76	76	0	0	1	81	3	22	23	24	0	0	0	29	30	33
76	76	0	0	1	82	1	24	0	35
76	76	0	0	1	83	1	24	0	33
76	76	0	0	1	84	3	25	32	33	0	1	0	33	39	41
76	76	0	0	1	85	1	25	0	31
76	76	0	0	1	86	1	25	0	35
76	76	0	0	1	87	2	25	32	0	1	28	16
76	76	0	0	1	88	2	26	34	0	0	25	34
76	76	0	0	1	89	1	26	0	20
76	76	0	0	1	90	4	26	27	32	33	0	0	1	0	26	26	36	31
76	76	0	0	1	91	4	26	27	28	29	0	0	0	0	33	22	20	24
76	76	0	0	1	92	4	26	27	28	29	0	0	0	0	28	26	25	31
76	76	0	0	1	93	3	27	28	29	0	0	0	28	32	24
76	76	0	0	1	94	3	27	28	29	0	0	0	4	14	2
76	76	0	0	1	95	5	28	29	30	31	34	0	0	0	1	0	38	30	38	32	32
76	76	0	0	1	96	1	30	0	31
76	76	0	0	1	97	1	30	0	25
76	76	0	0	1	98	1	30	0	40
76	76	0	0	1	99	2	30	34	0	0	41	33
76	76	0	0	1	100	1	30	0	26
76	76	0	0	1	101	1	30	0	23
76	76	0	0	1	102	1	31	1	25
76	76	0	0	1	103	1	31	1	23
76	76	0	0	1	104	1	31	1	23
76	76	0	0	1	105	1	31	1	26
76	76	0	0	1	106	1	32	1	32
76	76	0	0	1	107	2	32	33	1	0	31	35
76	76	0	0	1	108	1	33	0	38
76	76	0	0	1	109	1	33	0	33
76	76	0	0	1	110	1	34	0	30
76	76	0	0	1	111	1	34	0	32
76	76	0	0	1	112	1	34	0	33
76	76	0	0	1	113	1	34	0	33
76	76	0	0	1	114	1	34	0	30
76	76	0	0	1	115	2	35	36	0	0	30	37
76	76	0	0	1	116	2	35	36	0	0	1	28
76	76	0	0	1	117	1	35	0	45
76	76	0	0	1	118	1	35	0	34
76	76	0	0	1	119	1	35	0	35
76	76	0	0	1	120	1	35	0	30
76	76	0	0	1	121	2	36	38	0	0	20	26
76	76	0	0	1	122	2	36	37	0	0	26	20
76	76	0	0	1	123	1	36	0	24
76	76	0	0	1	124	1	37	0	32
76	76	0	0	1	125	1	37	0	22
76	76	0	0	1	126	1	38	0	28
76	76	0	0	1	127	1	38	0	29
76	76	0	0	1	128	1	38	0	21
76	76	0	0	1	129	1	38	0	36
76	76	0	0	1	130	1	38	0	35
76	76	0	0	1	131	3	39	40	42	1	0	0	44	45	40
76	76	0	0	1	132	3	39	40	42	1	0	0	44	45	45
76	76	0	0	1	133	1	39	1	30
76	76	0	0	1	134	5	39	40	41	42	43	1	0	0	0	0	39	40	43	45	46
76	76	0	0	1	135	2	39	40	1	0	30	30
76	76	0	0	1	136	2	39	40	1	0	38	20
76	76	0	0	1	137	2	39	40	1	0	30	37
76	76	0	0	1	138	2	40	41	0	0	36	39
76	76	0	0	1	139	1	41	0	31
76	76	0	0	1	140	2	41	43	0	0	30	42
76	76	0	0	1	141	1	41	0	29
76	76	0	0	1	142	1	42	0	32
76	76	0	0	1	143	1	42	0	35
76	76	0	0	1	144	1	43	0	30
76	76	0	0	1	145	1	43	0	35
76	76	0	0	1	146	2	44	45	0	0	44	42
76	76	0	0	1	147	1	44	0	37
76	76	0	0	1	148	1	44	0	34
76	76	0	0	1	149	1	44	0	34
76	76	0	0	1	150	1	44	0	21
76	76	0	0	1	151	1	44	0	34
76	76	0	0	1	152	5	44	45	46	47	48	0	0	0	0	0	32	39	45	30	43
76	76	0	0	1	153	2	44	45	0	0	35	24
76	76	0	0	1	154	3	45	46	50	0	0	0	25	2	34
76	76	0	0	1	155	5	45	46	47	48	50	0	0	0	0	0	25	16	18	14	31
76	76	0	0	1	156	3	47	48	50	0	0	0	33	26	32
76	76	0	0	1	157	2	47	48	0	0	33	25
76	76	0	0	1	158	1	49	0	34
76	76	0	0	1	159	1	49	0	38
76	76	0	0	1	160	3	49	50	53	0	0	0	43	45	44
76	76	0	0	1	161	2	49	53	0	0	33	34
76	76	0	0	1	162	2	49	53	0	0	36	30
76	76	0	0	1	163	2	50	53	0	0	33	36
76	76	0	0	1	164	2	51	54	0	0	37	34
76	76	0	0	1	165	1	51	0	33
76	76	0	0	1	166	1	52	0	25
76	76	0	0	1	167	1	52	0	27
76	76	0	0	1	168	1	52	0	33
76	76	0	0	1	169	1	52	0	20
76	76	0	0	1	170	1	52	0	24
76	76	0	0	1	171	3	53	55	56	0	0	0	45	45	43
76	76	0	0	1	172	4	53	55	56	57	0	0	0	0	41	45	43	41
76	76	0	0	1	173	1	53	0	30
76	76	0	0	1	174	2	53	55	0	0	28	34
76	76	0	0	1	175	3	53	55	56	0	0	0	30	34	35
76	76	0	0	1	176	3	53	55	56	0	0	0	23	35	32
76	76	0	0	1	177	1	54	0	36
76	76	0	0	1	178	5	55	56	57	61	62	0	0	0	0	0	35	45	34	40	40
76	76	0	0	1	179	5	55	56	57	61	62	0	0	0	0	0	43	45	44	45	38
76	76	0	0	1	180	1	55	0	26
76	76	0	0	1	181	2	55	56	0	0	35	36
76	76	0	0	1	182	7	55	56	57	58	59	61	62	0	0	0	0	0	0	0	43	45	40	40	44	45	39
76	76	0	0	1	183	2	55	56	0	0	33	32
76	76	0	0	1	184	2	55	56	0	0	29	34
76	76	0	0	1	185	4	55	56	61	62	0	0	0	0	33	7	39	37
76	76	0	0	1	186	2	55	56	0	0	35	31
76	76	0	0	1	187	2	56	57	0	0	28	33
76	76	0	0	1	188	4	57	58	59	61	0	0	0	0	35	37	34	36
76	76	0	0	1	189	5	57	58	59	61	62	0	0	0	0	0	33	34	20	37	37
76	76	0	0	1	190	3	58	59	60	0	0	0	35	44	44
76	76	0	0	1	191	2	58	59	0	0	31	30
76	76	0	0	1	192	2	58	59	0	0	25	40
76	76	0	0	1	193	1	60	0	35
76	76	0	0	1	194	1	60	0	45
76	76	0	0	1	195	1	60	0	31
76	76	0	0	1	196	1	60	0	37
76	76	0	0	1	197	1	60	0	31
76	76	0	0	1	198	3	60	61	62	0	0	0	36	36	44
76	76	0	0	1	199	1	60	0	45
76	76	0	0	1	200	2	60	63	0	0	45	42
76	76	0	0	1	201	1	60	0	35
76	76	0	0	1	202	1	60	0	32
76	76	0	0	1	203	2	61	63	0	0	32	35
76	76	0	0	1	204	4	61	62	63	64	0	0	0	0	46	44	45	44
76	76	0	0	1	205	1	61	0	30
76	76	0	0	1	206	1	61	0	31
76	76	0	0	1	207	1	61	0	34
76	76	0	0	1	208	1	62	0	31
76	76	0	0	1	209	3	62	63	64	0	0	0	32	33	36
76	76	0	0	1	210	1	62	0	35
76	76	0	0	1	211	1	62	0	24
76	76	0	0	1	212	1	63	0	33
76	76	0	0	1	213	2	63	64	0	0	33	21
76	76	0	0	1	214	2	65	66	0	0	4	29
76	76	0	0	1	215	2	65	66	0	0	26	31
76	76	0	0	1	216	2	65	66	0	0	35	36
76	76	0	0	1	217	2	65	66	0	0	28	32
76	76	0	0	1	218	3	65	66	67	0	0	0	42	40	45
76	76	0	0	1	219	3	65	66	67	0	0	0	36	35	23
76	76	0	0	1	220	3	65	66	67	0	0	0	36	33	40
76	76	0	0	1	221	2	66	67	0	0	30	27
76	76	0	0	1	222	1	67	0	32
76	76	0	0	1	223	1	67	0	25
76	76	0	0	1	224	3	68	69	70	0	0	0	42	43	39
76	76	0	0	1	225	4	68	69	70	73	0	0	0	0	45	44	45	43
76	76	0	0	1	226	1	68	0	2
76	76	0	0	1	227	3	68	69	70	0	0	0	41	29	31
76	76	0	0	1	228	2	68	69	0	0	41	28
76	76	0	0	1	229	2	68	69	0	0	38	22
76	76	0	0	1	230	3	68	69	70	0	0	0	34	31	30
76	76	0	0	1	231	3	68	69	70	0	0	0	41	26	31
76	76	0	0	1	232	2	69	70	0	0	22	31
76	76	0	0	1	233	2	69	70	0	0	33	31
76	76	0	0	1	234	4	70	71	73	74	0	0	0	0	21	39	45	45
76	76	0	0	1	235	1	71	0	30
76	76	0	0	1	236	1	71	1	34
76	76	0	0	1	237	1	71	0	32
76	76	0	0	1	238	2	71	73	1	0	36	33
76	76	0	0	1	239	1	71	1	33
76	76	0	0	1	240	1	71	1	37
76	76	0	0	1	241	2	71	73	0	0	26	36
76	76	0	0	1	242	1	72	0	21
76	76	0	0	1	243	1	73	0	31
76	76	0	0	1	244	4	73	76	77	78	0	0	0	0	25	31	30	32
76	76	0	0	1	245	1	74	0	10
76	76	0	0	1	246	5	74	75	80	81	82	0	0	1	0	0	45	39	36	36	45
76	76	0	0	1	247	1	75	0	35
76	76	0	0	1	248	1	75	0	33
76	76	0	0	1	249	3	76	77	78	0	0	0	41	45	44
76	76	0	0	1	250	3	76	77	78	0	0	0	32	31	33
76	76	0	0	1	251	1	78	0	29
76	76	0	0	1	252	2	78	79	0	0	35	23
76	76	0	0	1	253	2	78	83	0	0	35	39
76	76	0	0	1	254	2	79	83	0	0	29	38
76	76	0	0	1	255	1	79	0	30
76	76	0	0	1	256	1	80	1	30
76	76	0	0	1	257	3	80	84	85	1	0	0	38	34	35
76	76	0	0	1	258	1	80	1	28
76	76	0	0	1	259	1	80	1	38
76	76	0	0	1	260	4	81	82	84	85	0	0	0	0	29	31	28	35
76	76	0	0	1	261	2	81	82	0	0	34	36
76	76	0	0	1	262	2	81	82	0	0	34	33
76	76	0	0	1	263	1	83	0	31
76	76	0	0	1	264	5	83	86	87	88	89	0	0	0	1	0	34	35	33	37	33
76	76	0	0	1	265	7	84	85	88	89	90	91	92	0	0	1	0	0	0	0	39	40	29	36	38	26	38
76	76	0	0	1	266	3	84	85	90	0	0	0	39	25	29
76	76	0	0	1	267	2	84	85	0	0	22	29
76	76	0	0	1	268	2	84	85	0	0	1	4
76	76	0	0	1	269	2	86	93	0	0	33	30
76	76	0	0	1	270	7	86	87	88	89	93	94	95	0	0	1	0	0	0	0	11	47	44	44	34	40	44
76	76	0	0	1	271	6	86	87	88	89	94	95	0	0	1	0	0	0	36	41	33	39	39	36
76	76	0	0	1	272	4	86	87	88	89	0	0	1	0	23	33	37	31
76	76	0	0	1	273	2	88	89	1	0	33	37
76	76	0	0	1	274	3	88	89	90	1	0	0	30	38	39
76	76	0	0	1	275	1	89	0	3
76	76	0	0	1	276	1	89	0	4
76	76	0	0	1	277	6	90	91	92	93	94	95	0	0	0	0	0	0	44	46	44	39	41	45
76	76	0	0	1	278	1	90	0	37
76	76	0	0	1	279	1	90	0	39
76	76	0	0	1	280	1	90	0	31
76	76	0	0	1	281	1	90	0	34
76	76	0	0	1	282	4	90	91	92	93	0	0	0	0	37	45	44	41
76	76	0	0	1	283	2	91	92	0	0	32	38
76	76	0	0	1	284	4	91	92	93	96	0	0	0	0	32	40	29	30
76	76	0	0	1	285	3	91	92	93	0	0	0	30	38	27
76	76	0	0	1	286	4	91	92	93	94	0	0	0	0	5	31	32	34
76	76	0	0	1	287	5	92	93	97	98	99	0	0	0	0	0	37	24	35	36	35
76	76	0	0	1	288	2	93	96	0	0	36	35
76	76	0	0	1	289	1	94	0	33
76	76	0	0	1	290	6	94	95	97	98	99	100	0	0	0	0	0	0	34	37	32	38	36	33
76	76	0	0	1	291	1	95	0	30
76	76	0	0	1	292	1	96	0	41
76	76	0	0	1	293	3	96	97	98	0	0	0	41	34	32
76	76	0	0	1	294	1	96	0	24
76	76	0	0	1	295	4	97	98	99	100	0	0	0	0	32	31	35	22
76	76	0	0	1	296	4	97	98	99	100	0	0	0	0	33	34	34	31
76	76	0	0	1	297	4	97	98	99	100	0	0	0	0	36	33	38	35
76	76	0	0	1	298	3	98	99	100	0	0	0	31	38	35
76	76	0	0	1	299	2	99	100	0	0	38	35
