97	97	0	0	1	1	2	1	2	0	0	31	29
97	97	0	0	1	2	2	1	2	0	0	33	34
97	97	0	0	1	3	1	9	0	24
97	97	0	0	1	4	1	9	0	34
97	97	0	0	1	5	1	9	0	33
97	97	0	0	1	6	1	9	0	34
97	97	0	0	1	7	1	9	0	33
97	97	0	0	1	8	1	9	0	32
97	97	0	0	1	9	1	9	0	30
97	97	0	0	1	10	1	10	0	35
97	97	0	0	1	11	2	10	11	0	0	35	34
97	97	0	0	1	12	1	10	0	35
97	97	0	0	1	13	2	10	11	0	0	33	34
97	97	0	0	1	14	3	10	11	14	0	0	0	32	33	32
97	97	0	0	1	15	2	10	11	0	0	27	27
97	97	0	0	1	16	4	10	11	12	14	0	0	0	0	26	32	26	32
97	97	0	0	1	17	2	11	12	0	0	37	37
97	97	0	0	1	18	2	11	12	0	0	31	27
97	97	0	0	1	19	3	12	13	14	0	0	0	30	32	31
97	97	0	0	1	20	3	12	13	14	0	0	0	32	32	29
97	97	0	0	1	21	2	12	13	0	0	36	35
97	97	0	0	1	22	1	13	0	35
97	97	0	0	1	23	1	14	0	29
97	97	0	0	1	24	1	14	0	28
97	97	0	0	1	25	1	14	0	20
97	97	0	0	1	26	1	14	0	26
97	97	0	0	1	27	1	17	0	14
97	97	0	0	1	28	1	15	0	30
97	97	0	0	1	29	1	15	0	35
97	97	0	0	1	30	2	15	17	0	0	34	33
97	97	0	0	1	31	2	15	17	0	0	28	22
97	97	0	0	1	32	4	15	16	17	18	0	1	0	0	29	29	26	32
97	97	0	0	1	33	2	16	17	1	0	30	26
97	97	0	0	1	34	1	16	1	33
97	97	0	0	1	35	1	16	1	21
97	97	0	0	1	36	3	16	18	19	1	0	0	28	18	31
97	97	0	0	1	37	2	16	17	1	0	33	29
97	97	0	0	1	38	3	16	17	18	1	0	0	33	29	35
97	97	0	0	1	39	2	16	18	1	0	26	32
97	97	0	0	1	40	3	16	18	19	1	0	0	31	32	31
97	97	0	0	1	41	2	16	19	1	0	31	31
97	97	0	0	1	42	2	16	17	1	0	25	19
97	97	0	0	1	43	1	17	0	29
97	97	0	0	1	44	1	17	0	4
97	97	0	0	1	45	1	17	0	32
97	97	0	0	1	46	2	17	18	0	0	31	26
97	97	0	0	1	47	1	17	0	24
97	97	0	0	1	48	2	17	18	0	0	18	31
97	97	0	0	1	49	1	18	0	21
97	97	0	0	1	50	2	18	19	0	0	30	31
97	97	0	0	1	51	2	18	19	0	0	33	33
97	97	0	0	1	52	2	18	19	0	0	17	34
97	97	0	0	1	53	1	19	0	33
97	97	0	0	1	54	1	19	0	24
97	97	0	0	1	55	1	20	0	31
97	97	0	0	1	56	2	20	21	0	0	30	29
97	97	0	0	1	57	2	20	21	0	0	26	29
97	97	0	0	1	58	1	21	0	31
97	97	0	0	1	59	1	21	0	28
97	97	0	0	1	60	1	22	0	28
97	97	0	0	1	61	1	22	0	32
97	97	0	0	1	62	2	22	23	0	0	30	30
97	97	0	0	1	63	3	22	23	24	0	0	0	36	35	34
97	97	0	0	1	64	3	22	23	24	0	0	0	37	37	37
97	97	0	0	1	65	2	22	23	0	0	29	30
97	97	0	0	1	66	3	22	23	24	0	0	0	35	35	33
97	97	0	0	1	67	3	22	23	24	0	0	0	20	24	28
97	97	0	0	1	68	2	25	31	0	0	26	29
97	97	0	0	1	69	1	25	0	31
97	97	0	0	1	70	1	25	0	31
97	97	0	0	1	71	2	25	31	0	0	28	34
97	97	0	0	1	72	2	25	31	0	0	30	29
97	97	0	0	1	73	3	26	32	33	0	0	0	21	20	25
97	97	0	0	1	74	4	27	28	29	34	0	0	0	0	24	33	22	31
97	97	0	0	1	75	5	27	28	29	32	33	0	0	0	0	0	24	32	19	15	27
97	97	0	0	1	76	5	28	29	30	32	33	0	0	0	0	0	29	24	25	25	28
97	97	0	0	1	77	1	30	0	29
97	97	0	0	1	78	2	31	34	0	0	16	30
97	97	0	0	1	79	1	31	0	31
97	97	0	0	1	80	2	31	34	0	0	28	31
97	97	0	0	1	81	1	32	0	29
97	97	0	0	1	82	2	32	33	0	0	27	34
97	97	0	0	1	83	2	32	35	0	0	32	31
97	97	0	0	1	84	2	33	34	0	0	30	27
97	97	0	0	1	85	1	34	0	26
97	97	0	0	1	86	2	34	35	0	0	29	8
97	97	0	0	1	87	1	35	0	27
97	97	0	0	1	88	1	35	0	26
97	97	0	0	1	89	2	35	36	0	0	18	32
97	97	0	0	1	90	1	35	0	24
97	97	0	0	1	91	1	35	0	28
97	97	0	0	1	92	2	35	36	0	0	28	25
97	97	0	0	1	93	1	37	1	30
97	97	0	0	1	94	1	37	1	30
97	97	0	0	1	95	1	38	0	30
97	97	0	0	1	96	3	38	39	40	0	1	0	34	32	32
97	97	0	0	1	97	1	38	0	34
97	97	0	0	1	98	1	38	0	33
97	97	0	0	1	99	1	38	0	31
97	97	0	0	1	100	1	39	1	34
97	97	0	0	1	101	2	39	40	1	0	29	26
97	97	0	0	1	102	2	39	40	1	0	34	30
97	97	0	0	1	103	2	39	40	1	0	30	26
97	97	0	0	1	104	2	39	40	1	0	32	26
97	97	0	0	1	105	1	42	0	37
97	97	0	0	1	106	1	42	0	31
97	97	0	0	1	107	2	42	43	0	0	21	32
97	97	0	0	1	108	1	43	0	33
97	97	0	0	1	109	3	43	47	48	0	0	0	31	26	33
97	97	0	0	1	110	2	44	49	0	0	22	31
97	97	0	0	1	111	4	44	45	46	49	0	1	0	0	30	31	31	34
97	97	0	0	1	112	2	47	48	0	0	31	25
97	97	0	0	1	113	2	47	48	0	0	23	20
97	97	0	0	1	114	2	49	52	0	0	34	31
97	97	0	0	1	115	2	51	53	0	0	32	29
97	97	0	0	1	116	2	51	53	0	0	19	36
97	97	0	0	1	117	2	52	54	0	0	18	29
97	97	0	0	1	118	1	53	0	24
97	97	0	0	1	119	1	53	0	27
97	97	0	0	1	120	3	54	55	56	0	0	0	29	28	20
97	97	0	0	1	121	3	55	56	60	0	0	0	36	37	34
97	97	0	0	1	122	2	55	56	0	0	28	30
97	97	0	0	1	123	2	55	56	0	0	22	32
97	97	0	0	1	124	3	55	56	57	0	0	0	21	36	4
97	97	0	0	1	125	2	56	57	0	0	34	4
97	97	0	0	1	126	3	57	58	59	0	0	0	35	37	38
97	97	0	0	1	127	4	57	58	59	61	0	0	0	0	28	17	25	30
97	97	0	0	1	128	2	58	59	0	0	19	32
97	97	0	0	1	129	2	58	59	0	0	28	26
97	97	0	0	1	130	1	60	0	30
97	97	0	0	1	131	2	61	62	0	0	24	20
97	97	0	0	1	132	1	62	0	31
97	97	0	0	1	133	2	62	63	0	0	29	29
97	97	0	0	1	134	1	63	0	37
97	97	0	0	1	135	2	63	64	0	0	30	18
97	97	0	0	1	136	2	63	64	0	0	34	30
97	97	0	0	1	137	2	63	64	0	0	33	25
97	97	0	0	1	138	3	65	66	67	0	0	0	31	30	29
97	97	0	0	1	139	3	65	66	67	0	0	0	29	32	30
97	97	0	0	1	140	3	65	66	67	0	0	0	28	31	24
97	97	0	0	1	141	1	68	0	38
97	97	0	0	1	142	1	68	0	24
97	97	0	0	1	143	1	71	0	31
97	97	0	0	1	144	1	72	0	15
97	97	0	0	1	145	3	72	73	74	0	0	0	24	26	30
97	97	0	0	1	146	2	72	73	0	0	23	33
97	97	0	0	1	147	2	73	75	0	0	26	30
97	97	0	0	1	148	1	73	0	22
97	97	0	0	1	149	1	73	0	34
97	97	0	0	1	150	3	73	76	77	0	0	0	21	26	24
97	97	0	0	1	151	2	73	74	0	0	12	33
97	97	0	0	1	152	2	73	74	0	0	32	33
97	97	0	0	1	153	1	74	0	25
97	97	0	0	1	154	2	75	79	0	0	35	31
97	97	0	0	1	155	2	75	79	0	0	34	30
97	97	0	0	1	156	1	75	0	31
97	97	0	0	1	157	1	75	0	33
97	97	0	0	1	158	1	75	0	7
97	97	0	0	1	159	2	75	80	0	1	29	29
97	97	0	0	1	160	4	76	77	80	81	0	0	1	0	31	30	31	30
97	97	0	0	1	161	3	76	77	80	0	0	1	32	31	32
97	97	0	0	1	162	4	76	77	81	82	0	0	0	0	33	32	22	29
97	97	0	0	1	163	5	76	77	78	81	82	0	0	0	0	0	33	32	35	29	30
97	97	0	0	1	164	3	76	77	78	0	0	0	26	22	28
97	97	0	0	1	165	1	78	0	25
97	97	0	0	1	166	1	78	0	25
97	97	0	0	1	167	1	78	0	23
97	97	0	0	1	168	1	79	0	31
97	97	0	0	1	169	1	79	0	31
97	97	0	0	1	170	1	79	0	29
97	97	0	0	1	171	1	79	0	24
97	97	0	0	1	172	1	79	0	30
97	97	0	0	1	173	1	79	0	35
97	97	0	0	1	174	2	80	83	1	0	21	28
97	97	0	0	1	175	2	80	83	1	0	29	26
97	97	0	0	1	176	1	80	1	24
97	97	0	0	1	177	2	80	83	1	0	26	25
97	97	0	0	1	178	1	80	1	31
97	97	0	0	1	179	1	83	0	26
97	97	0	0	1	180	0
97	97	0	0	1	181	2	97	99	0	0	20	28
97	97	0	0	1	182	1	100	0	31
97	97	0	0	1	183	1	100	0	22
