37	37	0	0	1	1	3	1	2	6	0	0	0	27	20	21
37	37	0	0	1	2	1	1	0	36
37	37	0	0	1	3	2	1	2	0	0	34	27
37	37	0	0	1	4	2	1	2	0	0	28	27
37	37	0	0	1	5	3	2	7	8	0	0	1	32	32	30
37	37	0	0	1	6	2	3	4	0	0	30	34
37	37	0	0	1	7	2	7	8	0	1	10	11
37	37	0	0	1	8	4	3	4	7	8	0	0	0	1	32	21	38	4
37	37	0	0	1	9	2	3	4	0	0	35	41
37	37	0	0	1	10	4	3	4	7	8	0	0	0	1	24	33	31	29
37	37	0	0	1	11	2	3	4	0	0	37	39
37	37	0	0	1	12	3	3	4	8	0	0	1	32	32	35
37	37	0	0	1	13	4	3	4	7	8	0	0	0	1	14	29	29	32
37	37	0	0	1	14	2	5	8	0	1	22	26
37	37	0	0	1	15	1	5	0	17
37	37	0	0	1	16	2	5	6	0	0	31	31
37	37	0	0	1	17	2	5	6	0	0	16	11
37	37	0	0	1	18	2	5	6	0	0	17	32
37	37	0	0	1	19	2	7	8	0	1	32	9
37	37	0	0	1	20	2	7	8	0	1	28	4
37	37	0	0	1	21	2	7	8	0	1	16	14
37	37	0	0	1	22	1	9	0	28
37	37	0	0	1	23	2	10	11	0	0	34	33
37	37	0	0	1	24	2	10	11	0	0	18	16
37	37	0	0	1	25	2	10	11	0	0	35	36
37	37	0	0	1	26	4	10	11	12	13	0	0	0	0	34	37	34	13
37	37	0	0	1	27	3	10	11	12	0	0	0	17	23	27
37	37	0	0	1	28	2	11	12	0	0	26	30
37	37	0	0	1	29	1	12	0	26
37	37	0	0	1	30	2	12	13	0	0	26	28
37	37	0	0	1	31	2	12	13	0	0	31	33
37	37	0	0	1	32	2	12	13	0	0	37	28
37	37	0	0	1	33	1	13	0	24
37	37	0	0	1	34	1	13	0	24
37	37	0	0	1	35	1	13	0	28
37	37	0	0	1	36	1	13	0	15
37	37	0	0	1	37	1	13	0	32
37	37	0	0	1	38	1	14	0	31
37	37	0	0	1	39	1	14	0	40
37	37	0	0	1	40	1	14	0	39
37	37	0	0	1	41	1	15	0	34
37	37	0	0	1	42	1	15	0	32
37	37	0	0	1	43	3	15	17	18	0	0	0	33	18	29
37	37	0	0	1	44	2	15	16	0	1	30	36
37	37	0	0	1	45	1	16	1	29
37	37	0	0	1	46	1	16	1	34
37	37	0	0	1	47	3	16	18	19	1	0	0	27	32	34
37	37	0	0	1	48	1	16	1	25
37	37	0	0	1	49	1	17	0	19
37	37	0	0	1	50	4	17	18	20	21	0	0	0	0	27	20	32	27
37	37	0	0	1	51	4	17	18	19	20	0	0	0	0	31	23	33	35
37	37	0	0	1	52	2	18	21	0	0	25	34
37	37	0	0	1	53	1	19	0	34
37	37	0	0	1	54	3	19	20	21	0	0	0	31	33	35
37	37	0	0	1	55	1	21	0	37
37	37	0	0	1	56	1	21	0	19
37	37	0	0	1	57	1	21	0	37
37	37	0	0	1	58	3	22	23	24	0	0	0	34	33	36
37	37	0	0	1	59	1	22	0	1
37	37	0	0	1	60	1	22	0	28
37	37	0	0	1	61	3	22	23	24	0	0	0	23	28	26
37	37	0	0	1	62	2	22	23	0	0	21	25
37	37	0	0	1	63	3	22	23	24	0	0	0	31	29	32
37	37	0	0	1	64	1	24	0	33
37	37	0	0	1	65	3	25	30	31	0	0	0	32	33	34
37	37	0	0	1	66	3	25	30	31	0	0	0	33	33	30
37	37	0	0	1	67	2	25	31	0	0	20	24
37	37	0	0	1	68	1	25	0	23
37	37	0	0	1	69	1	25	0	29
37	37	0	0	1	70	6	26	27	28	29	32	33	0	0	0	0	0	0	33	30	31	24	32	35
37	37	0	0	1	71	6	27	28	29	30	32	33	0	0	0	0	0	0	23	28	18	29	18	22
37	37	0	0	1	72	4	27	28	29	32	0	0	0	0	12	29	25	23
37	37	0	0	1	73	3	27	28	29	0	0	0	23	18	35
37	37	0	0	1	74	1	30	0	31
37	37	0	0	1	75	1	31	0	37
37	37	0	0	1	76	1	31	0	31
37	37	0	0	1	77	1	31	0	34
37	37	0	0	1	78	1	31	0	34
37	37	0	0	1	79	2	32	33	0	0	33	30
37	37	0	0	1	80	2	32	35	0	0	33	33
37	37	0	0	1	81	3	32	33	35	0	0	0	34	32	33
37	37	0	0	1	82	3	32	33	35	0	0	0	37	35	32
37	37	0	0	1	83	2	32	33	0	0	4	22
37	37	0	0	1	84	1	34	0	29
37	37	0	0	1	85	1	35	0	27
37	37	0	0	1	86	1	35	0	25
37	37	0	0	1	87	1	35	0	32
37	37	0	0	1	88	1	35	0	37
37	37	0	0	1	89	2	35	36	0	0	35	28
37	37	0	0	1	90	1	35	0	26
37	37	0	0	1	91	2	35	36	0	0	35	30
37	37	0	0	1	92	2	36	37	0	1	26	35
37	37	0	0	1	93	1	36	0	24
37	37	0	0	1	94	2	36	37	0	1	23	35
37	37	0	0	1	95	1	36	0	23
37	37	0	0	1	96	2	37	38	1	0	33	29
37	37	0	0	1	97	3	37	39	40	1	1	0	38	22	24
37	37	0	0	1	98	1	37	1	20
37	37	0	0	1	99	3	37	39	40	1	1	0	40	42	32
37	37	0	0	1	100	1	37	1	35
37	37	0	0	1	101	1	37	1	34
37	37	0	0	1	102	3	37	39	40	1	1	0	38	31	21
37	37	0	0	1	103	3	37	39	40	1	1	0	33	30	31
37	37	0	0	1	104	2	37	41	1	0	37	23
37	37	0	0	1	105	4	38	39	40	41	0	1	0	0	36	32	32	34
37	37	0	0	1	106	2	38	41	0	0	25	20
37	37	0	0	1	107	1	38	0	29
37	37	0	0	1	108	1	38	0	36
37	37	0	0	1	109	1	38	0	28
37	37	0	0	1	110	1	39	1	29
37	37	0	0	1	111	3	39	40	42	1	0	0	31	30	32
37	37	0	0	1	112	2	39	40	1	0	33	27
37	37	0	0	1	113	3	39	40	41	1	0	0	32	29	25
37	37	0	0	1	114	2	39	40	1	0	36	26
37	37	0	0	1	115	3	39	40	41	1	0	0	24	24	26
37	37	0	0	1	116	1	41	0	30
37	37	0	0	1	117	1	41	0	28
37	37	0	0	1	118	1	41	0	30
37	37	0	0	1	119	4	42	46	47	48	0	0	0	0	21	21	17	28
37	37	0	0	1	120	2	42	43	0	0	26	35
37	37	0	0	1	121	2	42	43	0	0	36	36
37	37	0	0	1	122	1	43	0	41
37	37	0	0	1	123	1	43	0	33
37	37	0	0	1	124	1	44	0	30
37	37	0	0	1	125	1	44	0	31
37	37	0	0	1	126	2	44	45	0	1	38	34
37	37	0	0	1	127	7	44	45	46	47	48	49	50	0	1	0	0	0	0	0	35	35	31	27	22	35	34
37	37	0	0	1	128	3	44	45	50	0	1	0	30	33	28
37	37	0	0	1	129	1	45	1	39
37	37	0	0	1	130	3	46	47	48	0	0	0	30	31	21
37	37	0	0	1	131	3	46	47	48	0	0	0	32	25	31
37	37	0	0	1	132	2	47	48	0	0	28	18
37	37	0	0	1	133	2	49	52	0	0	38	33
37	37	0	0	1	134	2	49	52	0	0	31	23
37	37	0	0	1	135	1	49	0	32
37	37	0	0	1	136	1	49	0	33
37	37	0	0	1	137	2	51	53	0	0	31	32
37	37	0	0	1	138	1	51	0	32
37	37	0	0	1	139	1	52	0	27
37	37	0	0	1	140	1	52	0	36
37	37	0	0	1	141	1	52	0	25
37	37	0	0	1	142	1	53	0	30
37	37	0	0	1	143	1	53	0	34
37	37	0	0	1	144	2	54	57	0	0	31	31
37	37	0	0	1	145	4	54	57	58	59	0	0	0	0	35	26	23	36
37	37	0	0	1	146	1	55	0	18
37	37	0	0	1	147	4	55	56	57	60	0	0	0	0	31	35	26	30
37	37	0	0	1	148	2	55	56	0	0	4	27
37	37	0	0	1	149	2	57	61	0	0	30	31
37	37	0	0	1	150	5	57	58	59	61	62	0	0	0	0	0	31	32	35	32	33
37	37	0	0	1	151	5	57	58	59	61	62	0	0	0	0	0	26	24	21	24	33
37	37	0	0	1	152	1	60	0	27
37	37	0	0	1	153	2	60	62	0	0	35	31
37	37	0	0	1	154	1	60	0	29
37	37	0	0	1	155	1	60	0	27
37	37	0	0	1	156	1	60	0	25
37	37	0	0	1	157	1	60	0	32
37	37	0	0	1	158	1	61	0	33
37	37	0	0	1	159	1	61	0	33
37	37	0	0	1	160	1	61	0	26
37	37	0	0	1	161	2	61	63	0	0	29	30
37	37	0	0	1	162	2	62	63	0	0	33	33
37	37	0	0	1	163	4	63	65	66	67	0	0	0	0	36	34	20	26
37	37	0	0	1	164	2	63	64	0	0	29	20
37	37	0	0	1	165	2	63	64	0	0	33	24
37	37	0	0	1	166	2	63	64	0	0	27	28
37	37	0	0	1	167	5	65	65	66	66	67	0	0	0	0	0	28	34	33	26	27
37	37	0	0	1	168	2	65	66	0	0	33	31
37	37	0	0	1	169	2	65	66	0	0	35	32
37	37	0	0	1	170	1	65	0	24
37	37	0	0	1	171	3	65	66	67	0	0	0	30	24	29
37	37	0	0	1	172	3	65	66	67	0	0	0	31	30	21
37	37	0	0	1	173	1	67	0	17
37	37	0	0	1	174	3	68	69	70	0	0	0	33	30	34
37	37	0	0	1	175	3	68	69	70	0	0	0	28	33	31
37	37	0	0	1	176	2	69	70	0	0	26	27
37	37	0	0	1	177	2	69	70	0	0	26	30
37	37	0	0	1	178	2	69	70	0	0	29	27
37	37	0	0	1	179	1	71	0	31
37	37	0	0	1	180	1	71	0	32
37	37	0	0	1	181	1	71	1	2
37	37	0	0	1	182	1	71	0	34
37	37	0	0	1	183	1	71	0	33
37	37	0	0	1	184	2	72	73	0	0	10	28
37	37	0	0	1	185	3	72	73	74	0	0	0	19	35	33
37	37	0	0	1	186	1	73	0	31
37	37	0	0	1	187	1	73	0	16
37	37	0	0	1	188	4	73	76	77	78	0	0	0	0	25	29	26	32
37	37	0	0	1	189	5	73	74	76	77	78	0	0	0	0	0	26	34	18	12	32
37	37	0	0	1	190	4	74	76	77	78	0	0	0	0	20	21	23	24
37	37	0	0	1	191	4	74	76	77	78	0	0	0	0	33	5	33	32
37	37	0	0	1	192	1	74	0	33
37	37	0	0	1	193	1	75	0	31
37	37	0	0	1	194	2	75	79	0	0	32	33
37	37	0	0	1	195	1	75	0	28
37	37	0	0	1	196	1	75	0	25
37	37	0	0	1	197	2	76	77	0	0	31	30
37	37	0	0	1	198	4	76	77	78	82	0	0	0	0	27	26	27	22
37	37	0	0	1	199	1	78	0	29
37	37	0	0	1	200	2	79	83	0	0	30	38
37	37	0	0	1	201	3	79	80	83	0	1	0	34	33	35
37	37	0	0	1	202	1	79	0	26
37	37	0	0	1	203	1	79	0	27
37	37	0	0	1	204	2	80	84	1	0	29	21
37	37	0	0	1	205	2	80	83	1	0	30	31
37	37	0	0	1	206	1	80	1	27
37	37	0	0	1	207	5	80	81	82	84	85	1	0	0	0	0	33	34	36	33	36
37	37	0	0	1	208	1	81	0	26
37	37	0	0	1	209	1	82	0	4
37	37	0	0	1	210	4	82	83	84	85	0	0	0	0	33	29	29	35
37	37	0	0	1	211	1	83	0	27
37	37	0	0	1	212	0
37	37	0	0	1	213	6	84	85	86	87	88	89	0	0	0	0	0	0	29	7	29	29	30	28
37	37	0	0	1	214	5	84	85	86	87	88	0	0	0	0	0	36	31	34	34	34
37	37	0	0	1	215	2	84	85	0	0	32	31
37	37	0	0	1	216	4	84	85	89	90	0	0	0	0	30	27	23	24
37	37	0	0	1	217	5	86	87	91	92	93	0	0	0	0	0	27	32	31	35	34
37	37	0	0	1	218	4	86	87	88	89	0	0	0	0	27	31	29	29
37	37	0	0	1	219	6	86	87	88	89	94	95	0	0	0	0	0	0	27	33	31	34	34	26
37	37	0	0	1	220	6	86	87	88	89	94	95	0	0	0	0	0	0	32	37	37	40	37	33
37	37	0	0	1	221	2	88	89	0	0	35	37
37	37	0	0	1	222	1	90	0	30
37	37	0	0	1	223	3	91	92	93	0	0	0	28	34	26
37	37	0	0	1	224	2	91	92	0	0	37	29
37	37	0	0	1	225	3	91	92	93	0	0	0	25	33	25
37	37	0	0	1	226	2	92	93	0	0	29	29
37	37	0	0	1	227	1	93	0	19
37	37	0	0	1	228	6	94	95	97	98	99	100	0	0	0	0	0	0	29	25	27	33	28	28
37	37	0	0	1	229	6	94	95	97	98	99	100	0	0	0	0	0	0	36	22	31	33	36	28
37	37	0	0	1	230	1	96	0	31
37	37	0	0	1	231	1	96	0	38
37	37	0	0	1	232	5	96	97	98	99	100	0	0	0	0	0	35	19	31	31	33
37	37	0	0	1	233	3	96	97	98	0	0	0	33	16	23
37	37	0	0	1	234	1	96	0	37
37	37	0	0	1	235	1	96	0	36
37	37	0	0	1	236	2	97	98	0	0	18	4
37	37	0	0	1	237	2	97	98	0	0	27	31
37	37	0	0	1	238	4	97	98	99	100	0	0	0	0	12	28	28	14
37	37	0	0	1	239	4	97	98	99	100	0	0	0	0	26	31	32	28
37	37	0	0	1	240	3	98	99	100	0	0	0	34	36	31
37	37	0	0	1	241	2	99	100	0	0	27	32
