68	68	0	0	1	3	4	3	0	0	0
68	68	0	0	1	5	6	1	0	0	0
68	68	0	0	1	7	8	0	2	0	0
68	68	0	0	1	10	11	2	0	0	0
68	68	0	0	1	11	12	1	0	0	0
68	68	0	0	1	12	13	1	0	0	0
68	68	0	0	1	13	14	1	0	0	0
68	68	0	0	1	18	19	2	0	0	0
68	68	0	0	1	26	27	2	0	0	0
68	68	0	0	1	28	29	1	0	0	0
68	68	0	0	1	38	39	0	2	0	0
68	68	0	0	1	39	40	0	0	1	0
68	68	0	0	1	42	43	1	0	0	0
68	68	0	0	1	45	46	0	0	2	0
68	68	0	0	1	55	56	2	0	0	0
68	68	0	0	1	57	58	1	0	0	0
68	68	0	0	1	58	59	1	0	0	0
68	68	0	0	1	60	61	1	0	0	0
68	68	0	0	1	61	62	1	0	0	0
68	68	0	0	1	65	66	1	0	0	0
68	68	0	0	1	69	70	1	0	0	0
68	68	0	0	1	82	83	1	0	0	0
68	68	0	0	1	86	87	1	0	0	0
68	68	0	0	1	91	92	1	0	0	0
68	68	0	0	1	94	95	1	0	0	0
68	68	0	0	1	97	98	4	0	0	0
68	68	0	0	1	98	99	1	0	0	0
68	68	0	0	1	99	100	2	0	0	0
