89	89	0	0	1	1	1	3	0	23
89	89	0	0	1	2	2	3	4	0	0	32	36
89	89	0	0	1	3	2	7	8	0	0	30	23
89	89	0	0	1	4	1	9	0	30
89	89	0	0	1	5	1	12	0	33
89	89	0	0	1	6	2	12	13	0	0	31	23
89	89	0	0	1	7	1	15	0	34
89	89	0	0	1	8	1	16	1	37
89	89	0	0	1	9	2	16	18	0	0	32	30
89	89	0	0	1	10	1	16	0	26
89	89	0	0	1	11	1	18	0	34
89	89	0	0	1	12	1	18	0	26
89	89	0	0	1	13	2	18	19	0	0	19	34
89	89	0	0	1	14	2	20	21	0	0	36	36
89	89	0	0	1	15	1	21	0	28
89	89	0	0	1	16	1	21	0	35
89	89	0	0	1	17	2	22	23	0	0	27	27
89	89	0	0	1	18	2	22	23	0	0	20	14
89	89	0	0	1	19	3	22	23	24	0	0	0	30	30	31
89	89	0	0	1	20	1	24	0	30
89	89	0	0	1	21	1	24	0	35
89	89	0	0	1	22	1	24	0	37
89	89	0	0	1	23	1	25	0	37
89	89	0	0	1	24	1	25	0	36
89	89	0	0	1	25	1	25	0	35
89	89	0	0	1	26	1	25	0	36
89	89	0	0	1	27	2	26	27	0	0	25	21
89	89	0	0	1	28	4	26	27	28	29	0	0	0	0	31	31	32	24
89	89	0	0	1	29	1	30	0	35
89	89	0	0	1	30	2	30	32	0	1	35	35
89	89	0	0	1	31	2	32	33	1	0	32	35
89	89	0	0	1	32	1	35	0	13
89	89	0	0	1	33	1	36	0	26
89	89	0	0	1	34	1	36	0	33
89	89	0	0	1	35	2	37	38	1	0	35	31
89	89	0	0	1	36	2	37	38	1	0	37	26
89	89	0	0	1	37	1	37	0	20
89	89	0	0	1	38	1	37	0	26
89	89	0	0	1	39	1	38	0	32
89	89	0	0	1	40	2	38	39	0	1	33	36
89	89	0	0	1	41	2	39	40	1	0	26	26
89	89	0	0	1	42	2	39	40	1	0	35	31
89	89	0	0	1	43	1	41	0	13
89	89	0	0	1	44	1	41	0	32
89	89	0	0	1	45	1	42	0	31
89	89	0	0	1	46	2	42	44	0	0	34	35
89	89	0	0	1	47	2	43	44	0	0	26	22
89	89	0	0	1	48	3	43	44	45	0	0	1	36	35	36
89	89	0	0	1	49	2	45	46	1	0	37	29
89	89	0	0	1	50	2	45	46	1	0	37	32
89	89	0	0	1	51	3	46	47	48	0	0	0	36	25	32
89	89	0	0	1	52	2	49	51	0	0	20	35
89	89	0	0	1	53	1	49	0	18
89	89	0	0	1	54	2	49	51	0	0	31	35
89	89	0	0	1	55	1	50	0	34
89	89	0	0	1	56	1	51	0	36
89	89	0	0	1	57	2	52	53	0	0	26	34
89	89	0	0	1	58	1	52	0	32
89	89	0	0	1	59	1	52	0	33
89	89	0	0	1	60	2	53	54	0	0	33	35
89	89	0	0	1	61	1	53	0	35
89	89	0	0	1	62	1	54	0	26
89	89	0	0	1	63	2	55	56	0	0	31	37
89	89	0	0	1	64	1	57	0	37
89	89	0	0	1	65	3	57	58	59	0	0	0	33	33	29
89	89	0	0	1	66	2	58	59	0	0	19	24
89	89	0	0	1	67	2	58	59	0	0	33	37
89	89	0	0	1	68	2	58	59	0	0	21	25
89	89	0	0	1	69	1	59	0	24
89	89	0	0	1	70	2	61	62	0	0	32	31
89	89	0	0	1	71	2	61	62	0	0	30	30
89	89	0	0	1	72	1	62	0	28
89	89	0	0	1	73	1	62	0	33
89	89	0	0	1	74	3	63	65	66	0	0	0	36	35	31
89	89	0	0	1	75	4	63	65	66	67	0	0	0	0	37	27	14	32
89	89	0	0	1	76	2	65	66	0	0	6	31
89	89	0	0	1	77	3	65	66	67	0	0	0	35	31	31
89	89	0	0	1	78	1	68	0	23
89	89	0	0	1	79	3	68	69	70	0	0	0	34	30	23
89	89	0	0	1	80	1	70	0	23
89	89	0	0	1	81	1	71	0	27
89	89	0	0	1	82	1	72	0	23
89	89	0	0	1	83	1	73	0	33
89	89	0	0	1	84	2	73	75	0	0	26	31
89	89	0	0	1	85	1	74	0	30
89	89	0	0	1	86	3	76	77	80	0	0	1	25	25	36
89	89	0	0	1	87	3	76	77	78	0	0	0	21	23	26
89	89	0	0	1	88	1	78	0	32
89	89	0	0	1	89	2	78	81	0	0	37	28
89	89	0	0	1	90	2	79	82	0	0	27	8
89	89	0	0	1	91	2	80	83	1	0	34	36
89	89	0	0	1	92	3	81	82	83	0	0	0	33	36	36
89	89	0	0	1	93	2	81	82	0	0	20	37
89	89	0	0	1	94	2	81	82	0	0	35	32
89	89	0	0	1	95	1	82	0	25
89	89	0	0	1	96	2	84	85	1	0	34	37
89	89	0	0	1	97	4	86	87	88	89	0	0	0	0	34	28	33	35
89	89	0	0	1	98	1	90	0	36
89	89	0	0	1	99	4	91	92	94	95	0	0	0	0	30	29	36	37
89	89	0	0	1	100	1	96	0	37
89	89	0	0	1	101	1	96	0	30
89	89	0	0	1	102	2	96	97	0	0	35	9
89	89	0	0	1	103	3	98	99	100	0	0	0	36	36	34
89	89	0	0	1	104	2	99	100	0	0	36	36
