49	49	0	0	1	1	2	1	2	0	0	33	35
49	49	0	0	1	2	1	2	0	23
49	49	0	0	1	3	2	3	4	0	0	33	37
49	49	0	0	1	4	2	3	4	0	0	26	23
49	49	0	0	1	5	2	5	6	0	0	34	35
49	49	0	0	1	6	3	5	6	8	0	0	1	33	33	36
49	49	0	0	1	7	3	6	7	8	0	0	1	35	27	37
49	49	0	0	1	8	2	7	8	0	1	36	40
49	49	0	0	1	9	2	7	8	0	1	35	32
49	49	0	0	1	10	1	8	1	29
49	49	0	0	1	11	1	9	0	31
49	49	0	0	1	12	1	9	0	38
49	49	0	0	1	13	1	10	0	28
49	49	0	0	1	14	2	10	11	0	0	32	32
49	49	0	0	1	15	2	11	12	0	0	8	23
49	49	0	0	1	16	2	12	13	0	0	13	30
49	49	0	0	1	17	1	13	0	21
49	49	0	0	1	18	1	14	0	28
49	49	0	0	1	19	1	14	0	33
49	49	0	0	1	20	1	14	0	36
49	49	0	0	1	21	1	15	0	31
49	49	0	0	1	22	2	16	17	1	0	36	27
49	49	0	0	1	23	1	16	1	35
49	49	0	0	1	24	1	17	0	26
49	49	0	0	1	25	1	17	0	37
49	49	0	0	1	26	3	18	19	20	0	0	0	26	28	29
49	49	0	0	1	27	3	18	19	20	0	0	0	26	37	38
49	49	0	0	1	28	2	18	19	0	0	24	31
49	49	0	0	1	29	1	19	0	20
49	49	0	0	1	30	1	21	0	26
49	49	0	0	1	31	2	23	24	0	0	30	35
49	49	0	0	1	32	1	24	0	33
49	49	0	0	1	33	1	25	0	16
49	49	0	0	1	34	1	25	0	34
49	49	0	0	1	35	2	25	31	0	0	35	37
49	49	0	0	1	36	2	25	30	0	0	16	26
49	49	0	0	1	37	2	25	31	0	0	35	12
49	49	0	0	1	38	2	26	31	0	0	21	34
49	49	0	0	1	39	4	26	27	28	29	0	0	0	0	24	23	23	20
49	49	0	0	1	40	2	31	34	0	0	22	32
49	49	0	0	1	41	1	32	0	27
49	49	0	0	1	42	1	32	0	35
49	49	0	0	1	43	3	33	34	35	0	0	0	19	24	30
49	49	0	0	1	44	2	35	36	0	0	37	32
49	49	0	0	1	45	2	35	36	0	0	23	37
49	49	0	0	1	46	1	36	0	23
49	49	0	0	1	47	1	36	0	14
49	49	0	0	1	48	1	37	1	35
49	49	0	0	1	49	1	38	0	34
49	49	0	0	1	50	1	38	0	32
49	49	0	0	1	51	1	38	0	29
49	49	0	0	1	52	1	41	0	35
49	49	0	0	1	53	1	41	0	36
49	49	0	0	1	54	1	43	0	22
49	49	0	0	1	55	1	44	0	34
49	49	0	0	1	56	3	45	46	49	1	0	0	37	32	33
49	49	0	0	1	57	3	45	46	50	1	0	0	28	29	32
49	49	0	0	1	58	4	46	47	48	50	0	1	0	0	27	14	17	30
49	49	0	0	1	59	2	47	48	0	0	30	27
49	49	0	0	1	60	2	47	48	0	0	22	30
49	49	0	0	1	61	1	49	0	30
49	49	0	0	1	62	2	49	52	0	0	32	33
49	49	0	0	1	63	2	50	52	0	0	33	26
49	49	0	0	1	64	2	50	52	0	0	7	37
49	49	0	0	1	65	2	50	52	0	1	23	36
49	49	0	0	1	66	1	50	0	23
49	49	0	0	1	67	2	51	52	0	0	36	30
49	49	0	0	1	68	1	51	0	36
49	49	0	0	1	69	2	52	54	0	0	32	25
49	49	0	0	1	70	1	53	0	35
49	49	0	0	1	71	3	55	56	60	0	0	0	24	17	34
49	49	0	0	1	72	2	58	59	1	0	16	29
49	49	0	0	1	73	2	58	59	0	0	27	26
49	49	0	0	1	74	1	59	0	19
49	49	0	0	1	75	2	60	62	0	0	33	13
49	49	0	0	1	76	1	61	0	33
49	49	0	0	1	77	2	61	62	0	0	30	34
49	49	0	0	1	78	2	63	67	0	0	7	31
49	49	0	0	1	79	3	63	64	67	0	0	0	37	27	30
49	49	0	0	1	80	3	65	66	67	0	0	0	20	36	25
49	49	0	0	1	81	3	65	66	67	0	0	0	14	21	23
49	49	0	0	1	82	2	68	72	0	0	34	30
49	49	0	0	1	83	3	68	69	70	0	0	0	37	37	34
49	49	0	0	1	84	4	68	69	70	72	0	0	0	0	37	32	25	31
49	49	0	0	1	85	3	68	69	70	0	0	0	19	36	30
49	49	0	0	1	86	3	69	70	71	0	0	0	37	33	34
49	49	0	0	1	87	1	71	0	16
49	49	0	0	1	88	1	71	0	33
49	49	0	0	1	89	1	72	0	32
49	49	0	0	1	90	2	73	75	0	0	26	24
49	49	0	0	1	91	1	73	0	27
49	49	0	0	1	92	4	74	76	77	78	0	0	0	0	32	26	22	35
49	49	0	0	1	93	2	75	78	0	0	26	32
49	49	0	0	1	94	4	76	77	78	81	0	0	0	0	30	34	25	24
49	49	0	0	1	95	1	80	1	34
49	49	0	0	1	96	2	80	84	1	0	36	33
49	49	0	0	1	97	1	81	0	26
49	49	0	0	1	98	2	81	82	0	0	32	32
49	49	0	0	1	99	1	82	0	24
49	49	0	0	1	100	1	83	0	30
49	49	0	0	1	101	6	84	85	86	87	88	89	0	0	0	0	0	0	27	23	34	35	34	33
49	49	0	0	1	102	6	86	87	88	89	91	92	0	0	0	0	0	0	33	38	37	37	35	36
49	49	0	0	1	103	5	86	87	88	89	93	0	0	0	0	0	30	35	28	31	34
49	49	0	0	1	104	1	90	0	38
49	49	0	0	1	105	2	91	92	0	0	28	36
49	49	0	0	1	106	2	91	92	0	0	34	36
49	49	0	0	1	107	1	96	0	33
49	49	0	0	1	108	2	97	98	0	0	27	19
49	49	0	0	1	109	3	98	99	100	0	0	0	33	36	27
