61	61	0	0	1	1	2	17	0	0	0
61	61	0	0	1	2	3	3	0	0	0
61	61	0	0	1	3	4	22	0	0	0
61	61	0	0	1	4	5	1	0	0	0
61	61	0	0	1	5	6	11	0	0	0
61	61	0	0	1	6	7	2	0	0	0
61	61	0	0	1	7	8	5	3	0	0
61	61	0	0	1	10	11	9	0	0	0
61	61	0	0	1	11	12	3	0	0	0
61	61	0	0	1	12	13	8	0	0	0
61	61	0	0	1	13	14	1	0	0	0
61	61	0	0	1	15	16	7	1	0	0
61	61	0	0	1	17	18	10	0	0	0
61	61	0	0	1	18	19	3	0	0	0
61	61	0	0	1	19	20	3	0	0	0
61	61	0	0	1	20	21	8	0	1	0
61	61	0	0	1	21	22	3	0	0	0
61	61	0	0	1	22	23	18	0	0	0
61	61	0	0	1	23	24	4	0	0	0
61	61	0	0	1	24	25	2	0	0	0
61	61	0	0	1	25	26	6	0	0	0
61	61	0	0	1	26	27	5	0	0	0
61	61	0	0	1	27	28	9	0	0	0
61	61	0	0	1	28	29	7	0	0	0
61	61	0	0	1	29	30	5	0	0	0
61	61	0	0	1	30	31	1	4	0	0
61	61	0	0	1	31	32	1	0	0	1
61	61	0	0	1	32	33	6	0	8	0
61	61	0	0	1	33	34	1	0	0	0
61	61	0	0	1	34	35	1	0	0	0
61	61	0	0	1	35	36	4	0	0	0
61	61	0	0	1	36	37	0	1	0	0
61	61	0	0	1	37	38	2	0	0	0
61	61	0	0	1	38	39	0	1	0	0
61	61	0	0	1	39	40	0	0	15	0
61	61	0	0	1	41	42	4	0	0	0
61	61	0	0	1	42	43	10	0	0	0
61	61	0	0	1	43	44	1	0	0	0
61	61	0	0	1	44	45	7	7	0	0
61	61	0	0	1	45	46	1	0	2	0
61	61	0	0	1	46	47	11	0	0	0
61	61	0	0	1	47	48	2	0	0	0
61	61	0	0	1	49	50	7	0	0	0
61	61	0	0	1	50	51	11	0	0	0
61	61	0	0	1	51	52	6	0	0	0
61	61	0	0	1	52	53	2	0	0	0
61	61	0	0	1	53	54	3	0	0	0
61	61	0	0	1	54	55	3	0	0	0
61	61	0	0	1	55	56	15	0	0	0
61	61	0	0	1	56	57	4	0	0	0
61	61	0	0	1	57	58	11	0	0	0
61	61	0	0	1	58	59	6	0	0	0
61	61	0	0	1	59	60	5	0	0	0
61	61	0	0	1	60	61	2	0	0	0
61	61	0	0	1	61	62	9	0	0	0
61	61	0	0	1	63	64	12	0	0	0
61	61	0	0	1	64	65	3	0	0	0
61	61	0	0	1	65	66	13	0	0	0
61	61	0	0	1	66	67	1	0	0	0
61	61	0	0	1	68	69	16	0	0	0
61	61	0	0	1	69	70	3	0	0	0
61	61	0	0	1	70	71	4	0	0	0
61	61	0	0	1	71	72	9	0	0	0
61	61	0	0	1	73	74	11	0	0	0
61	61	0	0	1	74	75	1	0	0	0
61	61	0	0	1	75	76	3	0	0	0
61	61	0	0	1	76	77	10	0	0	0
61	61	0	0	1	77	78	1	0	0	0
61	61	0	0	1	78	79	8	0	0	0
61	61	0	0	1	79	80	0	5	0	0
61	61	0	0	1	80	81	0	0	8	0
61	61	0	0	1	81	82	7	0	0	0
61	61	0	0	1	82	83	4	0	0	0
61	61	0	0	1	83	84	1	3	0	0
61	61	0	0	1	84	85	3	0	6	0
61	61	0	0	1	85	86	2	0	0	0
61	61	0	0	1	86	87	17	0	0	0
61	61	0	0	1	87	88	2	0	0	0
61	61	0	0	1	88	89	18	0	0	0
61	61	0	0	1	89	90	4	0	0	0
61	61	0	0	1	90	91	12	0	0	0
61	61	0	0	1	91	92	6	0	0	0
61	61	0	0	1	92	93	7	0	0	0
61	61	0	0	1	93	94	2	1	0	0
61	61	0	0	1	94	95	7	0	11	0
61	61	0	0	1	96	97	14	0	0	0
61	61	0	0	1	97	98	7	0	0	0
61	61	0	0	1	98	99	12	0	0	0
61	61	0	0	1	99	100	8	0	0	0
