63	63	0	0	1	1	4	1	2	7	8	0	0	0	0	4	30	31	24
63	63	0	0	1	2	2	1	2	0	0	23	34
63	63	0	0	1	3	2	1	2	0	0	20	33
63	63	0	0	1	4	2	1	2	0	0	32	29
63	63	0	0	1	5	2	1	2	0	0	35	32
63	63	0	0	1	6	3	1	2	6	0	0	0	34	31	31
63	63	0	0	1	7	2	3	4	0	0	34	36
63	63	0	0	1	8	2	3	4	0	0	32	34
63	63	0	0	1	9	4	3	4	7	8	0	0	0	0	38	30	32	26
63	63	0	0	1	10	2	3	4	0	0	32	39
63	63	0	0	1	11	2	3	4	0	0	35	35
63	63	0	0	1	12	2	5	6	0	0	35	37
63	63	0	0	1	13	2	5	6	0	0	26	39
63	63	0	0	1	14	1	7	0	31
63	63	0	0	1	15	1	7	0	35
63	63	0	0	1	16	1	9	0	34
63	63	0	0	1	17	1	9	0	26
63	63	0	0	1	18	1	9	0	34
63	63	0	0	1	19	1	9	0	33
63	63	0	0	1	20	2	10	11	0	0	31	33
63	63	0	0	1	21	1	10	0	30
63	63	0	0	1	22	2	10	11	0	0	31	31
63	63	0	0	1	23	2	10	11	0	0	33	29
63	63	0	0	1	24	2	10	11	0	0	28	30
63	63	0	0	1	25	2	10	11	0	0	32	32
63	63	0	0	1	26	3	10	11	14	0	0	0	34	26	26
63	63	0	0	1	27	3	10	11	12	0	0	1	35	36	31
63	63	0	0	1	28	3	11	12	13	0	1	0	19	34	29
63	63	0	0	1	29	2	12	13	1	0	33	29
63	63	0	0	1	30	2	12	13	1	0	32	32
63	63	0	0	1	31	2	12	13	1	0	33	25
63	63	0	0	1	32	1	13	0	21
63	63	0	0	1	33	1	14	0	36
63	63	0	0	1	34	1	14	0	34
63	63	0	0	1	35	1	14	0	33
63	63	0	0	1	36	2	15	16	0	0	33	31
63	63	0	0	1	37	2	16	19	0	0	26	33
63	63	0	0	1	38	2	16	19	0	0	30	33
63	63	0	0	1	39	1	16	0	24
63	63	0	0	1	40	1	17	0	24
63	63	0	0	1	41	1	17	0	10
63	63	0	0	1	42	1	17	0	29
63	63	0	0	1	43	2	17	18	0	0	16	15
63	63	0	0	1	44	3	17	18	19	0	0	0	24	30	33
63	63	0	0	1	45	4	17	18	20	21	0	0	0	0	27	17	34	32
63	63	0	0	1	46	2	17	18	0	0	28	17
63	63	0	0	1	47	2	17	18	0	0	19	22
63	63	0	0	1	48	4	17	18	20	21	0	0	0	0	18	25	35	34
63	63	0	0	1	49	1	18	0	17
63	63	0	0	1	50	1	19	0	24
63	63	0	0	1	51	1	19	0	34
63	63	0	0	1	52	1	19	0	33
63	63	0	0	1	53	1	20	0	8
63	63	0	0	1	54	1	20	0	34
63	63	0	0	1	55	1	20	0	34
63	63	0	0	1	56	1	20	0	26
63	63	0	0	1	57	1	20	0	28
63	63	0	0	1	58	2	20	21	0	0	33	26
63	63	0	0	1	59	3	20	21	24	0	0	0	32	30	31
63	63	0	0	1	60	3	20	20	21	0	0	0	37	20	35
63	63	0	0	1	61	2	20	21	0	0	36	26
63	63	0	0	1	62	1	21	0	33
63	63	0	0	1	63	1	21	0	33
63	63	0	0	1	64	1	21	0	33
63	63	0	0	1	65	1	21	0	33
63	63	0	0	1	66	1	22	0	26
63	63	0	0	1	67	3	22	23	24	0	0	0	34	34	37
63	63	0	0	1	68	3	22	23	24	0	0	0	34	30	34
63	63	0	0	1	69	3	22	23	24	0	0	0	31	29	31
63	63	0	0	1	70	3	22	23	24	0	0	0	34	32	36
63	63	0	0	1	71	1	24	0	18
63	63	0	0	1	72	6	26	27	28	29	32	33	0	0	0	0	0	0	25	27	26	17	30	32
63	63	0	0	1	73	4	26	27	28	29	0	0	0	0	20	23	7	29
63	63	0	0	1	74	6	26	27	28	29	30	31	0	0	0	0	0	0	33	22	24	21	21	32
63	63	0	0	1	75	3	28	29	30	0	0	0	27	36	32
63	63	0	0	1	76	3	30	31	32	0	0	0	25	34	34
63	63	0	0	1	77	1	31	1	24
63	63	0	0	1	78	1	31	0	36
63	63	0	0	1	79	1	31	1	32
63	63	0	0	1	80	3	32	33	34	1	0	0	34	35	35
63	63	0	0	1	81	2	32	33	1	0	29	17
63	63	0	0	1	82	2	32	33	1	0	32	25
63	63	0	0	1	83	3	32	33	35	1	0	0	31	34	39
63	63	0	0	1	84	3	32	33	34	1	0	0	30	31	33
63	63	0	0	1	85	1	34	0	25
63	63	0	0	1	86	2	35	36	1	0	32	32
63	63	0	0	1	87	1	35	0	30
63	63	0	0	1	88	1	37	0	25
63	63	0	0	1	89	3	37	39	40	0	1	0	29	34	32
63	63	0	0	1	90	2	37	39	0	1	28	34
63	63	0	0	1	91	2	38	42	1	0	32	31
63	63	0	0	1	92	3	38	39	40	0	1	0	33	35	31
63	63	0	0	1	93	2	38	41	1	0	32	17
63	63	0	0	1	94	1	38	1	32
63	63	0	0	1	95	1	38	0	32
63	63	0	0	1	96	4	39	40	41	43	1	0	0	0	27	32	28	26
63	63	0	0	1	97	3	39	40	41	1	0	0	24	31	31
63	63	0	0	1	98	4	39	40	41	42	1	0	0	0	25	33	33	31
63	63	0	0	1	99	2	41	42	0	0	27	31
63	63	0	0	1	100	2	42	43	0	0	34	33
63	63	0	0	1	101	2	42	43	0	0	29	36
63	63	0	0	1	102	2	42	43	0	0	29	35
63	63	0	0	1	103	3	43	47	48	0	0	0	15	22	31
63	63	0	0	1	104	1	43	0	35
63	63	0	0	1	105	2	44	49	0	0	31	30
63	63	0	0	1	106	3	47	48	51	0	0	0	31	23	34
63	63	0	0	1	107	3	47	48	51	0	0	0	32	26	34
63	63	0	0	1	108	3	47	48	51	0	0	0	27	19	36
63	63	0	0	1	109	2	49	53	0	0	24	33
63	63	0	0	1	110	2	50	53	0	0	33	34
63	63	0	0	1	111	1	51	0	30
63	63	0	0	1	112	2	51	52	0	0	35	24
63	63	0	0	1	113	1	52	0	23
63	63	0	0	1	114	2	52	53	0	0	26	33
63	63	0	0	1	115	1	53	0	25
63	63	0	0	1	116	5	55	56	57	58	59	0	0	0	0	0	32	35	26	31	33
63	63	0	0	1	117	4	55	56	57	61	0	0	0	0	28	37	26	30
63	63	0	0	1	118	5	55	56	57	58	59	0	0	0	0	0	31	34	31	31	32
63	63	0	0	1	119	3	57	58	59	0	0	0	34	34	23
63	63	0	0	1	120	3	57	58	59	0	0	0	34	14	36
63	63	0	0	1	121	3	57	58	59	0	0	0	31	34	25
63	63	0	0	1	122	2	60	60	0	0	34	30
63	63	0	0	1	123	3	61	61	62	0	0	0	31	28	34
63	63	0	0	1	124	2	62	64	0	0	30	31
63	63	0	0	1	125	2	62	63	0	0	30	32
63	63	0	0	1	126	1	62	0	30
63	63	0	0	1	127	2	63	67	0	0	34	20
63	63	0	0	1	128	2	63	64	0	0	36	5
63	63	0	0	1	129	4	63	63	64	64	0	0	0	0	34	30	28	34
63	63	0	0	1	130	2	65	66	0	0	32	24
63	63	0	0	1	131	3	65	66	67	0	0	0	23	30	21
63	63	0	0	1	132	3	65	66	67	0	0	0	33	31	31
63	63	0	0	1	133	3	65	66	67	0	0	0	32	28	26
63	63	0	0	1	134	3	65	66	67	0	0	0	26	33	21
63	63	0	0	1	135	3	65	66	67	0	0	0	24	26	29
63	63	0	0	1	136	1	67	0	24
63	63	0	0	1	137	1	67	0	24
63	63	0	0	1	138	5	68	69	70	74	75	0	0	0	0	0	31	24	13	24	31
63	63	0	0	1	139	4	68	69	70	73	0	0	0	0	32	29	29	31
63	63	0	0	1	140	5	68	68	69	69	70	0	0	0	0	0	21	35	29	32	29
63	63	0	0	1	141	6	68	68	69	69	70	70	0	0	0	0	0	0	16	16	31	18	15	30
63	63	0	0	1	142	3	68	69	70	0	0	0	22	12	29
63	63	0	0	1	143	3	68	69	70	0	0	0	26	21	35
63	63	0	0	1	144	4	69	70	71	71	0	0	1	1	33	25	29	20
63	63	0	0	1	145	3	70	71	72	0	0	0	30	25	29
63	63	0	0	1	146	1	71	0	33
63	63	0	0	1	147	2	72	73	0	0	12	33
63	63	0	0	1	148	1	72	0	26
63	63	0	0	1	149	3	72	73	74	0	0	0	26	23	26
63	63	0	0	1	150	3	72	73	74	0	0	0	23	29	28
63	63	0	0	1	151	1	72	0	26
63	63	0	0	1	152	3	73	79	80	0	0	1	21	30	30
63	63	0	0	1	153	2	73	73	0	0	17	24
63	63	0	0	1	154	3	73	74	74	0	0	0	18	16	14
63	63	0	0	1	155	1	74	0	34
63	63	0	0	1	156	2	75	83	0	0	18	34
63	63	0	0	1	157	2	75	80	0	1	35	17
63	63	0	0	1	158	4	75	76	77	83	0	0	0	0	34	17	31	31
63	63	0	0	1	159	1	75	0	20
63	63	0	0	1	160	1	75	0	30
63	63	0	0	1	161	3	76	80	81	0	1	0	29	28	31
63	63	0	0	1	162	2	76	77	0	0	29	10
63	63	0	0	1	163	3	76	77	78	0	0	0	30	31	29
63	63	0	0	1	164	3	76	77	78	0	0	0	33	33	31
63	63	0	0	1	165	1	78	0	15
63	63	0	0	1	166	2	79	83	0	0	28	36
63	63	0	0	1	167	3	79	81	82	0	0	0	8	7	30
63	63	0	0	1	168	1	83	0	30
63	63	0	0	1	169	1	83	0	34
63	63	0	0	1	170	6	84	85	86	87	88	89	0	0	0	0	1	0	34	31	31	29	34	29
63	63	0	0	1	171	2	96	98	0	0	34	17
63	63	0	0	1	172	4	97	98	99	100	0	0	0	0	21	25	26	23
63	63	0	0	1	173	2	99	100	0	0	26	32
