50	50	0	0	1	2	3	1	0	0	0
50	50	0	0	1	6	7	1	0	0	0
50	50	0	0	1	11	12	2	0	0	0
50	50	0	0	1	13	14	2	0	0	0
50	50	0	0	1	16	17	1	0	0	0
50	50	0	0	1	18	19	1	0	0	0
50	50	0	0	1	20	21	1	0	0	0
50	50	0	0	1	23	24	1	0	0	0
50	50	0	0	1	25	26	1	0	0	0
50	50	0	0	1	26	27	1	0	0	0
50	50	0	0	1	27	28	1	0	0	0
50	50	0	0	1	28	29	1	0	0	0
50	50	0	0	1	29	30	1	0	0	0
50	50	0	0	1	30	31	1	1	0	0
50	50	0	0	1	32	33	1	0	1	0
50	50	0	0	1	36	37	0	1	0	0
50	50	0	0	1	45	46	1	0	0	0
50	50	0	0	1	46	47	1	0	0	0
50	50	0	0	1	47	48	1	0	0	0
50	50	0	0	1	48	49	1	0	0	0
50	50	0	0	1	49	50	1	0	0	0
50	50	0	0	1	50	51	2	0	0	0
50	50	0	0	1	51	52	1	0	0	0
50	50	0	0	1	52	53	2	0	0	0
50	50	0	0	1	53	54	1	0	0	0
50	50	0	0	1	54	55	1	0	0	0
50	50	0	0	1	64	65	1	0	0	0
50	50	0	0	1	66	67	1	0	0	0
50	50	0	0	1	69	70	2	0	0	0
50	50	0	0	1	71	72	2	0	0	0
50	50	0	0	1	73	74	2	0	0	0
50	50	0	0	1	75	76	2	0	0	0
50	50	0	0	1	77	78	2	0	0	0
50	50	0	0	1	92	93	1	0	0	0
50	50	0	0	1	94	95	1	0	0	0
50	50	0	0	1	96	97	1	0	0	0
50	50	0	0	1	98	99	1	0	0	0
