58	58	0	0	1	1	2	5	0	0	0
58	58	0	0	1	3	4	9	0	0	0
58	58	0	0	1	5	6	7	0	0	0
58	58	0	0	1	6	7	1	0	0	0
58	58	0	0	1	7	8	0	2	0	0
58	58	0	0	1	10	11	5	0	0	0
58	58	0	0	1	11	12	1	0	0	0
58	58	0	0	1	12	13	5	0	0	0
58	58	0	0	1	14	15	1	0	0	0
58	58	0	0	1	15	16	1	0	0	0
58	58	0	0	1	16	17	1	0	0	0
58	58	0	0	1	17	18	3	0	0	0
58	58	0	0	1	18	19	3	0	0	0
58	58	0	0	1	20	21	3	0	0	0
58	58	0	0	1	22	23	6	0	0	0
58	58	0	0	1	24	25	3	0	0	0
58	58	0	0	1	25	26	2	0	0	0
58	58	0	0	1	26	27	6	0	0	0
58	58	0	0	1	27	28	4	0	0	0
58	58	0	0	1	28	29	5	0	0	0
58	58	0	0	1	29	30	2	0	0	0
58	58	0	0	1	30	31	1	2	0	0
58	58	0	0	1	31	32	1	0	0	2
58	58	0	0	1	32	33	1	0	3	0
58	58	0	0	1	33	34	2	0	0	0
58	58	0	0	1	34	35	1	0	0	0
58	58	0	0	1	35	36	1	0	0	0
58	58	0	0	1	37	38	0	0	1	0
58	58	0	0	1	39	40	0	0	2	0
58	58	0	0	1	44	45	0	1	0	0
58	58	0	0	1	46	47	2	0	0	0
58	58	0	0	1	47	48	2	0	0	0
58	58	0	0	1	48	49	1	0	0	0
58	58	0	0	1	49	50	1	0	0	0
58	58	0	0	1	50	51	2	0	0	0
58	58	0	0	1	51	52	1	0	0	0
58	58	0	0	1	52	53	1	0	0	0
58	58	0	0	1	53	54	1	0	0	0
58	58	0	0	1	54	55	2	0	0	0
58	58	0	0	1	55	56	3	0	0	0
58	58	0	0	1	56	57	2	0	0	0
58	58	0	0	1	57	58	4	0	0	0
58	58	0	0	1	58	59	1	0	0	0
58	58	0	0	1	59	60	3	0	0	0
58	58	0	0	1	60	61	2	0	0	0
58	58	0	0	1	61	62	3	0	0	0
58	58	0	0	1	62	63	1	0	0	0
58	58	0	0	1	63	64	4	0	0	0
58	58	0	0	1	64	65	1	0	0	0
58	58	0	0	1	65	66	3	0	0	0
58	58	0	0	1	66	67	1	0	0	0
58	58	0	0	1	68	69	2	0	0	0
58	58	0	0	1	71	72	1	0	0	0
58	58	0	0	1	73	74	2	0	0	0
58	58	0	0	1	75	76	3	0	0	0
58	58	0	0	1	76	77	2	0	0	0
58	58	0	0	1	77	78	2	0	0	0
58	58	0	0	1	78	79	1	0	0	0
58	58	0	0	1	79	80	0	2	0	0
58	58	0	0	1	80	81	0	0	1	0
58	58	0	0	1	81	82	3	0	0	0
58	58	0	0	1	82	83	1	0	0	0
58	58	0	0	1	84	85	0	0	2	0
58	58	0	0	1	85	86	1	0	0	0
58	58	0	0	1	86	87	3	0	0	0
58	58	0	0	1	87	88	1	0	0	0
58	58	0	0	1	88	89	2	0	0	0
58	58	0	0	1	89	90	1	0	0	0
58	58	0	0	1	90	91	1	0	0	0
58	58	0	0	1	91	92	1	0	0	0
58	58	0	0	1	92	93	1	0	0	0
58	58	0	0	1	94	95	2	0	1	0
58	58	0	0	1	96	97	1	0	0	0
58	58	0	0	1	97	98	1	0	0	0
58	58	0	0	1	98	99	3	0	0	0
