46	46	0	0	1	1	2	2	0	0	0
46	46	0	0	1	5	6	4	0	0	0
46	46	0	0	1	10	11	3	0	0	0
46	46	0	0	1	11	12	1	0	0	0
46	46	0	0	1	12	13	1	0	0	0
46	46	0	0	1	13	14	1	0	0	0
46	46	0	0	1	16	17	0	0	1	0
46	46	0	0	1	19	20	1	0	0	0
46	46	0	0	1	20	21	1	0	0	0
46	46	0	0	1	22	23	1	0	0	0
46	46	0	0	1	26	27	1	0	0	0
46	46	0	0	1	27	28	1	0	0	0
46	46	0	0	1	31	32	1	0	0	0
46	46	0	0	1	42	43	1	0	0	0
46	46	0	0	1	44	45	0	1	0	0
46	46	0	0	1	47	48	1	0	0	0
46	46	0	0	1	55	56	1	0	0	0
46	46	0	0	1	57	58	1	0	0	0
46	46	0	0	1	58	59	2	0	0	0
46	46	0	0	1	61	62	1	0	0	0
46	46	0	0	1	69	70	3	0	0	0
46	46	0	0	1	73	74	1	0	0	0
46	46	0	0	1	76	77	2	0	0	0
46	46	0	0	1	81	82	2	0	0	0
46	46	0	0	1	84	85	3	0	0	0
46	46	0	0	1	92	93	1	0	0	0
46	46	0	0	1	95	96	2	0	0	0
46	46	0	0	1	98	99	2	0	0	0
