45	45	0	0	1	1	2	6	0	0	0
45	45	0	0	1	2	3	1	0	0	0
45	45	0	0	1	3	4	7	0	0	0
45	45	0	0	1	5	6	5	0	0	0
45	45	0	0	1	7	8	5	1	0	0
45	45	0	0	1	9	10	1	0	0	0
45	45	0	0	1	10	11	5	0	0	0
45	45	0	0	1	12	13	5	0	0	0
45	45	0	0	1	14	15	2	0	0	0
45	45	0	0	1	15	16	2	2	0	0
45	45	0	0	1	17	18	4	0	0	0
45	45	0	0	1	18	19	4	0	0	0
45	45	0	0	1	20	21	5	0	0	0
45	45	0	0	1	22	23	8	0	0	0
45	45	0	0	1	23	24	1	0	0	0
45	45	0	0	1	25	26	5	0	0	0
45	45	0	0	1	26	27	4	0	0	0
45	45	0	0	1	27	28	3	0	0	0
45	45	0	0	1	28	29	6	0	0	0
45	45	0	0	1	29	30	1	0	0	0
45	45	0	0	1	30	31	5	0	0	0
45	45	0	0	1	32	33	2	0	2	0
45	45	0	0	1	38	39	0	1	0	0
45	45	0	0	1	39	40	0	0	4	0
45	45	0	0	1	40	41	1	0	0	0
45	45	0	0	1	42	43	8	0	0	0
45	45	0	0	1	44	45	1	3	0	0
45	45	0	0	1	45	46	1	0	2	0
45	45	0	0	1	46	47	2	0	0	0
45	45	0	0	1	47	48	4	0	0	0
45	45	0	0	1	49	50	3	0	0	0
45	45	0	0	1	51	52	3	0	0	0
45	45	0	0	1	55	56	4	0	0	0
45	45	0	0	1	57	58	6	0	0	0
45	45	0	0	1	58	59	2	0	0	0
45	45	0	0	1	61	62	7	0	0	0
45	45	0	0	1	62	63	1	0	0	0
45	45	0	0	1	63	64	8	0	0	0
45	45	0	0	1	65	66	4	0	0	0
45	45	0	0	1	68	69	7	0	0	0
45	45	0	0	1	69	70	1	0	0	0
45	45	0	0	1	70	71	1	1	0	0
45	45	0	0	1	71	72	0	0	1	0
45	45	0	0	1	73	74	2	0	0	0
45	45	0	0	1	74	75	2	0	0	0
45	45	0	0	1	75	76	1	0	0	0
45	45	0	0	1	76	77	5	0	0	0
45	45	0	0	1	77	78	1	0	0	0
45	45	0	0	1	78	79	2	0	0	0
45	45	0	0	1	80	81	0	0	1	0
45	45	0	0	1	81	82	4	0	0	0
45	45	0	0	1	83	84	2	0	0	0
45	45	0	0	1	84	85	2	0	0	0
45	45	0	0	1	86	87	8	0	0	0
45	45	0	0	1	88	89	4	0	2	0
45	45	0	0	1	89	90	2	0	0	0
45	45	0	0	1	90	91	2	0	0	0
45	45	0	0	1	91	92	4	0	0	0
45	45	0	0	1	92	93	2	0	0	0
45	45	0	0	1	94	95	7	0	0	0
45	45	0	0	1	96	97	7	0	0	0
45	45	0	0	1	97	98	2	0	0	0
45	45	0	0	1	98	99	7	0	0	0
45	45	0	0	1	99	100	3	0	0	0
