84	84	0	0	1	1	2	1	0	0	0
84	84	0	0	1	2	3	4	0	0	0
84	84	0	0	1	3	4	1	0	0	0
84	84	0	0	1	4	5	5	0	0	0
84	84	0	0	1	5	6	1	0	0	0
84	84	0	0	1	6	7	3	0	0	0
84	84	0	0	1	7	8	3	2	0	0
84	84	0	0	1	10	11	1	0	0	0
84	84	0	0	1	11	12	4	0	0	0
84	84	0	0	1	13	14	2	0	0	0
84	84	0	0	1	15	16	0	3	0	0
84	84	0	0	1	16	17	0	0	1	0
84	84	0	0	1	18	19	1	0	0	0
84	84	0	0	1	19	20	1	0	0	0
84	84	0	0	1	20	21	7	0	0	0
84	84	0	0	1	21	22	1	0	0	0
84	84	0	0	1	23	24	9	0	0	0
84	84	0	0	1	25	26	2	0	0	0
84	84	0	0	1	26	27	3	0	0	0
84	84	0	0	1	27	28	1	0	0	0
84	84	0	0	1	28	29	3	0	0	0
84	84	0	0	1	29	30	1	0	0	0
84	84	0	0	1	31	32	1	0	0	0
84	84	0	0	1	33	34	1	0	0	0
84	84	0	0	1	34	35	2	0	0	0
84	84	0	0	1	35	36	3	0	0	0
84	84	0	0	1	36	37	0	1	0	0
84	84	0	0	1	37	38	0	0	2	0
84	84	0	0	1	38	39	0	1	0	0
84	84	0	0	1	39	40	0	0	2	0
84	84	0	0	1	40	41	1	0	0	0
84	84	0	0	1	46	47	1	0	0	0
84	84	0	0	1	47	48	2	0	0	0
84	84	0	0	1	48	49	1	0	0	0
84	84	0	0	1	49	50	3	0	0	0
84	84	0	0	1	50	51	1	0	0	0
84	84	0	0	1	51	52	1	0	0	0
84	84	0	0	1	52	53	6	0	0	0
84	84	0	0	1	53	54	4	0	0	0
84	84	0	0	1	54	55	1	0	0	0
84	84	0	0	1	55	56	3	0	0	0
84	84	0	0	1	56	57	6	0	0	0
84	84	0	0	1	57	58	1	0	0	0
84	84	0	0	1	58	59	6	0	0	0
84	84	0	0	1	59	60	1	0	0	0
84	84	0	0	1	60	61	2	0	0	0
84	84	0	0	1	61	62	4	0	0	0
84	84	0	0	1	62	63	1	0	0	0
84	84	0	0	1	64	65	2	0	0	0
84	84	0	0	1	66	67	7	0	0	0
84	84	0	0	1	69	70	1	0	0	0
84	84	0	0	1	71	72	1	0	0	0
84	84	0	0	1	75	76	1	0	0	0
84	84	0	0	1	76	77	3	0	0	0
84	84	0	0	1	77	78	1	0	0	0
84	84	0	0	1	78	79	2	0	0	0
84	84	0	0	1	79	80	0	1	0	0
84	84	0	0	1	80	81	0	0	2	0
84	84	0	0	1	81	82	1	0	0	0
84	84	0	0	1	87	88	4	0	0	0
84	84	0	0	1	88	89	1	0	0	0
84	84	0	0	1	89	90	3	0	0	0
84	84	0	0	1	90	91	1	0	0	0
84	84	0	0	1	91	92	4	0	0	0
84	84	0	0	1	92	93	2	0	0	0
84	84	0	0	1	93	94	2	0	0	0
84	84	0	0	1	94	95	3	0	0	0
84	84	0	0	1	95	96	1	0	0	0
84	84	0	0	1	96	97	2	0	0	0
84	84	0	0	1	97	98	2	0	0	0
84	84	0	0	1	98	99	3	0	0	0
84	84	0	0	1	99	100	2	0	0	0
