98	98	0	0	1	1	2	1	2	0	0	35	25
98	98	0	0	1	2	1	3	0	30
98	98	0	0	1	3	2	3	4	0	0	30	31
98	98	0	0	1	4	2	5	8	0	1	15	30
98	98	0	0	1	5	3	5	7	8	0	0	0	4	28	23
98	98	0	0	1	6	1	5	0	29
98	98	0	0	1	7	2	5	6	0	0	23	28
98	98	0	0	1	8	2	5	6	0	0	31	35
98	98	0	0	1	9	1	7	0	30
98	98	0	0	1	10	2	7	8	0	0	33	22
98	98	0	0	1	11	1	7	0	24
98	98	0	0	1	12	2	7	8	0	0	30	25
98	98	0	0	1	13	1	8	0	23
98	98	0	0	1	14	1	9	0	33
98	98	0	0	1	15	1	9	0	29
98	98	0	0	1	16	1	9	0	20
98	98	0	0	1	17	1	9	0	29
98	98	0	0	1	18	1	9	0	28
98	98	0	0	1	19	1	9	0	28
98	98	0	0	1	20	1	9	0	31
98	98	0	0	1	21	1	9	0	30
98	98	0	0	1	22	1	9	0	28
98	98	0	0	1	23	2	12	14	0	0	24	16
98	98	0	0	1	24	1	14	0	34
98	98	0	0	1	25	1	12	0	29
98	98	0	0	1	26	2	12	13	0	0	31	4
98	98	0	0	1	27	3	12	13	14	0	0	0	22	30	21
98	98	0	0	1	28	2	12	13	0	0	30	26
98	98	0	0	1	29	1	13	0	23
98	98	0	0	1	30	1	13	0	30
98	98	0	0	1	31	1	13	0	20
98	98	0	0	1	32	1	13	0	26
98	98	0	0	1	33	1	14	0	28
98	98	0	0	1	34	1	14	0	34
98	98	0	0	1	35	1	14	0	32
98	98	0	0	1	36	1	14	0	29
98	98	0	0	1	37	1	14	0	32
98	98	0	0	1	38	1	14	0	20
98	98	0	0	1	39	1	14	0	33
98	98	0	0	1	40	1	14	0	31
98	98	0	0	1	41	1	14	0	33
98	98	0	0	1	42	1	14	0	30
98	98	0	0	1	43	2	15	17	0	0	34	19
98	98	0	0	1	44	1	15	0	32
98	98	0	0	1	45	3	15	17	18	0	0	0	30	19	28
98	98	0	0	1	46	1	15	0	33
98	98	0	0	1	47	1	15	0	33
98	98	0	0	1	48	2	15	17	0	0	30	19
98	98	0	0	1	49	2	15	17	0	0	30	21
98	98	0	0	1	50	1	15	0	32
98	98	0	0	1	51	2	15	18	0	0	28	29
98	98	0	0	1	52	3	16	18	19	0	0	0	30	28	30
98	98	0	0	1	53	1	16	1	30
98	98	0	0	1	54	2	16	19	0	0	29	25
98	98	0	0	1	55	1	16	0	20
98	98	0	0	1	56	3	16	18	19	1	0	0	31	28	30
98	98	0	0	1	57	1	17	0	31
98	98	0	0	1	58	1	17	0	25
98	98	0	0	1	59	1	17	0	30
98	98	0	0	1	60	2	17	18	0	0	24	32
98	98	0	0	1	61	1	17	0	33
98	98	0	0	1	62	1	17	0	21
98	98	0	0	1	63	2	17	18	0	0	29	24
98	98	0	0	1	64	1	18	0	18
98	98	0	0	1	65	2	18	19	0	0	32	30
98	98	0	0	1	66	2	18	19	0	0	35	31
98	98	0	0	1	67	2	18	19	0	0	25	32
98	98	0	0	1	68	2	18	19	0	0	28	33
98	98	0	0	1	69	3	18	19	20	0	0	0	27	24	32
98	98	0	0	1	70	1	19	0	32
98	98	0	0	1	71	1	19	0	34
98	98	0	0	1	72	1	19	0	21
98	98	0	0	1	73	1	19	0	33
98	98	0	0	1	74	1	19	0	33
98	98	0	0	1	75	1	19	0	31
98	98	0	0	1	76	1	19	0	18
98	98	0	0	1	77	2	19	21	0	0	27	26
98	98	0	0	1	78	1	19	0	29
98	98	0	0	1	79	1	19	0	29
98	98	0	0	1	80	2	20	21	0	0	15	15
98	98	0	0	1	81	2	20	21	0	0	33	30
98	98	0	0	1	82	1	21	0	31
98	98	0	0	1	83	1	21	0	31
98	98	0	0	1	84	1	21	0	33
98	98	0	0	1	85	2	22	23	0	0	28	27
98	98	0	0	1	86	3	22	23	24	0	0	0	29	29	28
98	98	0	0	1	87	2	22	23	0	0	29	29
98	98	0	0	1	88	2	22	23	0	0	21	27
98	98	0	0	1	89	3	22	23	24	0	0	0	34	25	32
98	98	0	0	1	90	2	23	24	0	0	25	29
98	98	0	0	1	91	2	23	24	0	0	29	30
98	98	0	0	1	92	1	24	0	30
98	98	0	0	1	93	1	25	0	30
98	98	0	0	1	94	1	25	0	29
98	98	0	0	1	95	2	25	26	0	0	28	31
98	98	0	0	1	96	1	26	0	25
98	98	0	0	1	97	5	26	27	28	29	32	0	0	0	0	1	33	32	29	26	31
98	98	0	0	1	98	3	27	28	29	0	0	0	27	20	27
98	98	0	0	1	99	1	30	0	27
98	98	0	0	1	100	2	30	31	0	0	30	29
98	98	0	0	1	101	1	31	1	31
98	98	0	0	1	102	1	31	0	25
98	98	0	0	1	103	2	32	33	0	0	32	27
98	98	0	0	1	104	1	32	0	16
98	98	0	0	1	105	2	33	34	0	0	27	32
98	98	0	0	1	106	2	34	35	0	0	24	29
98	98	0	0	1	107	1	35	0	31
98	98	0	0	1	108	1	35	0	32
98	98	0	0	1	109	1	35	0	29
98	98	0	0	1	110	1	36	0	31
98	98	0	0	1	111	2	38	41	0	0	28	26
98	98	0	0	1	112	1	38	0	3
98	98	0	0	1	113	2	38	41	0	0	29	23
98	98	0	0	1	114	2	38	41	0	0	29	33
98	98	0	0	1	115	1	39	1	18
98	98	0	0	1	116	2	39	40	1	0	28	30
98	98	0	0	1	117	2	39	40	1	0	28	32
98	98	0	0	1	118	2	40	41	0	0	27	22
98	98	0	0	1	119	1	41	0	29
98	98	0	0	1	120	1	41	0	33
98	98	0	0	1	121	1	41	0	30
98	98	0	0	1	122	1	41	0	28
98	98	0	0	1	123	3	42	45	46	0	1	0	33	3	29
98	98	0	0	1	124	1	43	0	32
98	98	0	0	1	125	1	44	0	33
98	98	0	0	1	126	2	44	45	0	1	28	31
98	98	0	0	1	127	3	45	46	50	0	0	0	20	30	32
98	98	0	0	1	128	4	45	46	47	48	0	0	0	0	26	32	4	22
98	98	0	0	1	129	2	47	48	0	0	25	32
98	98	0	0	1	130	2	48	50	0	0	29	34
98	98	0	0	1	131	1	50	0	32
98	98	0	0	1	132	1	50	0	33
98	98	0	0	1	133	1	50	0	29
98	98	0	0	1	134	1	51	0	32
98	98	0	0	1	135	1	51	0	26
98	98	0	0	1	136	2	51	53	0	0	31	25
98	98	0	0	1	137	1	51	0	30
98	98	0	0	1	138	1	52	0	25
98	98	0	0	1	139	1	52	0	19
98	98	0	0	1	140	2	52	54	0	0	21	26
98	98	0	0	1	141	2	52	54	0	0	19	30
98	98	0	0	1	142	3	54	55	56	0	0	0	32	30	25
98	98	0	0	1	143	2	55	56	0	0	29	28
98	98	0	0	1	144	2	55	56	0	0	28	20
98	98	0	0	1	145	2	55	56	0	0	26	31
98	98	0	0	1	146	2	55	56	0	0	24	30
98	98	0	0	1	147	2	55	56	0	0	26	31
98	98	0	0	1	148	2	55	56	0	0	27	29
98	98	0	0	1	149	1	57	0	27
98	98	0	0	1	150	1	57	0	37
98	98	0	0	1	151	2	58	59	0	0	29	32
98	98	0	0	1	152	2	58	59	0	0	3	27
98	98	0	0	1	153	1	59	0	27
98	98	0	0	1	154	2	60	62	0	0	19	23
98	98	0	0	1	155	2	60	62	0	0	19	33
98	98	0	0	1	156	1	60	0	28
98	98	0	0	1	157	1	60	0	40
98	98	0	0	1	158	1	60	0	33
98	98	0	0	1	159	1	61	0	32
98	98	0	0	1	160	1	61	0	21
98	98	0	0	1	161	2	61	62	0	0	33	33
98	98	0	0	1	162	1	62	0	28
98	98	0	0	1	163	4	63	65	66	67	0	0	0	0	23	31	32	29
98	98	0	0	1	164	5	63	64	65	66	67	0	0	0	0	0	26	16	3	4	20
98	98	0	0	1	165	1	64	0	19
98	98	0	0	1	166	1	64	0	26
98	98	0	0	1	167	3	65	66	67	0	0	0	22	28	18
98	98	0	0	1	168	1	67	0	22
98	98	0	0	1	169	1	67	0	30
98	98	0	0	1	170	1	68	0	15
98	98	0	0	1	171	2	68	69	0	0	28	27
98	98	0	0	1	172	3	68	69	70	0	0	0	33	28	32
98	98	0	0	1	173	3	68	69	70	0	0	0	32	24	33
98	98	0	0	1	174	3	68	69	70	0	0	0	33	24	15
98	98	0	0	1	175	2	69	70	0	0	26	28
98	98	0	0	1	176	1	71	0	31
98	98	0	0	1	177	1	71	0	28
98	98	0	0	1	178	1	71	0	30
98	98	0	0	1	179	1	71	0	27
98	98	0	0	1	180	1	71	1	31
98	98	0	0	1	181	1	72	0	31
98	98	0	0	1	182	1	73	0	21
98	98	0	0	1	183	2	73	74	0	0	33	31
98	98	0	0	1	184	2	73	74	0	0	32	31
98	98	0	0	1	185	1	73	0	19
98	98	0	0	1	186	1	73	0	26
98	98	0	0	1	187	3	73	74	78	0	0	0	23	22	9
98	98	0	0	1	188	1	74	0	20
98	98	0	0	1	189	3	74	76	77	0	0	0	29	31	32
98	98	0	0	1	190	1	74	0	21
98	98	0	0	1	191	4	74	76	77	78	0	0	0	0	30	31	30	27
98	98	0	0	1	192	2	74	79	0	0	23	29
98	98	0	0	1	193	2	74	78	0	0	30	25
98	98	0	0	1	194	2	75	79	0	0	34	31
98	98	0	0	1	195	1	75	0	30
98	98	0	0	1	196	1	75	0	26
98	98	0	0	1	197	1	75	0	32
98	98	0	0	1	198	2	76	77	0	0	26	25
98	98	0	0	1	199	2	76	77	0	0	21	21
98	98	0	0	1	200	1	78	0	19
98	98	0	0	1	201	2	78	82	0	0	26	25
98	98	0	0	1	202	1	78	0	25
98	98	0	0	1	203	1	78	0	4
98	98	0	0	1	204	1	78	0	21
98	98	0	0	1	205	1	79	0	3
98	98	0	0	1	206	2	79	83	0	0	26	30
98	98	0	0	1	207	1	79	0	26
98	98	0	0	1	208	1	79	0	3
98	98	0	0	1	209	2	80	83	1	0	29	31
98	98	0	0	1	210	1	80	1	32
98	98	0	0	1	211	2	80	83	1	0	24	33
98	98	0	0	1	212	1	80	1	28
98	98	0	0	1	213	1	80	1	33
98	98	0	0	1	214	2	81	82	0	0	29	32
98	98	0	0	1	215	2	81	82	0	0	29	34
98	98	0	0	1	216	1	81	0	25
98	98	0	0	1	217	2	81	82	0	0	28	26
98	98	0	0	1	218	2	81	82	0	0	28	33
98	98	0	0	1	219	1	83	0	28
98	98	0	0	1	220	2	84	85	0	0	23	4
98	98	0	0	1	221	2	86	87	0	0	30	29
98	98	0	0	1	222	2	86	87	0	0	30	31
98	98	0	0	1	223	4	86	87	88	89	0	0	0	0	32	33	30	33
98	98	0	0	1	224	3	86	87	88	0	0	1	32	35	28
98	98	0	0	1	225	4	86	87	88	89	0	0	0	0	17	26	15	18
98	98	0	0	1	226	4	89	90	94	95	0	0	0	0	29	31	31	27
98	98	0	0	1	227	1	90	0	29
98	98	0	0	1	228	1	90	0	31
98	98	0	0	1	229	1	90	0	34
98	98	0	0	1	230	1	90	0	30
98	98	0	0	1	231	2	91	92	0	0	25	11
98	98	0	0	1	232	2	91	92	0	0	30	22
98	98	0	0	1	233	2	91	92	0	0	28	31
98	98	0	0	1	234	3	94	95	96	0	0	0	28	19	27
98	98	0	0	1	235	1	96	0	35
98	98	0	0	1	236	1	96	0	29
98	98	0	0	1	237	2	97	98	0	0	27	30
98	98	0	0	1	238	2	97	98	0	0	29	31
98	98	0	0	1	239	3	98	99	100	0	0	0	28	26	25
