83	83	0	0	1	1	3	1	1	2	0	0	0	29	23	28
83	83	0	0	1	2	2	1	2	0	0	27	23
83	83	0	0	1	3	3	3	4	8	0	0	1	36	31	28
83	83	0	0	1	4	3	3	4	5	0	0	0	35	36	32
83	83	0	0	1	5	2	3	4	0	0	33	39
83	83	0	0	1	6	4	3	4	5	6	0	0	0	0	36	37	30	30
83	83	0	0	1	7	2	5	6	0	0	29	33
83	83	0	0	1	8	2	9	10	0	0	36	40
83	83	0	0	1	9	4	9	10	11	12	0	0	0	0	32	35	41	40
83	83	0	0	1	10	1	9	0	30
83	83	0	0	1	11	1	9	0	26
83	83	0	0	1	12	1	9	0	14
83	83	0	0	1	13	4	10	11	12	13	0	0	0	0	45	44	41	21
83	83	0	0	1	14	2	10	11	0	0	33	33
83	83	0	0	1	15	2	10	11	0	0	22	33
83	83	0	0	1	16	3	10	11	12	0	0	0	30	29	31
83	83	0	0	1	17	2	12	13	0	0	21	13
83	83	0	0	1	18	2	12	13	0	0	20	23
83	83	0	0	1	19	1	13	0	14
83	83	0	0	1	20	2	13	15	0	0	24	39
83	83	0	0	1	21	3	14	15	16	0	0	0	30	41	32
83	83	0	0	1	22	1	14	0	32
83	83	0	0	1	23	1	14	0	25
83	83	0	0	1	24	1	14	0	34
83	83	0	0	1	25	1	14	0	30
83	83	0	0	1	26	1	15	0	40
83	83	0	0	1	27	2	16	19	0	0	29	26
83	83	0	0	1	28	2	17	18	0	0	32	18
83	83	0	0	1	29	3	17	18	20	0	0	0	33	25	36
83	83	0	0	1	30	4	18	19	20	21	0	0	0	0	25	31	34	35
83	83	0	0	1	31	3	18	19	21	0	0	0	25	34	28
83	83	0	0	1	32	3	18	19	19	0	0	0	27	35	30
83	83	0	0	1	33	1	19	0	28
83	83	0	0	1	34	1	19	0	29
83	83	0	0	1	35	3	20	20	21	0	0	0	6	31	37
83	83	0	0	1	36	2	20	21	0	0	30	18
83	83	0	0	1	37	1	20	0	35
83	83	0	0	1	38	3	20	21	24	0	0	0	35	34	25
83	83	0	0	1	39	1	21	0	29
83	83	0	0	1	40	1	21	0	32
83	83	0	0	1	41	8	22	23	24	26	27	28	29	30	0	0	0	0	0	0	0	0	35	25	38	39	43	34	42	39
83	83	0	0	1	42	5	24	26	27	28	29	0	0	0	0	0	31	14	30	25	32
83	83	0	0	1	43	3	25	30	31	0	0	0	28	32	34
83	83	0	0	1	44	4	26	27	32	33	0	0	0	0	24	3	26	26
83	83	0	0	1	45	3	26	30	31	0	0	0	19	23	32
83	83	0	0	1	46	4	26	27	28	29	0	0	0	0	29	26	25	32
83	83	0	0	1	47	5	26	27	28	29	31	0	0	0	0	0	24	17	32	18	24
83	83	0	0	1	48	3	30	32	33	0	0	0	26	31	31
83	83	0	0	1	49	3	30	30	31	0	0	0	31	30	36
83	83	0	0	1	50	1	31	0	35
83	83	0	0	1	51	3	32	33	36	0	0	0	37	32	41
83	83	0	0	1	52	1	32	0	32
83	83	0	0	1	53	2	32	35	0	1	27	28
83	83	0	0	1	54	3	32	32	33	0	0	0	30	33	30
83	83	0	0	1	55	2	34	35	0	0	18	35
83	83	0	0	1	56	1	35	1	29
83	83	0	0	1	57	1	35	0	28
83	83	0	0	1	58	1	35	0	31
83	83	0	0	1	59	2	36	36	0	0	17	13
83	83	0	0	1	60	1	36	0	17
83	83	0	0	1	61	1	36	0	14
83	83	0	0	1	62	2	37	41	0	0	33	21
83	83	0	0	1	63	1	37	1	34
83	83	0	0	1	64	2	38	38	0	0	24	33
83	83	0	0	1	65	3	38	42	43	0	0	0	37	40	31
83	83	0	0	1	66	5	39	40	41	43	44	1	0	0	0	0	36	39	32	40	38
83	83	0	0	1	67	2	39	40	1	0	31	20
83	83	0	0	1	68	2	39	40	1	0	34	29
83	83	0	0	1	69	6	39	39	40	40	41	41	1	1	0	0	0	0	26	31	29	28	23	31
83	83	0	0	1	70	5	39	40	41	42	43	1	0	0	0	0	32	33	31	24	33
83	83	0	0	1	71	3	39	40	41	1	0	0	31	33	30
83	83	0	0	1	72	2	41	42	0	0	30	28
83	83	0	0	1	73	1	41	0	16
83	83	0	0	1	74	1	41	0	27
83	83	0	0	1	75	3	42	49	50	0	0	0	36	40	38
83	83	0	0	1	76	3	42	47	48	0	0	0	34	19	30
83	83	0	0	1	77	3	42	47	48	0	0	0	31	26	33
83	83	0	0	1	78	3	42	43	51	0	0	0	35	40	36
83	83	0	0	1	79	2	42	43	0	0	24	35
83	83	0	0	1	80	2	42	43	0	0	37	10
83	83	0	0	1	81	2	44	50	0	0	37	28
83	83	0	0	1	82	2	45	46	1	0	29	32
83	83	0	0	1	83	5	45	46	47	48	51	1	0	0	0	0	29	26	31	25	36
83	83	0	0	1	84	4	46	47	48	51	0	0	0	0	30	19	26	36
83	83	0	0	1	85	3	49	50	54	0	0	0	34	22	13
83	83	0	0	1	86	1	49	0	34
83	83	0	0	1	87	2	49	50	0	0	33	34
83	83	0	0	1	88	1	49	0	31
83	83	0	0	1	89	2	49	53	0	0	31	30
83	83	0	0	1	90	1	50	0	33
83	83	0	0	1	91	2	51	54	0	0	32	34
83	83	0	0	1	92	5	51	52	57	58	59	0	0	0	0	0	41	25	32	29	39
83	83	0	0	1	93	2	51	52	0	0	31	30
83	83	0	0	1	94	2	52	53	0	0	24	32
83	83	0	0	1	95	3	54	58	59	0	0	0	34	24	35
83	83	0	0	1	96	3	55	56	57	0	0	0	41	44	32
83	83	0	0	1	97	2	55	56	0	0	35	29
83	83	0	0	1	98	2	55	56	0	0	35	22
83	83	0	0	1	99	2	55	56	0	0	31	34
83	83	0	0	1	100	5	55	56	57	58	59	0	0	0	0	0	38	40	42	36	31
83	83	0	0	1	101	5	55	55	56	56	57	0	0	0	0	0	22	31	26	29	34
83	83	0	0	1	102	5	57	58	59	61	62	0	0	0	0	0	33	23	27	28	34
83	83	0	0	1	103	3	58	59	62	0	0	0	31	33	31
83	83	0	0	1	104	3	60	61	62	0	0	0	33	15	34
83	83	0	0	1	105	5	61	62	65	66	67	0	0	0	0	0	45	33	35	38	42
83	83	0	0	1	106	1	61	0	33
83	83	0	0	1	107	4	62	65	66	67	0	0	0	0	31	37	35	43
83	83	0	0	1	108	2	63	64	0	0	9	20
83	83	0	0	1	109	3	63	65	66	0	0	0	29	9	30
83	83	0	0	1	110	2	63	64	0	0	29	17
83	83	0	0	1	111	2	63	64	0	0	35	17
83	83	0	0	1	112	2	63	64	0	0	30	19
83	83	0	0	1	113	3	63	64	64	0	0	0	34	28	33
83	83	0	0	1	114	2	63	64	0	0	35	34
83	83	0	0	1	115	4	63	64	65	66	0	0	0	0	34	25	26	21
83	83	0	0	1	116	2	63	64	0	0	21	25
83	83	0	0	1	117	5	63	64	65	66	68	0	0	0	0	0	34	40	25	29	40
83	83	0	0	1	118	1	64	0	21
83	83	0	0	1	119	4	64	65	66	67	0	0	0	0	16	33	28	28
83	83	0	0	1	120	4	64	65	66	67	0	0	0	0	33	41	37	24
83	83	0	0	1	121	1	65	0	15
83	83	0	0	1	122	2	65	66	0	0	32	28
83	83	0	0	1	123	3	65	66	67	0	0	0	26	27	32
83	83	0	0	1	124	3	65	66	67	0	0	0	28	18	29
83	83	0	0	1	125	4	68	69	70	72	0	0	0	0	25	34	27	30
83	83	0	0	1	126	2	71	72	0	0	26	32
83	83	0	0	1	127	2	71	73	0	0	23	33
83	83	0	0	1	128	1	71	0	31
83	83	0	0	1	129	2	71	72	0	0	31	28
83	83	0	0	1	130	1	71	0	30
83	83	0	0	1	131	1	71	0	32
83	83	0	0	1	132	1	71	0	27
83	83	0	0	1	133	2	72	74	0	0	16	23
83	83	0	0	1	134	0
83	83	0	0	1	135	3	72	73	74	0	0	0	23	31	32
83	83	0	0	1	136	1	73	0	38
83	83	0	0	1	137	3	73	74	79	0	0	0	18	15	24
83	83	0	0	1	138	2	73	74	0	0	22	24
83	83	0	0	1	139	1	74	0	24
83	83	0	0	1	140	3	75	81	82	0	0	0	29	28	23
83	83	0	0	1	141	2	75	80	0	1	26	28
83	83	0	0	1	142	4	75	76	77	78	0	0	0	0	23	32	21	33
83	83	0	0	1	143	1	75	0	26
83	83	0	0	1	144	2	76	77	0	0	17	30
83	83	0	0	1	145	5	76	77	78	81	82	0	0	0	0	0	32	21	27	34	31
83	83	0	0	1	146	4	76	77	78	79	0	0	0	0	30	28	33	35
83	83	0	0	1	147	2	77	78	0	0	27	32
83	83	0	0	1	148	3	78	79	80	0	0	1	41	28	30
83	83	0	0	1	149	3	79	84	85	0	0	0	29	31	34
83	83	0	0	1	150	2	81	82	0	0	24	28
83	83	0	0	1	151	2	82	82	0	0	30	13
83	83	0	0	1	152	2	82	83	0	0	33	34
83	83	0	0	1	153	3	83	84	85	0	0	0	40	30	28
83	83	0	0	1	154	6	84	85	86	87	88	89	0	0	0	0	0	0	34	34	29	34	29	33
83	83	0	0	1	155	2	84	85	0	0	36	29
83	83	0	0	1	156	6	86	87	88	89	94	95	0	0	0	0	0	0	31	37	36	36	30	37
83	83	0	0	1	157	12	86	87	88	89	90	91	92	96	97	98	99	100	0	0	0	0	0	0	0	0	0	0	0	0	33	37	31	36	41	31	36	36	40	39	41	40
83	83	0	0	1	158	7	86	87	88	89	90	91	92	0	0	0	0	0	0	0	28	37	37	34	36	29	13
83	83	0	0	1	159	8	90	91	92	93	97	98	99	100	0	0	0	0	0	0	0	0	31	30	36	4	32	37	23	25
83	83	0	0	1	160	5	94	95	98	99	100	0	0	0	0	0	29	30	31	35	33
83	83	0	0	1	161	3	94	95	96	0	0	0	31	27	28
83	83	0	0	1	162	2	94	95	0	0	39	38
83	83	0	0	1	163	5	96	97	98	99	100	0	0	0	0	0	44	27	34	42	36
83	83	0	0	1	164	5	96	96	97	98	99	0	0	0	0	0	25	27	31	31	22
83	83	0	0	1	165	1	96	0	34
