53	53	0	0	1	1	3	1	7	8	0	0	0	27	39	26
53	53	0	0	1	2	2	1	2	0	0	38	36
53	53	0	0	1	3	4	1	2	3	4	0	0	0	0	40	36	39	38
53	53	0	0	1	4	4	1	2	3	4	0	0	0	0	33	36	39	38
53	53	0	0	1	5	3	2	3	4	0	0	0	33	38	31
53	53	0	0	1	6	3	4	5	6	0	0	0	34	32	35
53	53	0	0	1	7	2	6	7	0	0	37	39
53	53	0	0	1	8	2	7	8	0	1	38	37
53	53	0	0	1	9	3	7	8	9	0	1	0	38	36	27
53	53	0	0	1	10	2	7	8	0	1	40	38
53	53	0	0	1	11	1	9	0	23
53	53	0	0	1	12	1	9	0	41
53	53	0	0	1	13	1	9	0	39
53	53	0	0	1	14	2	10	11	0	0	37	36
53	53	0	0	1	15	3	10	11	12	0	0	0	39	39	37
53	53	0	0	1	16	4	10	11	12	13	0	0	0	0	38	39	35	35
53	53	0	0	1	17	4	10	11	12	13	0	0	0	0	26	32	40	38
53	53	0	0	1	18	1	13	0	27
53	53	0	0	1	19	1	14	0	18
53	53	0	0	1	20	1	14	0	40
53	53	0	0	1	21	2	14	15	0	0	38	38
53	53	0	0	1	22	1	14	0	26
53	53	0	0	1	23	0
53	53	0	0	1	24	2	14	16	0	0	30	29
53	53	0	0	1	25	4	15	16	20	21	0	1	0	0	40	38	38	40
53	53	0	0	1	26	2	15	16	0	0	33	37
53	53	0	0	1	27	3	15	16	21	0	1	0	33	39	41
53	53	0	0	1	28	2	16	21	0	0	37	41
53	53	0	0	1	29	2	17	18	0	0	28	34
53	53	0	0	1	30	2	17	18	0	0	42	24
53	53	0	0	1	31	3	17	18	19	0	0	0	30	39	39
53	53	0	0	1	32	1	19	0	39
53	53	0	0	1	33	3	22	23	24	0	0	0	38	39	37
53	53	0	0	1	34	5	23	24	31	32	33	0	0	1	1	0	38	38	27	37	31
53	53	0	0	1	35	2	25	26	0	0	40	36
53	53	0	0	1	36	8	25	26	27	28	29	32	33	34	0	0	0	0	0	1	0	0	39	35	37	39	28	40	39	36
53	53	0	0	1	37	5	30	31	32	33	34	0	0	0	0	0	38	39	34	39	37
53	53	0	0	1	38	2	30	31	0	0	35	40
53	53	0	0	1	39	4	32	33	34	36	0	0	0	0	37	38	14	37
53	53	0	0	1	40	2	33	34	0	0	34	37
53	53	0	0	1	41	2	34	37	0	0	37	21
53	53	0	0	1	42	2	34	36	0	0	35	41
53	53	0	0	1	43	1	37	1	31
53	53	0	0	1	44	7	39	40	44	45	46	47	48	1	0	0	1	0	0	0	20	26	36	37	39	28	38
53	53	0	0	1	45	8	39	40	41	44	45	46	47	48	1	0	0	0	0	0	0	0	40	32	31	40	37	33	27	34
53	53	0	0	1	46	5	41	45	46	47	48	0	1	0	0	0	36	36	40	26	39
53	53	0	0	1	47	4	42	43	50	51	0	0	0	0	40	22	20	40
53	53	0	0	1	48	4	42	43	49	50	0	0	0	0	36	23	35	39
53	53	0	0	1	49	4	42	43	51	52	0	0	0	0	39	41	37	38
53	53	0	0	1	50	4	42	43	52	53	0	0	0	0	37	41	24	40
53	53	0	0	1	51	3	47	48	49	0	0	0	24	36	37
53	53	0	0	1	52	2	49	53	0	0	32	23
53	53	0	0	1	53	3	49	50	54	0	0	0	39	42	39
53	53	0	0	1	54	5	51	52	57	58	59	0	0	0	0	0	39	30	30	38	38
53	53	0	0	1	55	2	54	60	0	0	40	36
53	53	0	0	1	56	3	54	61	62	0	0	0	22	20	25
53	53	0	0	1	57	2	54	60	0	0	39	41
53	53	0	0	1	58	6	55	56	57	58	61	62	0	0	0	0	0	0	37	39	40	35	34	38
53	53	0	0	1	59	2	55	56	0	0	8	26
53	53	0	0	1	60	5	55	56	57	58	59	0	0	0	0	0	36	33	38	39	40
53	53	0	0	1	61	5	58	59	60	63	64	0	0	0	0	0	37	39	42	39	32
53	53	0	0	1	62	3	60	63	64	0	0	0	40	38	38
53	53	0	0	1	63	5	61	62	65	66	67	0	0	0	0	0	37	34	42	38	39
53	53	0	0	1	64	1	68	0	28
53	53	0	0	1	65	5	68	69	70	74	75	0	0	0	0	0	40	38	39	27	35
53	53	0	0	1	66	7	68	69	70	71	75	76	77	0	0	0	0	0	0	0	38	38	40	38	39	38	37
53	53	0	0	1	67	2	71	72	0	0	38	38
53	53	0	0	1	68	4	72	78	79	80	0	0	0	1	29	20	34	39
53	53	0	0	1	69	1	72	0	6
53	53	0	0	1	70	1	72	0	37
53	53	0	0	1	71	2	73	74	0	0	38	37
53	53	0	0	1	72	2	73	74	0	0	41	39
53	53	0	0	1	73	5	74	75	83	84	85	0	0	0	1	0	37	39	36	38	38
53	53	0	0	1	74	3	76	77	78	0	0	0	36	29	29
53	53	0	0	1	75	3	78	79	80	0	0	1	30	39	40
53	53	0	0	1	76	6	79	80	81	86	87	88	0	1	0	0	0	0	35	37	36	37	39	33
53	53	0	0	1	77	3	83	84	85	0	0	0	38	39	39
53	53	0	0	1	78	4	84	85	94	95	1	0	1	0	40	41	42	41
53	53	0	0	1	79	9	86	87	88	89	96	97	98	99	100	0	0	0	0	0	0	0	0	0	41	40	40	40	42	42	40	41	41
53	53	0	0	1	80	2	94	95	0	0	40	38
53	53	0	0	1	81	2	94	95	0	0	39	36
53	53	0	0	1	82	2	94	95	0	0	37	39
53	53	0	0	1	83	6	95	96	97	98	99	100	0	0	0	0	0	0	35	41	41	39	40	40
53	53	0	0	1	84	5	96	97	98	99	100	0	0	0	0	0	41	37	38	33	34
53	53	0	0	1	85	5	96	97	98	99	100	0	0	0	0	0	39	5	31	38	39
53	53	0	0	1	86	5	96	97	98	99	100	0	0	0	0	0	40	39	31	41	35
53	53	0	0	1	87	5	96	97	98	99	100	0	0	0	0	0	39	38	41	39	35
