42	42	0	0	1	1	1	1	0	18
42	42	0	0	1	2	3	1	3	4	0	0	0	37	27	31
42	42	0	0	1	3	1	1	0	34
42	42	0	0	1	4	1	1	0	38
42	42	0	0	1	5	2	1	2	0	0	35	36
42	42	0	0	1	6	4	1	2	5	6	0	0	0	0	36	32	34	29
42	42	0	0	1	7	3	1	2	5	0	0	0	36	33	32
42	42	0	0	1	8	3	1	2	5	0	0	0	36	34	24
42	42	0	0	1	9	3	3	5	6	0	0	0	31	29	22
42	42	0	0	1	10	1	3	0	28
42	42	0	0	1	11	2	3	4	0	0	34	31
42	42	0	0	1	12	2	3	4	0	0	32	32
42	42	0	0	1	13	2	3	4	0	0	34	37
42	42	0	0	1	14	2	3	4	0	0	11	32
42	42	0	0	1	15	1	4	0	32
42	42	0	0	1	16	4	5	6	7	8	0	0	0	0	17	25	35	24
42	42	0	0	1	17	1	8	0	19
42	42	0	0	1	18	1	8	0	18
42	42	0	0	1	19	1	9	0	33
42	42	0	0	1	20	1	9	0	33
42	42	0	0	1	21	1	10	0	29
42	42	0	0	1	22	2	10	11	0	0	32	31
42	42	0	0	1	23	2	10	11	0	0	31	28
42	42	0	0	1	24	2	10	11	0	0	28	30
42	42	0	0	1	25	2	10	11	0	0	32	31
42	42	0	0	1	26	3	10	11	12	0	0	0	17	33	23
42	42	0	0	1	27	2	10	11	0	0	11	29
42	42	0	0	1	28	2	11	12	0	0	34	15
42	42	0	0	1	29	1	12	0	19
42	42	0	0	1	30	3	12	13	14	0	0	0	23	30	34
42	42	0	0	1	31	2	13	14	0	0	32	35
42	42	0	0	1	32	1	14	0	31
42	42	0	0	1	33	1	14	0	26
42	42	0	0	1	34	1	14	0	34
42	42	0	0	1	35	1	15	0	28
42	42	0	0	1	36	1	15	0	34
42	42	0	0	1	37	1	15	0	33
42	42	0	0	1	38	1	15	0	34
42	42	0	0	1	39	1	16	0	29
42	42	0	0	1	40	1	16	0	30
42	42	0	0	1	41	1	17	0	34
42	42	0	0	1	42	2	17	18	0	0	14	28
42	42	0	0	1	43	1	18	0	25
42	42	0	0	1	44	1	18	0	25
42	42	0	0	1	45	2	18	19	0	0	19	21
42	42	0	0	1	46	2	18	19	0	0	31	36
42	42	0	0	1	47	2	19	21	0	0	35	26
42	42	0	0	1	48	1	21	0	34
42	42	0	0	1	49	1	21	0	33
42	42	0	0	1	50	1	21	0	29
42	42	0	0	1	51	1	21	0	35
42	42	0	0	1	52	6	22	22	23	23	24	24	0	0	0	0	0	0	21	32	24	27	31	30
42	42	0	0	1	53	1	24	0	34
42	42	0	0	1	54	1	24	0	31
42	42	0	0	1	55	1	25	0	18
42	42	0	0	1	56	1	25	0	36
42	42	0	0	1	57	1	25	0	35
42	42	0	0	1	58	1	25	0	37
42	42	0	0	1	59	1	25	0	32
42	42	0	0	1	60	4	26	27	28	29	0	0	0	0	34	34	17	34
42	42	0	0	1	61	4	26	27	28	29	0	0	0	0	19	3	10	23
42	42	0	0	1	62	2	28	29	0	0	32	24
42	42	0	0	1	63	1	30	0	35
42	42	0	0	1	64	3	30	32	33	0	1	0	35	18	28
42	42	0	0	1	65	2	30	31	0	1	28	25
42	42	0	0	1	66	2	31	33	1	0	20	24
42	42	0	0	1	67	1	32	1	35
42	42	0	0	1	68	1	32	1	25
42	42	0	0	1	69	1	32	1	35
42	42	0	0	1	70	2	32	33	1	0	33	33
42	42	0	0	1	71	1	34	0	18
42	42	0	0	1	72	2	34	35	0	0	32	33
42	42	0	0	1	73	1	35	0	18
42	42	0	0	1	74	1	35	0	35
42	42	0	0	1	75	1	36	0	27
42	42	0	0	1	76	1	36	0	13
42	42	0	0	1	77	1	37	0	30
42	42	0	0	1	78	1	37	0	25
42	42	0	0	1	79	1	38	0	31
42	42	0	0	1	80	3	38	39	40	0	1	0	34	25	4
42	42	0	0	1	81	1	38	0	35
42	42	0	0	1	82	1	38	0	35
42	42	0	0	1	83	2	39	40	1	0	35	37
42	42	0	0	1	84	2	39	40	1	0	36	16
42	42	0	0	1	85	1	41	0	32
42	42	0	0	1	86	1	41	0	33
42	42	0	0	1	87	1	42	0	24
42	42	0	0	1	88	3	42	43	45	0	1	0	17	9	30
42	42	0	0	1	89	2	46	47	0	0	33	17
42	42	0	0	1	90	4	46	47	48	49	0	0	0	0	32	9	12	36
42	42	0	0	1	91	4	46	47	48	49	0	0	0	0	28	19	4	28
42	42	0	0	1	92	2	49	51	0	0	32	33
42	42	0	0	1	93	2	49	49	0	0	32	36
42	42	0	0	1	94	0
42	42	0	0	1	95	1	50	0	31
42	42	0	0	1	96	2	50	52	0	0	14	22
42	42	0	0	1	97	2	52	52	0	0	13	31
42	42	0	0	1	98	1	52	0	20
42	42	0	0	1	99	1	52	0	18
42	42	0	0	1	100	3	55	58	59	0	0	0	26	30	33
42	42	0	0	1	101	2	55	56	0	0	35	28
42	42	0	0	1	102	2	56	60	0	0	30	32
42	42	0	0	1	103	2	60	62	0	0	31	33
42	42	0	0	1	104	1	61	0	33
42	42	0	0	1	105	1	61	0	33
42	42	0	0	1	106	1	61	0	31
42	42	0	0	1	107	2	61	62	0	0	27	20
42	42	0	0	1	108	1	62	0	26
42	42	0	0	1	109	1	62	0	20
42	42	0	0	1	110	1	62	0	36
42	42	0	0	1	111	1	62	0	23
42	42	0	0	1	112	3	63	65	66	0	0	0	12	24	15
42	42	0	0	1	113	1	63	0	31
42	42	0	0	1	114	4	63	65	66	67	0	0	0	0	13	36	32	32
42	42	0	0	1	115	3	63	64	64	0	0	0	32	31	29
42	42	0	0	1	116	1	64	0	19
42	42	0	0	1	117	2	65	66	0	0	17	33
42	42	0	0	1	118	1	67	0	26
42	42	0	0	1	119	1	67	0	26
42	42	0	0	1	120	1	68	0	23
42	42	0	0	1	121	4	68	69	70	72	0	0	0	0	28	21	24	32
42	42	0	0	1	122	3	68	69	70	0	0	0	33	18	23
42	42	0	0	1	123	4	68	69	70	72	0	0	0	0	32	36	32	31
42	42	0	0	1	124	2	69	70	0	0	19	27
42	42	0	0	1	125	2	69	70	0	0	10	24
42	42	0	0	1	126	2	70	72	0	0	31	28
42	42	0	0	1	127	1	71	1	37
42	42	0	0	1	128	1	71	1	29
42	42	0	0	1	129	1	72	0	32
42	42	0	0	1	130	1	72	0	14
42	42	0	0	1	131	1	72	0	28
42	42	0	0	1	132	2	73	75	0	0	24	13
42	42	0	0	1	133	2	75	78	0	0	26	33
42	42	0	0	1	134	1	78	0	29
42	42	0	0	1	135	1	79	0	28
42	42	0	0	1	136	3	79	81	82	0	1	0	33	15	10
42	42	0	0	1	137	1	80	1	16
42	42	0	0	1	138	2	81	83	0	0	10	32
42	42	0	0	1	139	3	81	82	84	0	0	1	15	14	33
42	42	0	0	1	140	2	81	82	0	0	29	28
42	42	0	0	1	141	2	81	82	0	0	36	33
42	42	0	0	1	142	1	83	0	34
42	42	0	0	1	143	1	83	0	25
42	42	0	0	1	144	1	83	0	26
42	42	0	0	1	145	1	84	1	25
42	42	0	0	1	146	2	84	85	1	0	33	33
42	42	0	0	1	147	2	84	85	1	0	34	34
42	42	0	0	1	148	2	84	85	1	0	32	34
42	42	0	0	1	149	2	84	85	0	0	33	32
42	42	0	0	1	150	2	84	85	1	0	25	24
42	42	0	0	1	151	5	86	87	88	91	92	0	0	1	0	0	30	38	34	29	30
42	42	0	0	1	152	3	86	87	88	0	0	1	26	22	8
42	42	0	0	1	153	3	88	89	93	0	0	0	31	33	19
42	42	0	0	1	154	2	90	93	0	0	31	23
42	42	0	0	1	155	1	90	0	30
42	42	0	0	1	156	4	90	91	92	93	0	0	0	0	36	32	33	27
42	42	0	0	1	157	2	92	93	0	0	29	28
42	42	0	0	1	158	3	93	94	95	0	0	0	33	22	23
42	42	0	0	1	159	1	93	0	32
42	42	0	0	1	160	1	93	0	32
42	42	0	0	1	161	1	93	0	31
42	42	0	0	1	162	1	93	0	29
42	42	0	0	1	163	2	94	95	1	0	33	36
42	42	0	0	1	164	2	94	95	0	0	31	32
42	42	0	0	1	165	1	96	0	36
42	42	0	0	1	166	1	96	0	34
42	42	0	0	1	167	1	96	0	37
42	42	0	0	1	168	1	96	0	36
42	42	0	0	1	169	1	96	0	21
42	42	0	0	1	170	2	97	98	0	0	9	16
42	42	0	0	1	171	2	97	98	0	0	34	35
42	42	0	0	1	172	2	97	98	0	0	32	34
42	42	0	0	1	173	2	97	98	0	0	29	29
42	42	0	0	1	174	4	97	98	99	100	0	0	0	0	28	23	30	28
42	42	0	0	1	175	3	98	99	100	0	0	0	27	33	35
42	42	0	0	1	176	2	99	100	0	0	16	28
