79	79	0	0	1	1	2	5	0	0	0
79	79	0	0	1	3	4	5	0	0	0
79	79	0	0	1	5	6	4	0	0	0
79	79	0	0	1	7	8	1	2	0	0
79	79	0	0	1	10	11	4	0	0	0
79	79	0	0	1	12	13	2	0	1	0
79	79	0	0	1	17	18	1	0	0	0
79	79	0	0	1	18	19	2	0	0	0
79	79	0	0	1	22	23	4	0	0	0
79	79	0	0	1	23	24	2	0	0	0
79	79	0	0	1	25	26	1	0	0	0
79	79	0	0	1	26	27	3	0	0	0
79	79	0	0	1	27	28	2	0	0	0
79	79	0	0	1	28	29	3	0	0	0
79	79	0	0	1	29	30	1	0	0	0
79	79	0	0	1	32	33	1	0	2	0
79	79	0	0	1	33	34	1	0	0	0
79	79	0	0	1	35	36	1	0	0	0
79	79	0	0	1	39	40	0	0	10	0
79	79	0	0	1	42	43	2	0	0	0
79	79	0	0	1	44	45	0	1	0	0
79	79	0	0	1	45	46	2	0	2	0
79	79	0	0	1	46	47	2	0	0	0
79	79	0	0	1	47	48	5	0	0	0
79	79	0	0	1	49	50	1	0	0	0
79	79	0	0	1	55	56	3	0	0	0
79	79	0	0	1	57	58	2	0	0	0
79	79	0	0	1	58	59	5	0	0	0
79	79	0	0	1	61	62	3	0	0	0
79	79	0	0	1	63	64	2	0	0	0
79	79	0	0	1	65	66	2	0	0	0
79	79	0	0	1	68	69	3	0	0	0
79	79	0	0	1	69	70	2	0	0	0
79	79	0	0	1	72	73	1	0	0	0
79	79	0	0	1	73	74	1	0	0	0
79	79	0	0	1	76	77	4	0	0	0
79	79	0	0	1	77	78	1	0	0	0
79	79	0	0	1	80	81	0	0	1	0
79	79	0	0	1	81	82	5	0	0	0
79	79	0	0	1	84	85	4	0	0	0
79	79	0	0	1	86	87	3	0	0	0
79	79	0	0	1	88	89	1	0	0	0
79	79	0	0	1	91	92	3	0	0	0
79	79	0	0	1	94	95	1	0	0	0
79	79	0	0	1	97	98	4	0	0	0
79	79	0	0	1	98	99	1	0	0	0
79	79	0	0	1	99	100	2	0	0	0
