92	92	0	0	1	1	2	1	2	0	0	30	33
92	92	0	0	1	2	2	1	2	0	0	32	36
92	92	0	0	1	3	2	1	2	0	0	37	25
92	92	0	0	1	4	2	1	2	0	0	33	34
92	92	0	0	1	5	3	1	2	5	0	0	0	35	33	33
92	92	0	0	1	6	2	2	3	0	0	37	32
92	92	0	0	1	7	2	7	8	0	1	32	31
92	92	0	0	1	8	1	9	0	35
92	92	0	0	1	9	1	9	0	30
92	92	0	0	1	10	1	9	0	36
92	92	0	0	1	11	1	9	0	34
92	92	0	0	1	12	1	9	0	34
92	92	0	0	1	13	1	9	0	38
92	92	0	0	1	14	1	9	0	36
92	92	0	0	1	15	1	9	0	37
92	92	0	0	1	16	1	9	0	33
92	92	0	0	1	17	1	9	0	36
92	92	0	0	1	18	1	9	0	34
92	92	0	0	1	19	1	9	0	28
92	92	0	0	1	20	2	10	11	0	0	35	34
92	92	0	0	1	21	2	10	11	0	0	32	32
92	92	0	0	1	22	3	10	11	12	0	0	0	33	32	32
92	92	0	0	1	23	3	10	11	12	0	0	0	32	35	30
92	92	0	0	1	24	2	11	12	0	0	27	32
92	92	0	0	1	25	3	11	12	13	0	0	0	33	35	32
92	92	0	0	1	26	1	12	0	32
92	92	0	0	1	27	3	12	13	14	0	0	0	33	18	35
92	92	0	0	1	28	3	12	13	14	0	0	0	32	33	33
92	92	0	0	1	29	2	12	13	0	0	26	33
92	92	0	0	1	30	2	12	13	0	0	29	33
92	92	0	0	1	31	1	13	0	32
92	92	0	0	1	32	1	13	0	32
92	92	0	0	1	33	1	13	0	17
92	92	0	0	1	34	1	13	0	26
92	92	0	0	1	35	1	13	0	28
92	92	0	0	1	36	2	13	14	0	0	32	34
92	92	0	0	1	37	1	13	0	33
92	92	0	0	1	38	1	14	0	32
92	92	0	0	1	39	1	14	0	34
92	92	0	0	1	40	1	14	0	34
92	92	0	0	1	41	1	14	0	29
92	92	0	0	1	42	1	14	0	34
92	92	0	0	1	43	1	14	0	34
92	92	0	0	1	44	1	14	0	26
92	92	0	0	1	45	1	14	0	32
92	92	0	0	1	46	1	14	0	34
92	92	0	0	1	47	1	14	0	34
92	92	0	0	1	48	1	14	0	33
92	92	0	0	1	49	1	15	0	31
92	92	0	0	1	50	1	15	0	33
92	92	0	0	1	51	1	15	0	33
92	92	0	0	1	52	3	15	17	18	0	0	0	30	25	31
92	92	0	0	1	53	1	15	0	33
92	92	0	0	1	54	2	16	17	1	0	21	27
92	92	0	0	1	55	2	16	17	1	0	34	29
92	92	0	0	1	56	3	16	17	18	1	0	0	33	25	33
92	92	0	0	1	57	2	16	17	1	0	34	27
92	92	0	0	1	58	1	16	1	36
92	92	0	0	1	59	1	16	1	35
92	92	0	0	1	60	3	16	17	18	1	0	0	33	25	32
92	92	0	0	1	61	2	16	17	1	0	33	20
92	92	0	0	1	62	2	16	18	1	0	19	31
92	92	0	0	1	63	1	16	1	32
92	92	0	0	1	64	3	16	18	19	1	0	0	32	32	35
92	92	0	0	1	65	3	16	17	18	1	0	0	33	27	32
92	92	0	0	1	66	1	16	1	26
92	92	0	0	1	67	1	17	0	29
92	92	0	0	1	68	1	17	0	33
92	92	0	0	1	69	1	17	0	33
92	92	0	0	1	70	2	17	19	0	0	30	36
92	92	0	0	1	71	1	17	0	25
92	92	0	0	1	72	1	17	0	33
92	92	0	0	1	73	2	17	18	0	0	26	32
92	92	0	0	1	74	2	17	18	0	0	32	22
92	92	0	0	1	75	2	17	18	0	0	27	32
92	92	0	0	1	76	2	17	18	0	0	32	22
92	92	0	0	1	77	2	18	19	0	0	27	33
92	92	0	0	1	78	2	18	19	0	0	33	36
92	92	0	0	1	79	2	18	19	0	0	33	36
92	92	0	0	1	80	4	18	19	20	21	0	0	0	0	26	33	33	35
92	92	0	0	1	81	3	18	19	21	0	0	0	26	32	34
92	92	0	0	1	82	2	18	19	0	0	32	36
92	92	0	0	1	83	1	19	0	35
92	92	0	0	1	84	3	19	20	21	0	0	0	31	33	35
92	92	0	0	1	85	1	19	0	36
92	92	0	0	1	86	1	19	0	34
92	92	0	0	1	87	1	19	0	36
92	92	0	0	1	88	1	20	0	36
92	92	0	0	1	89	1	20	0	35
92	92	0	0	1	90	2	20	21	0	0	31	25
92	92	0	0	1	91	1	20	0	38
92	92	0	0	1	92	1	20	0	36
92	92	0	0	1	93	2	20	21	0	0	28	25
92	92	0	0	1	94	1	21	0	36
92	92	0	0	1	95	1	21	0	31
92	92	0	0	1	96	2	22	23	0	0	33	33
92	92	0	0	1	97	2	22	23	0	0	33	33
92	92	0	0	1	98	2	22	23	0	0	33	33
92	92	0	0	1	99	2	22	23	0	0	32	32
92	92	0	0	1	100	2	22	23	0	0	31	29
92	92	0	0	1	101	3	22	23	24	0	0	0	33	33	32
92	92	0	0	1	102	3	22	23	24	0	0	0	33	33	37
92	92	0	0	1	103	3	22	23	24	0	0	0	33	33	32
92	92	0	0	1	104	3	22	23	24	0	0	0	25	33	24
92	92	0	0	1	105	3	22	23	24	0	0	0	26	33	34
92	92	0	0	1	106	1	24	0	28
92	92	0	0	1	107	2	24	25	0	0	35	31
92	92	0	0	1	108	2	25	31	0	0	25	34
92	92	0	0	1	109	1	25	0	32
92	92	0	0	1	110	2	25	30	0	0	34	34
92	92	0	0	1	111	3	25	30	31	0	0	0	34	35	34
92	92	0	0	1	112	2	25	30	0	0	32	35
92	92	0	0	1	113	1	25	0	33
92	92	0	0	1	114	2	25	26	0	0	31	30
92	92	0	0	1	115	4	26	27	28	29	0	0	0	0	32	32	25	32
92	92	0	0	1	116	4	26	27	28	29	0	0	0	0	32	32	26	26
92	92	0	0	1	117	4	26	27	28	29	0	0	0	0	33	33	26	32
92	92	0	0	1	118	4	26	27	28	29	0	0	0	0	32	33	26	32
92	92	0	0	1	119	5	26	27	28	29	32	0	0	0	0	0	32	25	31	24	29
92	92	0	0	1	120	1	30	0	35
92	92	0	0	1	121	2	30	32	0	0	34	30
92	92	0	0	1	122	1	30	0	34
92	92	0	0	1	123	2	30	31	0	0	32	33
92	92	0	0	1	124	3	31	33	34	0	0	0	34	33	33
92	92	0	0	1	125	1	32	0	33
92	92	0	0	1	126	1	32	0	33
92	92	0	0	1	127	2	32	35	0	0	34	32
92	92	0	0	1	128	4	32	33	34	35	0	0	0	0	32	34	33	32
92	92	0	0	1	129	1	34	0	33
92	92	0	0	1	130	2	34	35	0	0	4	32
92	92	0	0	1	131	2	34	35	0	0	34	34
92	92	0	0	1	132	1	35	0	33
92	92	0	0	1	133	1	36	0	32
92	92	0	0	1	134	2	35	36	0	0	34	33
92	92	0	0	1	135	1	35	0	34
92	92	0	0	1	136	1	36	0	27
92	92	0	0	1	137	1	36	0	33
92	92	0	0	1	138	2	36	37	0	1	26	33
92	92	0	0	1	139	1	36	0	33
92	92	0	0	1	140	2	36	37	0	1	26	36
92	92	0	0	1	141	1	36	0	34
92	92	0	0	1	142	1	36	0	33
92	92	0	0	1	143	1	36	0	26
92	92	0	0	1	144	1	36	0	33
92	92	0	0	1	145	2	37	38	1	0	31	31
92	92	0	0	1	146	1	37	1	34
92	92	0	0	1	147	1	37	1	36
92	92	0	0	1	148	1	37	1	37
92	92	0	0	1	149	1	38	0	32
92	92	0	0	1	150	1	38	0	32
92	92	0	0	1	151	2	38	41	0	0	36	35
92	92	0	0	1	152	1	38	0	32
92	92	0	0	1	153	1	39	1	32
92	92	0	0	1	154	2	39	40	1	0	32	33
92	92	0	0	1	155	2	39	40	1	0	31	33
92	92	0	0	1	156	2	39	40	1	0	33	18
92	92	0	0	1	157	2	39	40	1	0	33	34
92	92	0	0	1	158	2	39	40	1	0	34	25
92	92	0	0	1	159	2	39	40	1	0	33	33
92	92	0	0	1	160	2	39	40	1	0	32	32
92	92	0	0	1	161	3	39	40	41	1	0	0	32	33	33
92	92	0	0	1	162	3	39	40	41	1	0	0	31	30	33
92	92	0	0	1	163	1	41	0	32
92	92	0	0	1	164	1	42	0	31
92	92	0	0	1	165	1	42	0	33
92	92	0	0	1	166	2	42	43	0	0	34	34
92	92	0	0	1	167	2	42	43	0	0	33	33
92	92	0	0	1	168	3	43	47	48	0	0	0	34	23	33
92	92	0	0	1	169	1	44	0	30
92	92	0	0	1	170	5	45	46	47	48	49	1	0	0	0	0	35	34	33	26	36
92	92	0	0	1	171	4	46	47	48	50	0	0	0	0	24	27	20	28
92	92	0	0	1	172	3	47	48	49	0	0	0	33	26	36
92	92	0	0	1	173	3	47	48	50	0	0	0	23	9	34
92	92	0	0	1	174	2	49	52	0	0	32	33
92	92	0	0	1	175	1	50	0	33
92	92	0	0	1	176	1	51	0	35
92	92	0	0	1	177	2	51	53	0	0	33	33
92	92	0	0	1	178	1	52	0	27
92	92	0	0	1	179	1	52	0	33
92	92	0	0	1	180	3	54	55	56	0	0	0	31	35	31
92	92	0	0	1	181	3	55	56	60	0	0	0	31	37	33
92	92	0	0	1	182	3	57	58	59	0	0	0	35	18	33
92	92	0	0	1	183	3	57	58	59	0	0	0	31	33	33
92	92	0	0	1	184	3	57	58	59	0	0	0	29	25	34
92	92	0	0	1	185	3	57	58	59	0	0	0	30	32	36
92	92	0	0	1	186	2	60	62	0	0	34	12
92	92	0	0	1	187	1	60	0	34
92	92	0	0	1	188	1	60	0	34
92	92	0	0	1	189	1	60	0	35
92	92	0	0	1	190	2	60	62	0	0	34	33
92	92	0	0	1	191	1	60	0	35
92	92	0	0	1	192	1	61	0	33
92	92	0	0	1	193	2	61	62	0	0	33	15
92	92	0	0	1	194	1	62	0	31
92	92	0	0	1	195	3	63	65	66	0	0	0	32	36	32
92	92	0	0	1	196	0
92	92	0	0	1	197	1	63	0	35
92	92	0	0	1	198	1	63	0	36
92	92	0	0	1	199	1	63	0	34
92	92	0	0	1	200	3	63	64	67	0	0	0	32	11	34
92	92	0	0	1	201	5	63	64	65	66	67	0	0	0	0	0	38	29	37	24	31
92	92	0	0	1	202	2	63	64	0	0	33	31
92	92	0	0	1	203	3	63	64	67	0	0	0	32	24	32
92	92	0	0	1	204	3	63	64	67	0	0	0	37	29	31
92	92	0	0	1	205	3	63	64	67	0	0	0	36	29	30
92	92	0	0	1	206	2	63	64	0	0	32	32
92	92	0	0	1	207	1	64	0	34
92	92	0	0	1	208	1	64	0	30
92	92	0	0	1	209	1	64	0	32
92	92	0	0	1	210	1	64	0	34
92	92	0	0	1	211	2	65	66	0	0	32	33
92	92	0	0	1	212	2	65	66	0	0	25	36
92	92	0	0	1	213	2	65	66	0	0	34	32
92	92	0	0	1	214	2	65	66	0	0	29	37
92	92	0	0	1	215	2	65	66	0	0	34	32
92	92	0	0	1	216	3	65	66	67	0	0	0	31	32	31
92	92	0	0	1	217	3	65	66	67	0	0	0	34	2	18
92	92	0	0	1	218	1	67	0	26
92	92	0	0	1	219	1	67	0	25
92	92	0	0	1	220	1	67	0	25
92	92	0	0	1	221	1	68	0	32
92	92	0	0	1	222	2	68	72	0	0	30	31
92	92	0	0	1	223	2	68	69	0	0	33	31
92	92	0	0	1	224	3	68	69	70	0	0	0	35	31	29
92	92	0	0	1	225	2	69	70	0	0	32	32
92	92	0	0	1	226	2	69	70	0	0	2	25
92	92	0	0	1	227	2	70	71	0	0	33	32
92	92	0	0	1	228	1	71	0	30
92	92	0	0	1	229	1	71	0	33
92	92	0	0	1	230	1	71	0	35
92	92	0	0	1	231	1	72	0	25
92	92	0	0	1	232	2	72	73	0	0	26	30
92	92	0	0	1	233	2	73	75	0	0	25	32
92	92	0	0	1	234	2	73	75	0	0	26	28
92	92	0	0	1	235	2	73	75	0	0	27	28
92	92	0	0	1	236	1	73	0	34
92	92	0	0	1	237	3	73	76	77	0	0	0	26	15	20
92	92	0	0	1	238	2	73	74	0	0	27	32
92	92	0	0	1	239	2	73	75	0	0	26	33
92	92	0	0	1	240	2	73	74	0	0	32	31
92	92	0	0	1	241	3	74	77	78	0	0	0	23	22	31
92	92	0	0	1	242	3	74	76	77	0	0	0	32	33	27
92	92	0	0	1	243	1	74	0	32
92	92	0	0	1	244	1	74	0	32
92	92	0	0	1	245	4	74	76	77	78	0	0	0	0	34	33	34	34
92	92	0	0	1	246	2	74	79	0	0	30	30
92	92	0	0	1	247	2	74	78	0	0	30	33
92	92	0	0	1	248	2	75	78	0	0	34	30
92	92	0	0	1	249	2	75	79	0	0	35	34
92	92	0	0	1	250	3	75	80	81	0	1	0	35	33	30
92	92	0	0	1	251	2	75	79	0	0	33	4
92	92	0	0	1	252	2	75	80	0	1	36	33
92	92	0	0	1	253	2	75	79	0	0	35	34
92	92	0	0	1	254	4	75	76	77	78	0	0	0	0	34	34	26	31
92	92	0	0	1	255	2	75	79	0	0	31	33
92	92	0	0	1	256	3	75	81	82	0	0	0	34	33	33
92	92	0	0	1	257	2	75	79	0	0	23	27
92	92	0	0	1	258	3	76	77	80	0	0	1	34	33	32
92	92	0	0	1	259	4	76	77	80	81	0	0	1	0	32	33	32	32
92	92	0	0	1	260	3	76	77	80	0	0	1	24	29	32
92	92	0	0	1	261	3	76	77	82	0	0	0	33	32	31
92	92	0	0	1	262	3	76	77	80	0	0	1	32	32	31
92	92	0	0	1	263	3	78	81	82	0	0	0	36	30	33
92	92	0	0	1	264	4	78	79	81	82	0	0	0	0	37	23	33	33
92	92	0	0	1	265	2	79	83	0	0	32	33
92	92	0	0	1	266	1	79	0	33
92	92	0	0	1	267	1	79	0	28
92	92	0	0	1	268	1	79	0	32
92	92	0	0	1	269	2	79	82	0	0	3	32
92	92	0	0	1	270	2	79	82	0	0	33	33
92	92	0	0	1	271	3	79	81	82	0	0	0	33	31	34
92	92	0	0	1	272	1	79	0	29
92	92	0	0	1	273	1	80	1	28
92	92	0	0	1	274	1	80	1	20
92	92	0	0	1	275	1	80	1	29
92	92	0	0	1	276	2	80	83	1	0	32	33
92	92	0	0	1	277	2	80	83	1	0	23	33
92	92	0	0	1	278	2	80	83	1	0	33	33
92	92	0	0	1	279	2	80	83	1	0	32	32
92	92	0	0	1	280	4	81	82	84	85	0	0	0	0	31	36	30	33
92	92	0	0	1	281	2	81	82	0	0	14	22
92	92	0	0	1	282	2	82	83	0	0	36	33
92	92	0	0	1	283	1	83	0	35
92	92	0	0	1	284	1	84	0	31
92	92	0	0	1	285	2	84	85	0	0	34	31
92	92	0	0	1	286	2	89	90	0	0	35	22
92	92	0	0	1	287	1	90	0	33
92	92	0	0	1	288	1	90	0	33
92	92	0	0	1	289	1	96	0	34
92	92	0	0	1	290	5	96	97	98	99	100	0	0	0	0	0	33	30	32	32	34
92	92	0	0	1	291	4	97	98	99	100	0	0	0	0	35	34	29	31
92	92	0	0	1	292	2	99	100	0	0	32	35
92	92	0	0	1	293	2	99	100	0	0	30	35
