54	54	0	0	1	1	4	1	2	7	8	0	0	0	1	34	31	21	30
54	54	0	0	1	2	2	1	2	0	0	33	37
54	54	0	0	1	3	4	1	2	3	4	0	0	0	0	39	40	38	33
54	54	0	0	1	4	2	1	2	0	0	32	35
54	54	0	0	1	5	4	1	2	3	4	0	0	0	0	9	35	28	34
54	54	0	0	1	6	4	1	2	3	4	0	0	0	0	25	28	20	25
54	54	0	0	1	7	6	1	2	3	4	7	8	0	0	0	0	0	1	35	31	34	31	21	26
54	54	0	0	1	8	4	2	3	4	5	0	0	0	0	32	39	42	33
54	54	0	0	1	9	4	3	4	5	6	0	0	0	0	33	39	39	33
54	54	0	0	1	10	2	3	4	0	0	3	24
54	54	0	0	1	11	2	5	6	0	0	38	36
54	54	0	0	1	12	3	6	7	8	0	0	1	39	37	32
54	54	0	0	1	13	3	6	7	8	0	0	1	22	39	35
54	54	0	0	1	14	2	7	8	0	1	42	28
54	54	0	0	1	15	2	7	8	0	1	38	36
54	54	0	0	1	16	1	9	0	24
54	54	0	0	1	17	1	9	0	18
54	54	0	0	1	18	1	9	0	29
54	54	0	0	1	19	1	10	0	33
54	54	0	0	1	20	3	10	11	12	0	0	0	31	37	37
54	54	0	0	1	21	2	12	13	0	0	19	26
54	54	0	0	1	22	1	14	0	20
54	54	0	0	1	23	1	14	0	19
54	54	0	0	1	24	1	14	0	35
54	54	0	0	1	25	2	14	15	0	0	27	34
54	54	0	0	1	26	1	14	0	30
54	54	0	0	1	27	4	15	17	18	19	0	0	0	0	4	28	6	39
54	54	0	0	1	28	2	15	16	0	1	38	36
54	54	0	0	1	29	5	15	16	17	18	19	0	1	0	0	0	34	33	23	30	34
54	54	0	0	1	30	2	15	16	0	1	29	13
54	54	0	0	1	31	2	16	20	1	0	38	34
54	54	0	0	1	32	1	16	1	31
54	54	0	0	1	33	1	16	1	37
54	54	0	0	1	34	1	17	0	24
54	54	0	0	1	35	4	17	18	20	21	0	0	0	0	22	17	31	29
54	54	0	0	1	36	3	17	18	19	0	0	0	25	31	34
54	54	0	0	1	37	3	17	18	19	0	0	0	36	28	37
54	54	0	0	1	38	2	17	18	0	0	21	24
54	54	0	0	1	39	1	19	0	33
54	54	0	0	1	40	1	20	0	42
54	54	0	0	1	41	4	22	23	24	25	0	0	0	0	20	24	32	40
54	54	0	0	1	42	3	22	23	24	0	0	0	25	14	20
54	54	0	0	1	43	11	25	26	26	27	27	28	28	29	29	30	31	0	0	0	0	0	0	0	0	0	0	0	40	24	30	9	31	15	30	21	38	40	37
54	54	0	0	1	44	9	25	26	27	28	29	30	32	33	34	0	0	0	0	0	0	0	0	0	39	35	25	29	25	24	35	37	35
54	54	0	0	1	45	3	25	26	35	0	0	0	30	13	38
54	54	0	0	1	46	5	26	27	28	29	34	0	0	0	0	0	25	11	25	20	33
54	54	0	0	1	47	5	27	28	29	30	31	0	0	0	0	0	33	36	29	29	19
54	54	0	0	1	48	2	30	31	0	0	20	30
54	54	0	0	1	49	3	30	31	35	0	0	0	30	35	37
54	54	0	0	1	50	3	31	32	35	0	0	0	32	27	34
54	54	0	0	1	51	3	32	33	34	0	0	0	34	32	15
54	54	0	0	1	52	4	32	33	34	36	0	0	0	0	36	36	31	33
54	54	0	0	1	53	4	32	33	34	36	0	0	0	0	36	28	6	23
54	54	0	0	1	54	1	34	0	32
54	54	0	0	1	55	1	34	0	23
54	54	0	0	1	56	1	34	0	32
54	54	0	0	1	57	1	35	0	26
54	54	0	0	1	58	2	35	37	0	1	39	34
54	54	0	0	1	59	3	36	37	38	0	1	0	21	30	36
54	54	0	0	1	60	1	36	0	29
54	54	0	0	1	61	4	37	39	40	41	1	1	0	0	31	28	21	22
54	54	0	0	1	62	4	37	39	40	41	1	1	0	0	39	34	28	28
54	54	0	0	1	63	4	37	39	40	41	1	1	0	0	35	37	26	34
54	54	0	0	1	64	2	37	41	1	0	11	4
54	54	0	0	1	65	4	37	39	40	41	1	1	0	0	31	23	20	28
54	54	0	0	1	66	4	37	39	40	41	1	1	0	0	30	12	18	33
54	54	0	0	1	67	4	37	39	40	41	1	1	0	0	38	39	37	35
54	54	0	0	1	68	5	37	38	39	40	41	1	0	1	0	0	34	27	40	14	15
54	54	0	0	1	69	2	37	38	1	0	33	34
54	54	0	0	1	70	2	38	41	0	0	38	8
54	54	0	0	1	71	1	38	0	35
54	54	0	0	1	72	3	39	40	41	1	0	0	25	30	35
54	54	0	0	1	73	4	39	40	41	42	1	0	0	0	38	34	35	31
54	54	0	0	1	74	5	39	40	41	42	43	1	0	0	0	0	31	31	29	35	39
54	54	0	0	1	75	5	39	40	41	42	43	1	0	0	0	0	33	31	31	27	33
54	54	0	0	1	76	5	39	40	41	42	43	1	0	0	0	0	30	34	34	40	40
54	54	0	0	1	77	5	44	45	46	47	48	0	1	0	0	0	29	35	39	29	38
54	54	0	0	1	78	5	44	45	46	47	48	0	1	0	0	0	18	33	34	26	29
54	54	0	0	1	79	5	44	45	46	47	48	0	1	0	0	0	19	29	34	24	30
54	54	0	0	1	80	5	45	46	47	48	51	1	0	0	0	0	39	34	36	29	23
54	54	0	0	1	81	4	49	50	52	53	0	0	0	0	31	19	28	33
54	54	0	0	1	82	4	49	50	52	53	0	0	0	0	30	25	23	38
54	54	0	0	1	83	3	49	50	53	0	0	0	34	23	3
54	54	0	0	1	84	4	49	50	51	52	0	0	0	0	31	19	27	33
54	54	0	0	1	85	2	52	53	0	0	24	26
54	54	0	0	1	86	2	52	55	0	0	24	33
54	54	0	0	1	87	5	52	53	55	56	57	0	0	0	0	0	26	16	37	33	37
54	54	0	0	1	88	7	52	53	55	56	57	58	59	0	0	0	0	0	0	0	23	29	26	31	33	29	30
54	54	0	0	1	89	6	54	55	56	57	58	59	0	0	0	0	0	0	38	40	36	37	32	37
54	54	0	0	1	90	2	54	60	0	0	34	31
54	54	0	0	1	91	2	54	60	0	0	38	22
54	54	0	0	1	92	4	55	56	57	60	0	0	0	0	26	31	26	34
54	54	0	0	1	93	7	55	56	57	58	59	61	62	0	0	0	0	0	0	0	35	38	36	26	31	18	31
54	54	0	0	1	94	6	55	56	57	58	59	60	0	0	0	0	0	0	35	38	35	7	33	28
54	54	0	0	1	95	4	57	58	59	62	0	0	0	0	32	31	33	7
54	54	0	0	1	96	4	57	58	59	60	0	0	0	0	30	31	19	19
54	54	0	0	1	97	1	60	0	39
54	54	0	0	1	98	2	60	63	0	0	37	38
54	54	0	0	1	99	3	60	63	64	0	0	0	32	31	30
54	54	0	0	1	100	2	60	61	0	0	30	7
54	54	0	0	1	101	2	61	63	0	0	17	30
54	54	0	0	1	102	4	61	62	63	64	0	0	0	0	31	8	30	31
54	54	0	0	1	103	1	63	0	33
54	54	0	0	1	104	5	63	64	65	66	67	0	0	0	0	0	31	11	21	24	18
54	54	0	0	1	105	3	65	66	67	0	0	0	36	40	26
54	54	0	0	1	106	3	65	66	67	0	0	0	26	31	26
54	54	0	0	1	107	2	65	66	0	0	17	36
54	54	0	0	1	108	2	66	67	0	0	31	24
54	54	0	0	1	109	1	67	0	32
54	54	0	0	1	110	4	68	69	70	72	0	0	0	0	24	22	17	15
54	54	0	0	1	111	5	68	69	70	73	74	0	0	0	0	0	34	11	31	32	31
54	54	0	0	1	112	3	68	69	70	0	0	0	33	13	34
54	54	0	0	1	113	6	68	69	70	71	73	74	0	0	0	0	0	0	40	39	39	39	37	36
54	54	0	0	1	114	6	68	69	70	71	73	74	0	0	0	0	0	0	36	27	30	26	31	31
54	54	0	0	1	115	5	68	69	70	71	73	0	0	0	0	0	29	30	35	38	32
54	54	0	0	1	116	5	69	70	71	73	74	0	0	0	0	0	38	35	34	21	18
54	54	0	0	1	117	1	71	0	27
54	54	0	0	1	118	2	71	72	0	0	28	30
54	54	0	0	1	119	2	71	72	0	0	14	22
54	54	0	0	1	120	4	71	72	73	74	0	0	0	0	36	30	30	31
54	54	0	0	1	121	4	71	72	74	75	0	0	0	0	28	10	17	31
54	54	0	0	1	122	1	72	0	27
54	54	0	0	1	123	1	72	0	18
54	54	0	0	1	124	1	72	0	29
54	54	0	0	1	125	5	72	75	76	77	78	0	0	0	0	0	19	26	28	32	34
54	54	0	0	1	126	6	73	74	75	76	77	78	0	0	0	0	0	0	19	30	19	30	30	30
54	54	0	0	1	127	4	73	74	79	80	0	0	0	1	14	21	35	40
54	54	0	0	1	128	5	73	74	76	77	78	0	0	0	0	0	23	26	31	11	30
54	54	0	0	1	129	3	73	74	79	0	0	0	23	20	33
54	54	0	0	1	130	5	73	74	78	79	80	0	0	0	0	1	24	17	32	40	40
54	54	0	0	1	131	5	73	74	79	80	81	0	0	0	1	0	27	31	24	34	34
54	54	0	0	1	132	7	73	74	75	79	80	81	82	0	0	0	0	1	0	0	27	41	13	34	38	37	34
54	54	0	0	1	133	4	74	80	81	82	0	1	0	0	33	25	31	30
54	54	0	0	1	134	4	74	78	79	80	0	0	0	1	30	24	32	35
54	54	0	0	1	135	6	76	77	78	81	82	83	0	0	0	0	0	0	26	26	34	29	32	37
54	54	0	0	1	136	4	76	77	78	83	0	0	0	0	36	36	35	38
54	54	0	0	1	137	7	76	77	78	79	81	82	83	0	0	0	0	0	0	0	33	36	34	35	7	21	35
54	54	0	0	1	138	6	76	77	78	83	84	85	0	0	0	0	0	0	28	23	28	33	34	39
54	54	0	0	1	139	1	78	0	12
54	54	0	0	1	140	4	79	80	81	82	0	1	0	0	30	25	19	29
54	54	0	0	1	141	5	80	81	82	84	85	1	0	0	0	0	28	29	31	28	24
54	54	0	0	1	142	6	80	81	82	86	87	88	1	0	0	0	0	0	25	25	24	34	35	33
54	54	0	0	1	143	2	82	83	0	0	36	40
54	54	0	0	1	144	2	82	83	0	0	20	32
54	54	0	0	1	145	2	84	85	0	0	22	38
54	54	0	0	1	146	9	86	87	88	89	89	90	91	92	93	0	0	0	0	0	0	0	0	0	9	34	22	32	31	40	35	38	34
54	54	0	0	1	147	6	87	88	89	90	91	92	0	0	0	0	0	0	32	38	38	38	36	40
54	54	0	0	1	148	6	90	91	92	93	94	95	0	0	0	0	0	0	33	27	37	26	38	40
54	54	0	0	1	149	7	94	95	96	97	98	99	100	0	0	0	0	0	0	0	33	29	35	32	34	35	32
54	54	0	0	1	150	1	96	0	42
54	54	0	0	1	151	1	96	0	16
54	54	0	0	1	152	5	96	97	98	99	100	0	0	0	0	0	36	29	22	33	32
54	54	0	0	1	153	5	96	97	98	99	100	0	0	0	0	0	39	8	23	37	34
54	54	0	0	1	154	5	96	97	98	99	100	0	0	0	0	0	34	28	26	33	25
54	54	0	0	1	155	4	97	98	99	100	0	0	0	0	5	33	25	16
54	54	0	0	1	156	3	98	99	100	0	0	0	26	34	36
