55	55	0	0	1	1	2	3	0	0	0
55	55	0	0	1	3	4	1	0	0	0
55	55	0	0	1	5	6	1	0	0	0
55	55	0	0	1	7	8	0	4	0	0
55	55	0	0	1	10	11	7	0	0	0
55	55	0	0	1	11	12	2	0	0	0
55	55	0	0	1	12	13	1	0	0	0
55	55	0	0	1	13	14	1	0	0	0
55	55	0	0	1	16	17	0	0	2	0
55	55	0	0	1	17	18	2	0	0	0
55	55	0	0	1	18	19	7	0	0	0
55	55	0	0	1	20	21	4	0	0	0
55	55	0	0	1	22	23	3	0	0	0
55	55	0	0	1	23	24	1	0	0	0
55	55	0	0	1	25	26	1	0	0	0
55	55	0	0	1	26	27	3	0	0	0
55	55	0	0	1	28	29	2	0	0	0
55	55	0	0	1	30	31	2	0	0	0
55	55	0	0	1	32	33	2	0	0	0
55	55	0	0	1	33	34	1	0	0	0
55	55	0	0	1	34	35	1	0	0	0
55	55	0	0	1	36	37	0	2	0	0
55	55	0	0	1	37	38	0	0	2	0
55	55	0	0	1	38	39	0	1	0	0
55	55	0	0	1	39	40	0	0	3	0
55	55	0	0	1	40	41	2	0	0	0
55	55	0	0	1	41	42	1	0	0	0
55	55	0	0	1	45	46	0	0	2	0
55	55	0	0	1	46	47	2	0	0	0
55	55	0	0	1	47	48	2	0	0	0
55	55	0	0	1	48	49	1	0	0	0
55	55	0	0	1	58	59	1	0	1	0
55	55	0	0	1	63	64	1	0	0	0
55	55	0	0	1	65	66	2	0	0	0
55	55	0	0	1	68	69	2	0	0	0
55	55	0	0	1	69	70	1	0	0	0
55	55	0	0	1	70	71	1	0	0	0
55	55	0	0	1	72	73	1	0	0	0
55	55	0	0	1	76	77	5	0	0	0
55	55	0	0	1	78	79	1	0	0	0
55	55	0	0	1	81	82	3	0	0	0
55	55	0	0	1	84	85	5	0	0	0
55	55	0	0	1	86	87	2	0	0	0
55	55	0	0	1	89	90	1	0	0	0
55	55	0	0	1	90	91	1	0	0	0
55	55	0	0	1	94	95	1	0	0	0
55	55	0	0	1	97	98	2	0	0	0
55	55	0	0	1	98	99	1	0	0	0
55	55	0	0	1	99	100	1	0	0	0
