60	60	0	0	1	1	1	1	0	34
60	60	0	0	1	2	2	1	2	0	0	36	35
60	60	0	0	1	3	4	1	2	3	4	0	0	0	0	27	36	34	36
60	60	0	0	1	4	4	1	2	3	4	0	0	0	0	33	34	31	34
60	60	0	0	1	5	1	2	0	2
60	60	0	0	1	6	3	2	3	4	0	0	0	2	34	36
60	60	0	0	1	7	3	2	3	4	0	0	0	2	18	33
60	60	0	0	1	8	4	3	4	7	8	0	0	0	1	2	2	2	2
60	60	0	0	1	9	2	3	4	0	0	2	2
60	60	0	0	1	10	2	3	4	0	0	2	2
60	60	0	0	1	11	2	3	4	0	0	2	33
60	60	0	0	1	12	2	3	4	0	0	21	36
60	60	0	0	1	13	2	4	5	0	0	36	31
60	60	0	0	1	14	2	5	6	0	0	32	36
60	60	0	0	1	15	2	5	6	0	0	31	34
60	60	0	0	1	16	2	5	6	0	0	31	35
60	60	0	0	1	17	2	5	6	0	0	32	31
60	60	0	0	1	18	2	5	6	0	0	29	36
60	60	0	0	1	19	1	6	0	35
60	60	0	0	1	20	1	6	0	35
60	60	0	0	1	21	2	7	8	0	1	36	30
60	60	0	0	1	22	1	7	0	2
60	60	0	0	1	23	2	7	8	0	1	34	35
60	60	0	0	1	24	1	8	1	33
60	60	0	0	1	25	2	10	14	0	0	34	29
60	60	0	0	1	26	1	10	0	31
60	60	0	0	1	27	1	10	0	31
60	60	0	0	1	28	3	10	11	12	0	0	0	33	33	33
60	60	0	0	1	29	3	10	11	12	0	0	0	33	33	30
60	60	0	0	1	30	3	10	11	12	0	0	0	36	31	24
60	60	0	0	1	31	2	10	11	0	0	36	32
60	60	0	0	1	32	3	11	12	13	0	0	0	34	34	33
60	60	0	0	1	33	3	11	12	13	0	0	0	21	34	33
60	60	0	0	1	34	2	12	13	0	0	34	33
60	60	0	0	1	35	1	13	0	33
60	60	0	0	1	36	2	14	16	0	1	2	31
60	60	0	0	1	37	1	14	0	29
60	60	0	0	1	38	1	14	0	34
60	60	0	0	1	39	1	14	0	2
60	60	0	0	1	40	1	15	0	32
60	60	0	0	1	41	4	15	16	20	21	0	1	0	0	34	34	33	36
60	60	0	0	1	42	3	16	20	21	1	0	0	29	32	34
60	60	0	0	1	43	3	16	18	19	1	0	0	34	32	33
60	60	0	0	1	44	1	16	0	12
60	60	0	0	1	45	1	17	0	33
60	60	0	0	1	46	1	17	0	26
60	60	0	0	1	47	3	17	18	19	0	0	0	22	33	30
60	60	0	0	1	48	1	18	0	28
60	60	0	0	1	49	2	18	19	0	0	32	35
60	60	0	0	1	50	1	18	0	32
60	60	0	0	1	51	1	19	0	34
60	60	0	0	1	52	1	20	0	33
60	60	0	0	1	53	1	20	0	35
60	60	0	0	1	54	2	20	21	0	0	35	30
60	60	0	0	1	55	2	20	21	0	0	34	36
60	60	0	0	1	56	2	20	21	0	0	33	2
60	60	0	0	1	57	1	21	0	2
60	60	0	0	1	58	1	21	0	2
60	60	0	0	1	59	1	21	0	36
60	60	0	0	1	60	1	21	0	29
60	60	0	0	1	61	5	22	26	27	28	29	0	0	0	0	0	33	34	34	22	32
60	60	0	0	1	62	2	22	23	0	0	35	33
60	60	0	0	1	63	3	22	23	24	0	0	0	35	34	35
60	60	0	0	1	64	3	22	23	24	0	0	0	35	34	35
60	60	0	0	1	65	3	22	23	24	0	0	0	34	34	35
60	60	0	0	1	66	7	25	26	26	27	28	29	30	0	0	0	0	0	0	0	32	34	35	34	24	34	32
60	60	0	0	1	67	4	25	26	32	33	0	0	0	0	32	31	32	35
60	60	0	0	1	68	3	25	26	35	0	0	0	32	22	30
60	60	0	0	1	69	2	25	26	0	0	32	2
60	60	0	0	1	70	3	25	26	35	0	0	0	32	34	29
60	60	0	0	1	71	1	25	0	31
60	60	0	0	1	72	4	26	27	28	29	0	0	0	0	32	34	24	34
60	60	0	0	1	73	4	26	27	28	29	0	0	0	0	2	2	2	2
60	60	0	0	1	74	2	26	27	0	0	26	2
60	60	0	0	1	75	4	27	28	29	30	0	0	0	0	32	23	34	32
60	60	0	0	1	76	4	27	28	29	30	0	0	0	0	32	22	34	32
60	60	0	0	1	77	1	30	0	34
60	60	0	0	1	78	1	30	0	34
60	60	0	0	1	79	2	31	34	0	0	29	28
60	60	0	0	1	80	1	31	0	2
60	60	0	0	1	81	2	32	33	0	0	34	34
60	60	0	0	1	82	4	32	33	34	36	0	0	0	0	34	34	33	33
60	60	0	0	1	83	3	32	33	34	0	0	0	34	34	31
60	60	0	0	1	84	4	32	33	34	36	0	0	0	0	34	34	34	32
60	60	0	0	1	85	3	32	33	34	0	0	0	34	34	34
60	60	0	0	1	86	3	32	33	34	0	0	0	34	28	31
60	60	0	0	1	87	2	32	33	0	0	32	35
60	60	0	0	1	88	3	32	33	34	0	0	0	34	34	34
60	60	0	0	1	89	3	32	33	34	0	0	0	32	25	35
60	60	0	0	1	90	1	34	0	35
60	60	0	0	1	91	2	34	35	0	0	34	31
60	60	0	0	1	92	2	35	38	0	0	32	34
60	60	0	0	1	93	2	35	37	0	1	32	33
60	60	0	0	1	94	1	36	0	20
60	60	0	0	1	95	2	36	38	0	0	2	20
60	60	0	0	1	96	1	36	0	21
60	60	0	0	1	97	1	37	1	33
60	60	0	0	1	98	1	38	0	34
60	60	0	0	1	99	2	38	43	0	0	34	33
60	60	0	0	1	100	1	38	0	35
60	60	0	0	1	101	1	39	1	35
60	60	0	0	1	102	2	39	40	1	0	33	21
60	60	0	0	1	103	3	39	40	41	1	0	0	28	28	34
60	60	0	0	1	104	3	41	47	48	0	0	0	33	21	33
60	60	0	0	1	105	1	41	0	34
60	60	0	0	1	106	1	41	0	32
60	60	0	0	1	107	2	42	43	0	0	34	36
60	60	0	0	1	108	1	43	0	36
60	60	0	0	1	109	2	44	52	0	0	34	33
60	60	0	0	1	110	4	46	47	48	53	0	0	0	0	30	34	24	30
60	60	0	0	1	111	2	47	48	0	0	25	34
60	60	0	0	1	112	2	47	48	0	0	24	30
60	60	0	0	1	113	2	47	48	0	0	22	26
60	60	0	0	1	114	2	47	48	0	0	2	30
60	60	0	0	1	115	1	49	0	36
60	60	0	0	1	116	3	49	50	52	0	0	0	34	29	28
60	60	0	0	1	117	1	49	0	34
60	60	0	0	1	118	1	50	0	33
60	60	0	0	1	119	1	50	0	31
60	60	0	0	1	120	3	51	55	56	0	0	0	33	36	35
60	60	0	0	1	121	2	51	54	0	0	34	32
60	60	0	0	1	122	6	52	55	56	57	58	59	0	0	0	0	0	0	24	28	28	36	34	34
60	60	0	0	1	123	4	52	57	58	59	0	0	0	0	24	36	23	34
60	60	0	0	1	124	1	52	0	31
60	60	0	0	1	125	2	53	60	0	0	28	33
60	60	0	0	1	126	2	53	54	0	0	32	32
60	60	0	0	1	127	1	53	0	32
60	60	0	0	1	128	2	54	61	0	0	34	21
60	60	0	0	1	129	1	54	0	31
60	60	0	0	1	130	4	54	58	59	60	0	0	0	0	34	31	34	31
60	60	0	0	1	131	2	54	61	0	0	34	33
60	60	0	0	1	132	5	57	58	59	63	64	0	0	0	0	0	33	33	30	34	21
60	60	0	0	1	133	3	58	59	63	0	0	0	33	36	34
60	60	0	0	1	134	1	60	0	33
60	60	0	0	1	135	1	60	0	29
60	60	0	0	1	136	1	60	0	2
60	60	0	0	1	137	4	61	65	66	67	0	0	0	0	20	29	29	33
60	60	0	0	1	138	1	61	0	32
60	60	0	0	1	139	2	61	62	0	0	34	34
60	60	0	0	1	140	1	61	0	2
60	60	0	0	1	141	1	62	0	35
60	60	0	0	1	142	1	62	0	32
60	60	0	0	1	143	1	63	0	36
60	60	0	0	1	144	1	63	0	36
60	60	0	0	1	145	2	63	64	0	0	34	34
60	60	0	0	1	146	1	64	0	30
60	60	0	0	1	147	2	65	66	0	0	35	35
60	60	0	0	1	148	5	65	66	67	68	69	0	0	0	0	0	31	36	24	37	28
60	60	0	0	1	149	3	65	66	67	0	0	0	2	2	32
60	60	0	0	1	150	4	68	69	70	74	0	0	0	0	35	34	34	34
60	60	0	0	1	151	4	68	69	70	75	0	0	0	0	34	34	34	34
60	60	0	0	1	152	4	68	69	70	75	0	0	0	0	35	34	34	34
60	60	0	0	1	153	2	69	70	0	0	22	34
60	60	0	0	1	154	1	71	0	36
60	60	0	0	1	155	2	71	72	0	0	29	33
60	60	0	0	1	156	4	71	76	77	78	0	0	0	0	34	34	28	33
60	60	0	0	1	157	5	73	76	77	78	79	0	0	0	0	0	24	32	27	33	29
60	60	0	0	1	158	1	73	0	34
60	60	0	0	1	159	2	73	74	0	0	30	34
60	60	0	0	1	160	2	73	74	0	0	34	34
60	60	0	0	1	161	2	74	83	0	0	34	34
60	60	0	0	1	162	3	75	83	84	0	0	0	37	32	30
60	60	0	0	1	163	2	75	79	0	0	33	33
60	60	0	0	1	164	3	75	84	85	0	0	0	34	32	36
60	60	0	0	1	165	3	75	81	82	0	0	0	37	34	33
60	60	0	0	1	166	2	75	83	0	0	37	34
60	60	0	0	1	167	3	75	84	85	0	0	0	36	32	36
60	60	0	0	1	168	6	76	77	78	83	84	85	0	0	0	0	0	0	26	33	32	29	32	36
60	60	0	0	1	169	3	76	77	78	0	0	0	32	33	32
60	60	0	0	1	170	3	76	77	78	0	0	0	2	2	33
60	60	0	0	1	171	1	79	0	30
60	60	0	0	1	172	2	79	80	0	1	32	31
60	60	0	0	1	173	4	79	87	88	89	0	0	1	0	32	2	1	30
60	60	0	0	1	174	1	80	1	2
60	60	0	0	1	175	2	81	82	0	0	32	25
60	60	0	0	1	176	3	81	82	86	0	0	0	32	35	35
60	60	0	0	1	177	5	81	82	91	92	93	0	0	0	0	0	32	36	34	33	34
60	60	0	0	1	178	1	82	0	2
60	60	0	0	1	179	1	82	0	2
60	60	0	0	1	180	1	83	0	32
60	60	0	0	1	181	2	83	93	0	0	32	31
60	60	0	0	1	182	2	83	86	0	0	32	21
60	60	0	0	1	183	1	83	0	32
60	60	0	0	1	184	1	83	0	32
60	60	0	0	1	185	4	83	84	85	90	0	0	0	0	31	22	24	32
60	60	0	0	1	186	2	84	85	0	0	32	34
60	60	0	0	1	187	4	84	85	94	95	0	0	0	0	28	34	34	36
60	60	0	0	1	188	4	84	85	94	95	0	0	0	0	32	33	34	36
60	60	0	0	1	189	2	84	85	0	0	32	36
60	60	0	0	1	190	3	85	94	95	0	0	0	30	34	35
60	60	0	0	1	191	7	86	87	88	89	96	97	98	0	0	0	0	0	0	0	33	37	28	32	35	36	32
60	60	0	0	1	192	10	86	87	88	89	90	96	97	98	99	100	0	0	0	0	0	0	0	0	0	0	33	37	30	32	34	35	37	34	34	30
60	60	0	0	1	193	3	86	87	88	0	0	0	2	2	2
60	60	0	0	1	194	8	86	87	88	89	97	98	99	100	0	0	0	0	0	0	0	0	18	27	19	28	37	33	36	34
60	60	0	0	1	195	4	87	88	89	96	0	0	0	0	2	2	2	35
60	60	0	0	1	196	3	90	91	92	0	0	0	34	27	28
60	60	0	0	1	197	5	90	97	98	99	100	0	0	0	0	0	34	37	33	34	34
60	60	0	0	1	198	7	90	91	92	93	98	99	100	0	0	0	0	0	0	0	33	34	34	28	31	35	34
60	60	0	0	1	199	4	90	91	92	93	0	0	0	0	32	34	34	35
60	60	0	0	1	200	3	91	92	93	0	0	0	34	34	33
60	60	0	0	1	201	3	91	92	93	0	0	0	34	34	35
60	60	0	0	1	202	5	91	92	93	94	95	0	0	0	0	0	34	32	25	34	36
60	60	0	0	1	203	3	91	92	93	0	0	0	34	36	33
60	60	0	0	1	204	2	91	92	0	0	2	2
60	60	0	0	1	205	3	91	92	93	0	0	0	34	33	35
60	60	0	0	1	206	1	94	0	31
60	60	0	0	1	207	2	94	95	0	0	34	36
60	60	0	0	1	208	2	94	95	0	0	34	36
60	60	0	0	1	209	2	94	95	0	0	32	35
60	60	0	0	1	210	2	94	95	0	0	32	35
60	60	0	0	1	211	1	96	0	36
60	60	0	0	1	212	1	96	0	35
60	60	0	0	1	213	1	96	0	33
60	60	0	0	1	214	5	96	97	98	99	100	0	0	0	0	0	35	36	34	35	33
60	60	0	0	1	215	1	100	0	33
