80	80	0	0	1	1	2	1	2	0	0	29	25
80	80	0	0	1	2	5	1	2	3	4	8	0	0	0	0	1	35	31	35	32	36
80	80	0	0	1	3	3	1	2	3	0	0	0	29	26	30
80	80	0	0	1	4	3	2	3	4	0	0	0	31	35	35
80	80	0	0	1	5	3	2	3	4	0	0	0	33	31	33
80	80	0	0	1	6	2	3	4	0	0	31	33
80	80	0	0	1	7	2	3	4	0	0	32	36
80	80	0	0	1	8	3	5	5	6	0	0	0	32	31	29
80	80	0	0	1	9	2	5	6	0	0	33	28
80	80	0	0	1	10	1	6	0	28
80	80	0	0	1	11	3	7	8	8	0	1	1	30	29	30
80	80	0	0	1	12	2	7	8	0	1	27	31
80	80	0	0	1	13	1	8	1	16
80	80	0	0	1	14	1	9	0	34
80	80	0	0	1	15	1	9	0	7
80	80	0	0	1	16	1	9	0	34
80	80	0	0	1	17	1	9	0	34
80	80	0	0	1	18	2	10	14	0	0	34	30
80	80	0	0	1	19	3	10	11	14	0	0	0	33	26	18
80	80	0	0	1	20	3	10	11	12	0	0	0	33	34	32
80	80	0	0	1	21	2	12	13	0	0	30	27
80	80	0	0	1	22	2	12	13	0	0	32	34
80	80	0	0	1	23	2	12	13	0	0	18	33
80	80	0	0	1	24	1	13	0	25
80	80	0	0	1	25	1	14	0	32
80	80	0	0	1	26	1	14	0	31
80	80	0	0	1	27	1	15	0	33
80	80	0	0	1	28	1	15	0	34
80	80	0	0	1	29	1	15	0	34
80	80	0	0	1	30	2	15	16	0	1	31	37
80	80	0	0	1	31	1	16	1	37
80	80	0	0	1	32	1	16	1	36
80	80	0	0	1	33	1	16	1	32
80	80	0	0	1	34	1	16	1	30
80	80	0	0	1	35	2	16	17	1	0	35	26
80	80	0	0	1	36	1	16	1	31
80	80	0	0	1	37	1	16	1	33
80	80	0	0	1	38	1	17	0	24
80	80	0	0	1	39	2	17	20	0	0	28	33
80	80	0	0	1	40	2	17	18	0	0	31	22
80	80	0	0	1	41	2	17	18	0	0	15	32
80	80	0	0	1	42	2	17	18	0	0	26	13
80	80	0	0	1	43	2	17	18	0	0	31	23
80	80	0	0	1	44	3	17	18	19	0	0	0	31	21	16
80	80	0	0	1	45	2	17	18	0	0	26	26
80	80	0	0	1	46	2	17	18	0	0	17	27
80	80	0	0	1	47	1	19	0	33
80	80	0	0	1	48	4	20	22	23	24	0	0	0	0	32	31	32	31
80	80	0	0	1	49	2	20	21	0	0	34	28
80	80	0	0	1	50	2	20	21	0	0	35	19
80	80	0	0	1	51	3	20	21	24	0	0	0	37	34	31
80	80	0	0	1	52	1	21	0	30
80	80	0	0	1	53	2	21	22	0	0	32	31
80	80	0	0	1	54	1	21	0	33
80	80	0	0	1	55	7	22	23	25	26	27	28	29	0	0	0	0	0	0	0	19	30	31	31	30	25	32
80	80	0	0	1	56	1	22	0	31
80	80	0	0	1	57	2	22	23	0	0	31	23
80	80	0	0	1	58	2	22	23	0	0	21	26
80	80	0	0	1	59	3	24	25	26	0	0	0	35	33	24
80	80	0	0	1	60	1	24	0	34
80	80	0	0	1	61	1	24	0	33
80	80	0	0	1	62	4	25	32	33	34	0	0	0	0	32	32	37	31
80	80	0	0	1	63	3	25	32	33	0	0	0	35	33	21
80	80	0	0	1	64	3	25	26	27	0	0	0	35	27	28
80	80	0	0	1	65	3	25	33	34	0	0	0	33	33	28
80	80	0	0	1	66	6	26	27	28	29	32	33	0	0	0	1	0	0	32	24	29	24	30	37
80	80	0	0	1	67	7	26	27	28	29	32	33	34	0	0	0	0	0	0	0	31	30	30	16	15	36	30
80	80	0	0	1	68	3	30	31	35	0	0	0	29	28	34
80	80	0	0	1	69	1	30	0	28
80	80	0	0	1	70	3	30	31	31	0	0	0	33	30	32
80	80	0	0	1	71	1	31	0	36
80	80	0	0	1	72	1	31	0	30
80	80	0	0	1	73	1	31	0	35
80	80	0	0	1	74	3	33	34	36	0	0	0	30	33	28
80	80	0	0	1	75	3	33	34	34	0	0	0	32	27	29
80	80	0	0	1	76	1	35	0	33
80	80	0	0	1	77	1	36	0	30
80	80	0	0	1	78	1	36	0	31
80	80	0	0	1	79	2	37	41	1	0	32	18
80	80	0	0	1	80	1	37	1	33
80	80	0	0	1	81	1	38	0	32
80	80	0	0	1	82	1	38	0	30
80	80	0	0	1	83	1	38	0	28
80	80	0	0	1	84	1	38	0	34
80	80	0	0	1	85	1	38	0	29
80	80	0	0	1	86	1	38	0	29
80	80	0	0	1	87	1	38	0	29
80	80	0	0	1	88	5	39	39	40	40	41	1	1	0	0	0	32	31	17	26	18
80	80	0	0	1	89	4	39	39	40	40	1	1	0	0	32	35	32	31
80	80	0	0	1	90	2	41	42	0	0	32	29
80	80	0	0	1	91	5	41	45	46	47	48	0	1	0	0	0	31	29	34	24	32
80	80	0	0	1	92	2	42	43	0	0	36	18
80	80	0	0	1	93	2	42	43	0	0	31	21
80	80	0	0	1	94	3	42	43	43	0	0	0	33	20	35
80	80	0	0	1	95	3	43	49	50	0	0	0	35	33	33
80	80	0	0	1	96	1	43	0	31
80	80	0	0	1	97	2	44	51	0	0	32	31
80	80	0	0	1	98	2	44	50	0	0	38	26
80	80	0	0	1	99	3	44	45	46	0	1	0	29	33	35
80	80	0	0	1	100	3	44	45	46	0	1	0	37	31	27
80	80	0	0	1	101	6	44	45	46	47	48	50	0	1	0	0	0	0	34	35	31	29	24	34
80	80	0	0	1	102	3	44	45	46	0	1	0	31	35	30
80	80	0	0	1	103	3	47	48	50	0	0	0	24	16	31
80	80	0	0	1	104	3	47	48	52	0	0	0	32	23	27
80	80	0	0	1	105	2	47	48	0	0	23	29
80	80	0	0	1	106	2	47	48	0	0	4	18
80	80	0	0	1	107	3	47	48	52	0	0	0	30	22	22
80	80	0	0	1	108	2	49	53	0	0	28	31
80	80	0	0	1	109	1	49	0	33
80	80	0	0	1	110	2	49	51	0	0	33	35
80	80	0	0	1	111	2	51	52	0	0	29	33
80	80	0	0	1	112	5	55	56	57	58	59	0	0	0	0	0	27	35	6	17	32
80	80	0	0	1	113	5	55	56	57	61	62	0	0	0	0	0	31	33	34	32	32
80	80	0	0	1	114	1	60	0	33
80	80	0	0	1	115	1	60	0	28
80	80	0	0	1	116	1	60	0	34
80	80	0	0	1	117	1	60	0	34
80	80	0	0	1	118	1	61	0	27
80	80	0	0	1	119	2	61	62	0	0	33	32
80	80	0	0	1	120	1	62	0	25
80	80	0	0	1	121	1	63	0	30
80	80	0	0	1	122	2	63	64	0	0	35	32
80	80	0	0	1	123	2	63	64	0	0	35	33
80	80	0	0	1	124	1	63	0	35
80	80	0	0	1	125	2	63	64	0	0	29	21
80	80	0	0	1	126	2	63	64	0	0	31	30
80	80	0	0	1	127	2	63	64	0	0	33	21
80	80	0	0	1	128	2	63	64	0	0	27	6
80	80	0	0	1	129	1	64	0	33
80	80	0	0	1	130	1	64	0	20
80	80	0	0	1	131	1	64	0	26
80	80	0	0	1	132	2	65	66	0	0	32	31
80	80	0	0	1	133	2	65	66	0	0	33	24
80	80	0	0	1	134	2	65	66	0	0	29	18
80	80	0	0	1	135	4	65	66	67	67	0	0	0	0	34	35	21	19
80	80	0	0	1	136	4	68	69	70	71	0	0	0	0	29	34	29	24
80	80	0	0	1	137	3	69	70	71	0	0	0	16	11	31
80	80	0	0	1	138	1	71	0	35
80	80	0	0	1	139	1	71	0	33
80	80	0	0	1	140	1	71	0	29
80	80	0	0	1	141	2	71	72	0	0	23	29
80	80	0	0	1	142	2	71	72	0	0	35	20
80	80	0	0	1	143	1	71	0	26
80	80	0	0	1	144	1	72	0	31
80	80	0	0	1	145	2	72	74	0	0	19	2
80	80	0	0	1	146	1	72	0	33
80	80	0	0	1	147	2	72	75	0	0	25	31
80	80	0	0	1	148	4	73	74	78	79	0	0	0	0	25	28	31	33
80	80	0	0	1	149	2	73	74	0	0	34	24
80	80	0	0	1	150	2	73	74	0	0	26	32
80	80	0	0	1	151	2	75	75	0	0	25	23
80	80	0	0	1	152	2	75	83	0	0	26	33
80	80	0	0	1	153	4	75	76	77	78	0	0	0	0	33	22	25	26
80	80	0	0	1	154	1	75	0	26
80	80	0	0	1	155	3	75	76	77	0	0	0	14	15	9
80	80	0	0	1	156	2	76	77	0	0	26	28
80	80	0	0	1	157	3	77	78	79	0	0	0	19	11	33
80	80	0	0	1	158	2	78	79	0	0	34	29
80	80	0	0	1	159	2	78	79	0	0	34	35
80	80	0	0	1	160	3	80	84	85	1	0	0	26	31	24
80	80	0	0	1	161	1	80	1	33
80	80	0	0	1	162	2	81	82	0	0	30	34
80	80	0	0	1	163	3	84	85	86	0	0	0	37	31	32
80	80	0	0	1	164	2	84	85	0	0	22	30
80	80	0	0	1	165	3	86	87	88	0	0	0	33	32	32
80	80	0	0	1	166	3	88	89	90	0	0	0	28	33	32
80	80	0	0	1	167	5	89	90	90	91	92	0	0	0	0	0	33	28	26	28	35
80	80	0	0	1	168	2	89	90	0	0	34	35
80	80	0	0	1	169	5	89	90	90	91	92	0	0	0	0	0	32	30	22	32	30
80	80	0	0	1	170	1	90	0	35
80	80	0	0	1	171	2	94	95	0	0	34	29
80	80	0	0	1	172	1	96	0	35
80	80	0	0	1	173	5	96	97	98	99	100	0	0	0	0	0	33	29	25	33	28
80	80	0	0	1	174	2	99	100	0	0	29	35
