60	60	0	0	1	1	2	3	0	0	0
60	60	0	0	1	2	3	2	0	0	0
60	60	0	0	1	3	4	7	0	0	0
60	60	0	0	1	4	5	1	0	0	0
60	60	0	0	1	5	6	5	0	0	0
60	60	0	0	1	7	8	0	3	0	0
60	60	0	0	1	10	11	4	0	0	0
60	60	0	0	1	11	12	2	0	0	0
60	60	0	0	1	12	13	1	0	0	0
60	60	0	0	1	15	16	0	1	0	0
60	60	0	0	1	17	18	1	0	0	0
60	60	0	0	1	18	19	2	0	0	0
60	60	0	0	1	20	21	5	0	0	0
60	60	0	0	1	22	23	4	0	0	0
60	60	0	0	1	25	26	5	0	0	0
60	60	0	0	1	26	27	5	0	0	0
60	60	0	0	1	27	28	2	0	0	0
60	60	0	0	1	28	29	4	0	0	0
60	60	0	0	1	29	30	2	0	0	0
60	60	0	0	1	32	33	10	0	0	0
60	60	0	0	1	34	35	1	0	0	0
60	60	0	0	1	39	40	0	0	2	0
60	60	0	0	1	42	43	1	0	0	0
60	60	0	0	1	46	47	1	0	0	0
60	60	0	0	1	47	48	5	0	0	0
60	60	0	0	1	49	50	1	0	0	0
60	60	0	0	1	53	54	1	0	0	0
60	60	0	0	1	55	56	2	0	0	0
60	60	0	0	1	57	58	3	0	0	0
60	60	0	0	1	58	59	2	0	0	0
60	60	0	0	1	61	62	1	0	0	0
60	60	0	0	1	63	64	2	0	0	0
60	60	0	0	1	65	66	4	0	0	0
60	60	0	0	1	67	68	1	0	0	0
60	60	0	0	1	68	69	3	0	0	0
60	60	0	0	1	69	70	1	0	0	0
60	60	0	0	1	71	72	1	0	0	0
60	60	0	0	1	73	74	2	0	0	0
60	60	0	0	1	76	77	5	0	0	0
60	60	0	0	1	78	79	1	0	0	0
60	60	0	0	1	79	80	0	1	0	0
60	60	0	0	1	81	82	4	0	0	0
60	60	0	0	1	83	84	3	0	0	0
60	60	0	0	1	84	85	6	0	0	0
60	60	0	0	1	86	87	4	0	0	0
60	60	0	0	1	87	88	1	1	0	0
60	60	0	0	1	88	89	3	0	0	0
60	60	0	0	1	90	91	3	0	0	0
60	60	0	0	1	91	92	7	0	0	0
60	60	0	0	1	92	93	2	0	0	0
60	60	0	0	1	93	94	1	0	0	0
60	60	0	0	1	94	95	7	0	0	0
60	60	0	0	1	96	97	3	0	0	0
60	60	0	0	1	97	98	2	0	0	0
60	60	0	0	1	98	99	3	0	0	0
60	60	0	0	1	99	100	2	0	0	0
