88	88	0	0	1	1	2	6	0	0	0
88	88	0	0	1	3	4	1	0	0	0
88	88	0	0	1	5	6	5	0	0	0
88	88	0	0	1	6	7	1	0	0	0
88	88	0	0	1	7	8	0	3	0	0
88	88	0	0	1	10	11	6	0	0	0
88	88	0	0	1	11	12	4	0	0	0
88	88	0	0	1	12	13	3	0	0	0
88	88	0	0	1	13	14	5	0	0	0
88	88	0	0	1	16	17	0	0	3	0
88	88	0	0	1	17	18	11	0	0	0
88	88	0	0	1	18	19	5	0	0	0
88	88	0	0	1	19	20	2	0	0	0
88	88	0	0	1	20	21	3	0	0	0
88	88	0	0	1	22	23	1	0	0	0
88	88	0	0	1	23	24	1	0	0	0
88	88	0	0	1	25	26	1	0	0	0
88	88	0	0	1	27	28	1	0	0	0
88	88	0	0	1	29	30	1	0	0	0
88	88	0	0	1	30	31	4	0	0	0
88	88	0	0	1	31	32	1	0	0	0
88	88	0	0	1	32	33	2	0	0	0
88	88	0	0	1	33	34	2	0	0	0
88	88	0	0	1	34	35	1	0	0	0
88	88	0	0	1	35	36	1	0	0	0
88	88	0	0	1	39	40	0	0	6	0
88	88	0	0	1	40	41	2	0	0	0
88	88	0	0	1	42	43	1	0	0	0
88	88	0	0	1	45	46	0	0	1	0
88	88	0	0	1	47	48	2	0	0	0
88	88	0	0	1	55	56	3	0	0	0
88	88	0	0	1	56	57	1	0	0	0
88	88	0	0	1	57	58	1	0	0	0
88	88	0	0	1	58	59	4	0	0	0
88	88	0	0	1	61	62	3	0	0	0
88	88	0	0	1	62	63	1	0	0	0
88	88	0	0	1	63	64	7	0	0	0
88	88	0	0	1	64	65	1	0	0	0
88	88	0	0	1	65	66	3	0	0	0
88	88	0	0	1	66	67	4	0	0	0
88	88	0	0	1	69	70	2	0	0	0
88	88	0	0	1	72	73	1	0	0	0
88	88	0	0	1	73	74	1	0	0	0
88	88	0	0	1	76	77	5	0	0	0
88	88	0	0	1	77	78	3	0	0	0
88	88	0	0	1	79	80	0	1	0	0
88	88	0	0	1	80	81	0	0	1	0
88	88	0	0	1	81	82	3	0	0	0
88	88	0	0	1	84	85	2	0	0	0
88	88	0	0	1	87	88	1	0	0	0
88	88	0	0	1	95	96	1	0	0	0
88	88	0	0	1	98	99	1	0	0	0
