40	40	0	0	1	1	2	1	0	0	0
40	40	0	0	1	3	4	2	0	0	0
40	40	0	0	1	5	6	1	0	0	0
40	40	0	0	1	7	8	0	1	0	0
40	40	0	0	1	12	13	1	0	0	0
40	40	0	0	1	13	14	1	0	0	0
40	40	0	0	1	16	17	0	0	2	0
40	40	0	0	1	23	24	2	0	0	0
40	40	0	0	1	28	29	2	0	0	0
40	40	0	0	1	29	30	1	0	0	0
40	40	0	0	1	30	31	1	0	0	0
40	40	0	0	1	32	33	1	0	0	0
40	40	0	0	1	34	35	1	0	0	0
40	40	0	0	1	37	38	0	0	1	0
40	40	0	0	1	39	40	0	0	3	0
40	40	0	0	1	40	41	1	0	0	0
40	40	0	0	1	42	43	1	0	0	0
40	40	0	0	1	45	46	0	0	2	0
40	40	0	0	1	47	48	1	0	0	0
40	40	0	0	1	55	56	1	0	0	0
40	40	0	0	1	57	58	1	0	0	0
40	40	0	0	1	58	59	2	0	0	0
40	40	0	0	1	61	62	3	0	0	0
40	40	0	0	1	65	66	1	0	0	0
40	40	0	0	1	77	78	2	0	0	0
40	40	0	0	1	81	82	2	0	0	0
40	40	0	0	1	84	85	1	0	0	0
40	40	0	0	1	87	88	1	0	0	0
40	40	0	0	1	88	89	1	0	0	0
40	40	0	0	1	92	93	1	0	0	0
40	40	0	0	1	94	95	1	0	0	0
40	40	0	0	1	97	98	1	0	0	0
40	40	0	0	1	98	99	1	0	0	0
40	40	0	0	1	99	100	1	0	0	0
