48	48	0	0	1	1	2	1	7	0	0	30	2
48	48	0	0	1	2	1	1	0	33
48	48	0	0	1	3	2	1	2	0	0	21	34
48	48	0	0	1	4	2	1	2	0	0	19	31
48	48	0	0	1	5	4	1	2	5	6	0	0	0	0	33	29	34	32
48	48	0	0	1	6	4	1	2	5	6	0	0	0	0	35	18	35	32
48	48	0	0	1	7	3	1	2	3	0	0	0	35	36	32
48	48	0	0	1	8	6	1	2	3	4	7	8	0	0	0	0	0	1	35	32	35	34	31	33
48	48	0	0	1	9	2	1	2	0	0	24	32
48	48	0	0	1	10	4	1	2	3	4	0	0	0	0	30	26	29	33
48	48	0	0	1	11	2	1	2	0	0	14	35
48	48	0	0	1	12	2	1	2	0	0	33	32
48	48	0	0	1	13	3	1	2	7	0	0	0	33	33	32
48	48	0	0	1	14	4	3	4	7	8	0	0	0	1	34	35	30	36
48	48	0	0	1	15	2	3	4	0	0	32	35
48	48	0	0	1	16	2	3	4	0	0	36	41
48	48	0	0	1	17	2	3	4	0	0	34	30
48	48	0	0	1	18	2	3	4	0	0	33	28
48	48	0	0	1	19	2	3	4	0	0	32	35
48	48	0	0	1	20	1	5	0	29
48	48	0	0	1	21	1	5	0	31
48	48	0	0	1	22	1	5	0	30
48	48	0	0	1	23	2	5	6	0	0	33	30
48	48	0	0	1	24	2	5	6	0	0	19	33
48	48	0	0	1	25	2	5	6	0	0	32	32
48	48	0	0	1	26	2	5	6	0	0	31	33
48	48	0	0	1	27	1	6	0	13
48	48	0	0	1	28	2	7	9	0	0	33	32
48	48	0	0	1	29	1	7	0	29
48	48	0	0	1	30	1	7	0	33
48	48	0	0	1	31	2	7	8	0	1	33	27
48	48	0	0	1	32	2	7	8	0	1	31	34
48	48	0	0	1	33	2	7	8	0	1	32	35
48	48	0	0	1	34	2	7	8	0	1	36	32
48	48	0	0	1	35	2	7	8	0	1	30	37
48	48	0	0	1	36	2	7	8	0	1	33	37
48	48	0	0	1	37	2	7	8	0	1	24	37
48	48	0	0	1	38	2	7	8	0	1	35	34
48	48	0	0	1	39	2	7	8	0	1	33	23
48	48	0	0	1	40	2	7	8	0	1	37	29
48	48	0	0	1	41	1	7	0	24
48	48	0	0	1	42	2	7	8	0	1	31	35
48	48	0	0	1	43	2	7	8	0	1	35	4
48	48	0	0	1	44	1	8	1	2
48	48	0	0	1	45	1	9	0	34
48	48	0	0	1	46	1	9	0	32
48	48	0	0	1	47	1	9	0	32
48	48	0	0	1	48	1	9	0	2
48	48	0	0	1	49	1	10	0	31
48	48	0	0	1	50	2	10	11	0	0	33	31
48	48	0	0	1	51	2	10	11	0	0	23	34
48	48	0	0	1	52	3	10	11	12	0	0	0	30	26	22
48	48	0	0	1	53	3	10	11	12	0	0	0	24	25	31
48	48	0	0	1	54	3	10	11	14	0	0	0	32	29	25
48	48	0	0	1	55	4	10	11	12	13	0	0	0	0	33	27	32	27
48	48	0	0	1	56	2	10	11	0	0	32	35
48	48	0	0	1	57	2	12	13	0	0	34	30
48	48	0	0	1	58	1	14	0	35
48	48	0	0	1	59	1	14	0	34
48	48	0	0	1	60	1	14	0	33
48	48	0	0	1	61	2	14	15	0	0	23	34
48	48	0	0	1	62	2	14	15	0	0	24	28
48	48	0	0	1	63	1	14	0	35
48	48	0	0	1	64	1	14	0	33
48	48	0	0	1	65	1	14	0	33
48	48	0	0	1	66	2	14	15	0	0	31	30
48	48	0	0	1	67	1	14	0	33
48	48	0	0	1	68	2	14	15	0	0	30	34
48	48	0	0	1	69	1	15	0	34
48	48	0	0	1	70	1	15	0	29
48	48	0	0	1	71	2	15	17	0	0	37	21
48	48	0	0	1	72	2	15	17	0	0	37	21
48	48	0	0	1	73	3	15	16	20	0	1	0	35	23	34
48	48	0	0	1	74	1	15	0	41
48	48	0	0	1	75	1	15	0	36
48	48	0	0	1	76	3	15	15	16	0	0	1	7	29	25
48	48	0	0	1	77	4	15	16	20	21	0	1	0	0	33	35	35	38
48	48	0	0	1	78	3	15	20	21	0	0	0	31	34	34
48	48	0	0	1	79	2	16	20	1	0	35	35
48	48	0	0	1	80	1	16	1	28
48	48	0	0	1	81	2	16	19	1	0	39	32
48	48	0	0	1	82	1	16	1	35
48	48	0	0	1	83	1	16	1	35
48	48	0	0	1	84	3	16	20	21	1	0	0	30	28	37
48	48	0	0	1	85	1	16	1	26
48	48	0	0	1	86	3	16	20	21	1	0	0	35	33	34
48	48	0	0	1	87	1	17	0	22
48	48	0	0	1	88	1	17	0	26
48	48	0	0	1	89	1	17	0	24
48	48	0	0	1	90	1	17	0	22
48	48	0	0	1	91	2	17	18	0	0	23	29
48	48	0	0	1	92	1	17	0	25
48	48	0	0	1	93	1	17	0	22
48	48	0	0	1	94	3	17	20	21	0	0	0	31	32	30
48	48	0	0	1	95	2	17	18	0	0	25	32
48	48	0	0	1	96	2	17	18	0	0	23	28
48	48	0	0	1	97	5	17	18	19	20	21	0	0	0	0	0	32	25	29	34	36
48	48	0	0	1	98	3	17	18	19	0	0	0	32	24	33
48	48	0	0	1	99	3	17	18	19	0	0	0	21	32	36
48	48	0	0	1	100	3	17	18	19	0	0	0	16	23	18
48	48	0	0	1	101	1	18	0	32
48	48	0	0	1	102	4	18	19	20	21	0	0	0	0	28	33	31	38
48	48	0	0	1	103	1	18	0	2
48	48	0	0	1	104	4	18	19	20	21	0	0	0	0	26	34	25	35
48	48	0	0	1	105	1	19	0	36
48	48	0	0	1	106	4	20	22	23	24	0	0	0	0	35	30	23	31
48	48	0	0	1	107	2	20	21	0	0	33	35
48	48	0	0	1	108	2	20	21	0	0	36	30
48	48	0	0	1	109	2	20	21	0	0	35	28
48	48	0	0	1	110	1	21	0	33
48	48	0	0	1	111	1	21	0	2
48	48	0	0	1	112	1	21	0	2
48	48	0	0	1	113	1	21	0	34
48	48	0	0	1	114	1	22	0	25
48	48	0	0	1	115	2	22	23	0	0	26	28
48	48	0	0	1	116	3	22	23	24	0	0	0	30	32	27
48	48	0	0	1	117	8	22	23	24	26	27	28	29	30	0	0	0	0	0	0	0	0	30	32	34	31	31	24	32	35
48	48	0	0	1	118	3	22	23	24	0	0	0	23	23	23
48	48	0	0	1	119	3	22	23	24	0	0	0	30	26	31
48	48	0	0	1	120	8	22	23	24	27	28	29	30	31	0	0	0	0	0	0	0	0	31	34	37	26	24	28	35	35
48	48	0	0	1	121	3	22	23	24	0	0	0	27	21	31
48	48	0	0	1	122	6	22	23	24	25	26	27	0	0	0	0	0	0	31	30	36	33	30	31
48	48	0	0	1	123	3	22	23	24	0	0	0	18	32	36
48	48	0	0	1	124	3	22	23	24	1	0	0	8	20	4
48	48	0	0	1	125	6	23	24	28	29	30	31	0	0	0	0	0	0	33	36	16	20	32	35
48	48	0	0	1	126	2	23	24	0	0	29	31
48	48	0	0	1	127	1	24	0	30
48	48	0	0	1	128	2	24	31	0	0	35	37
48	48	0	0	1	129	1	25	0	33
48	48	0	0	1	130	1	25	0	28
48	48	0	0	1	131	1	25	0	34
48	48	0	0	1	132	1	25	0	26
48	48	0	0	1	133	2	25	26	0	0	34	23
48	48	0	0	1	134	3	25	26	27	0	0	0	34	32	22
48	48	0	0	1	135	5	25	26	27	32	33	0	0	0	0	0	33	33	2	30	34
48	48	0	0	1	136	6	25	26	27	28	29	35	0	0	0	0	0	0	34	30	25	27	17	34
48	48	0	0	1	137	1	25	0	38
48	48	0	0	1	138	2	25	35	0	0	32	33
48	48	0	0	1	139	2	25	26	0	0	30	24
48	48	0	0	1	140	4	25	26	27	35	0	0	0	0	32	34	25	35
48	48	0	0	1	141	5	26	27	28	29	31	0	0	0	0	0	32	33	32	24	37
48	48	0	0	1	142	3	26	27	32	0	0	0	30	23	18
48	48	0	0	1	143	1	26	0	32
48	48	0	0	1	144	2	26	27	0	0	31	25
48	48	0	0	1	145	4	26	27	28	29	0	0	0	0	31	27	25	31
48	48	0	0	1	146	5	26	27	28	29	35	0	0	0	0	0	31	33	30	24	32
48	48	0	0	1	147	6	26	27	28	29	30	35	0	0	0	0	0	0	31	31	32	24	33	35
48	48	0	0	1	148	5	27	28	29	30	35	0	0	0	0	0	31	26	25	28	18
48	48	0	0	1	149	2	30	31	0	0	34	35
48	48	0	0	1	150	1	31	0	35
48	48	0	0	1	151	1	31	0	37
48	48	0	0	1	152	1	31	0	35
48	48	0	0	1	153	1	31	0	21
48	48	0	0	1	154	1	31	0	37
48	48	0	0	1	155	1	32	0	27
48	48	0	0	1	156	3	32	33	36	0	0	0	35	35	34
48	48	0	0	1	157	2	32	35	0	0	17	37
48	48	0	0	1	158	1	32	0	40
48	48	0	0	1	159	3	32	33	34	0	0	0	32	36	29
48	48	0	0	1	160	3	32	33	35	0	0	0	28	26	36
48	48	0	0	1	161	2	32	33	0	0	32	33
48	48	0	0	1	162	3	32	33	34	0	0	0	31	19	30
48	48	0	0	1	163	2	32	33	0	0	18	2
48	48	0	0	1	164	3	32	33	34	0	0	0	32	27	24
48	48	0	0	1	165	2	33	34	0	0	28	30
48	48	0	0	1	166	1	34	0	34
48	48	0	0	1	167	2	34	34	0	0	30	12
48	48	0	0	1	168	2	34	35	0	0	33	33
48	48	0	0	1	169	1	34	0	33
48	48	0	0	1	170	2	35	37	0	1	34	36
48	48	0	0	1	171	1	35	0	35
48	48	0	0	1	172	2	35	37	0	1	35	37
48	48	0	0	1	173	2	35	37	0	1	31	37
48	48	0	0	1	174	2	35	37	0	1	35	35
48	48	0	0	1	175	2	35	36	0	0	33	32
48	48	0	0	1	176	3	35	37	38	0	1	0	34	33	31
48	48	0	0	1	177	2	35	37	0	1	33	31
48	48	0	0	1	178	3	36	39	40	0	1	0	15	35	33
48	48	0	0	1	179	3	36	39	40	0	1	0	24	33	27
48	48	0	0	1	180	4	36	39	40	41	0	1	0	1	25	26	30	26
48	48	0	0	1	181	2	36	38	0	0	23	19
48	48	0	0	1	182	1	36	0	24
48	48	0	0	1	183	2	37	38	1	0	31	25
48	48	0	0	1	184	1	37	1	34
48	48	0	0	1	185	1	37	1	35
48	48	0	0	1	186	1	37	1	35
48	48	0	0	1	187	1	37	1	36
48	48	0	0	1	188	1	37	1	34
48	48	0	0	1	189	4	38	39	40	41	0	1	0	1	36	35	31	35
48	48	0	0	1	190	1	38	0	31
48	48	0	0	1	191	2	38	38	0	0	28	32
48	48	0	0	1	192	2	38	42	0	0	35	32
48	48	0	0	1	193	1	38	0	32
48	48	0	0	1	194	1	38	0	35
48	48	0	0	1	195	1	38	0	30
48	48	0	0	1	196	2	38	42	0	0	2	32
48	48	0	0	1	197	1	38	0	33
48	48	0	0	1	198	3	38	42	43	0	0	0	36	31	34
48	48	0	0	1	199	3	38	42	43	0	0	0	37	29	36
48	48	0	0	1	200	2	38	41	0	1	35	36
48	48	0	0	1	201	2	38	42	0	0	37	22
48	48	0	0	1	202	1	38	0	37
48	48	0	0	1	203	3	39	42	43	1	0	0	30	33	35
48	48	0	0	1	204	4	39	40	42	43	1	0	0	0	32	27	32	36
48	48	0	0	1	205	3	39	40	43	1	0	0	32	24	35
48	48	0	0	1	206	3	39	40	43	1	0	0	30	16	35
48	48	0	0	1	207	1	39	1	21
48	48	0	0	1	208	3	39	40	41	1	0	1	11	32	28
48	48	0	0	1	209	4	39	40	41	44	1	0	1	0	34	31	34	30
48	48	0	0	1	210	3	39	40	41	1	0	1	35	32	34
48	48	0	0	1	211	3	39	40	41	1	0	0	34	30	32
48	48	0	0	1	212	4	39	40	41	44	1	0	0	0	34	32	30	33
48	48	0	0	1	213	2	39	40	1	0	2	2
48	48	0	0	1	214	3	39	40	41	1	0	1	35	32	33
48	48	0	0	1	215	4	39	40	41	44	1	0	1	0	34	32	35	35
48	48	0	0	1	216	2	39	40	1	0	33	35
48	48	0	0	1	217	7	39	40	41	45	46	47	48	1	0	1	1	0	0	0	34	33	35	33	37	25	34
48	48	0	0	1	218	2	40	41	0	1	28	34
48	48	0	0	1	219	1	41	1	44
48	48	0	0	1	220	1	41	0	34
48	48	0	0	1	221	1	41	1	32
48	48	0	0	1	222	2	41	43	0	0	31	30
48	48	0	0	1	223	1	41	0	24
48	48	0	0	1	224	2	42	49	0	0	26	37
48	48	0	0	1	225	2	42	43	0	0	34	34
48	48	0	0	1	226	2	42	50	0	0	36	29
48	48	0	0	1	227	3	42	43	50	0	0	0	36	37	34
48	48	0	0	1	228	3	42	43	44	0	0	0	36	35	31
48	48	0	0	1	229	2	42	43	0	0	27	36
48	48	0	0	1	230	2	42	43	0	0	33	36
48	48	0	0	1	231	2	42	43	0	0	26	38
48	48	0	0	1	232	4	42	43	50	51	0	0	0	0	34	33	30	32
48	48	0	0	1	233	3	43	50	51	0	0	0	36	33	30
48	48	0	0	1	234	1	43	0	23
48	48	0	0	1	235	2	43	49	0	0	35	36
48	48	0	0	1	236	1	43	0	34
48	48	0	0	1	237	3	43	49	50	0	0	0	25	33	35
48	48	0	0	1	238	2	43	51	0	0	32	34
48	48	0	0	1	239	1	44	0	35
48	48	0	0	1	240	2	44	51	0	0	32	30
48	48	0	0	1	241	1	44	0	34
48	48	0	0	1	242	1	44	0	38
48	48	0	0	1	243	4	44	45	46	52	0	1	0	0	37	37	33	32
48	48	0	0	1	244	3	44	45	46	0	1	0	33	33	36
48	48	0	0	1	245	4	44	45	49	50	0	1	0	0	35	32	17	28
48	48	0	0	1	246	2	44	45	0	1	35	35
48	48	0	0	1	247	3	44	45	49	0	1	0	33	32	34
48	48	0	0	1	248	6	44	45	46	47	48	52	0	1	0	0	0	0	37	37	33	33	24	29
48	48	0	0	1	249	2	44	45	0	1	20	36
48	48	0	0	1	250	4	45	46	47	48	1	0	0	0	29	36	23	33
48	48	0	0	1	251	5	45	46	47	48	53	1	0	0	0	0	32	31	29	25	32
48	48	0	0	1	252	4	45	46	47	48	1	0	0	0	34	33	32	24
48	48	0	0	1	253	3	46	47	48	0	0	0	33	25	32
48	48	0	0	1	254	3	46	47	48	0	0	0	34	24	30
48	48	0	0	1	255	4	46	47	48	50	0	0	0	0	32	28	28	28
48	48	0	0	1	256	4	46	47	48	53	0	0	0	0	33	34	25	35
48	48	0	0	1	257	3	46	47	48	0	0	0	32	25	32
48	48	0	0	1	258	2	47	48	0	0	23	3
48	48	0	0	1	259	2	47	48	0	0	23	28
48	48	0	0	1	260	1	48	0	25
48	48	0	0	1	261	2	49	52	0	0	32	26
48	48	0	0	1	262	1	49	0	37
48	48	0	0	1	263	1	49	0	36
48	48	0	0	1	264	1	49	0	35
48	48	0	0	1	265	3	49	50	54	0	0	0	33	29	32
48	48	0	0	1	266	2	49	52	0	0	33	33
48	48	0	0	1	267	3	49	50	54	0	0	0	31	27	30
48	48	0	0	1	268	2	49	50	0	0	33	34
48	48	0	0	1	269	3	50	51	52	0	0	0	32	34	31
48	48	0	0	1	270	2	50	51	0	0	31	31
48	48	0	0	1	271	3	50	51	54	0	0	0	34	35	34
48	48	0	0	1	272	1	50	0	16
48	48	0	0	1	273	1	51	0	34
48	48	0	0	1	274	1	51	0	31
48	48	0	0	1	275	3	51	55	56	0	0	0	36	35	27
48	48	0	0	1	276	1	51	0	25
48	48	0	0	1	277	1	51	0	38
48	48	0	0	1	278	4	51	52	55	56	0	0	0	0	33	24	37	33
48	48	0	0	1	279	2	51	52	0	0	35	22
48	48	0	0	1	280	5	52	55	56	57	58	0	0	0	0	0	21	36	32	37	28
48	48	0	0	1	281	2	52	53	0	0	26	32
48	48	0	0	1	282	2	52	54	0	0	24	16
48	48	0	0	1	283	4	52	55	56	57	0	0	0	0	22	34	31	35
48	48	0	0	1	284	1	52	0	21
48	48	0	0	1	285	1	52	0	27
48	48	0	0	1	286	5	52	53	57	58	59	0	0	0	0	0	22	31	31	26	34
48	48	0	0	1	287	4	53	57	58	59	0	0	0	0	33	37	23	32
48	48	0	0	1	288	3	53	59	60	0	0	0	31	28	32
48	48	0	0	1	289	2	53	60	0	0	33	30
48	48	0	0	1	290	1	53	0	27
48	48	0	0	1	291	2	54	60	0	0	33	26
48	48	0	0	1	292	2	54	60	0	0	32	31
48	48	0	0	1	293	1	54	0	38
48	48	0	0	1	294	2	54	60	0	0	28	30
48	48	0	0	1	295	3	55	56	60	0	0	0	24	22	29
48	48	0	0	1	296	3	55	56	60	0	0	0	24	29	30
48	48	0	0	1	297	3	55	56	57	0	0	0	30	36	28
48	48	0	0	1	298	9	55	56	56	57	57	58	58	59	59	0	0	0	0	0	0	0	0	0	33	36	28	33	36	31	33	32	35
48	48	0	0	1	299	5	55	56	57	58	59	0	0	0	0	0	32	21	28	20	35
48	48	0	0	1	300	4	56	57	58	59	0	0	0	0	35	33	31	28
48	48	0	0	1	301	1	57	0	37
48	48	0	0	1	302	3	57	58	59	0	0	0	34	34	37
48	48	0	0	1	303	6	57	58	58	59	59	60	0	0	0	0	0	0	32	29	26	37	34	33
48	48	0	0	1	304	3	57	58	59	0	0	0	33	33	34
48	48	0	0	1	305	2	58	59	0	0	25	34
48	48	0	0	1	306	2	58	59	0	0	30	20
48	48	0	0	1	307	3	58	59	63	0	0	0	20	34	31
48	48	0	0	1	308	2	58	59	0	0	32	34
48	48	0	0	1	309	3	58	59	63	0	0	0	32	36	31
48	48	0	0	1	310	3	58	59	60	0	0	0	32	33	29
48	48	0	0	1	311	3	58	59	62	0	0	0	30	31	36
48	48	0	0	1	312	3	58	59	62	0	0	0	28	32	32
48	48	0	0	1	313	4	59	60	63	64	0	0	0	0	35	33	28	29
48	48	0	0	1	314	2	59	60	0	0	34	24
48	48	0	0	1	315	1	59	0	2
48	48	0	0	1	316	2	60	63	0	0	33	30
48	48	0	0	1	317	1	60	0	33
48	48	0	0	1	318	1	60	0	32
48	48	0	0	1	319	3	60	63	64	0	0	0	32	27	32
48	48	0	0	1	320	1	60	0	33
48	48	0	0	1	321	2	60	62	0	0	25	32
48	48	0	0	1	322	1	60	0	33
48	48	0	0	1	323	1	61	0	33
48	48	0	0	1	324	5	61	62	65	66	67	0	0	0	0	0	7	16	37	33	33
48	48	0	0	1	325	2	61	62	0	0	33	33
48	48	0	0	1	326	1	61	0	9
48	48	0	0	1	327	1	61	0	29
48	48	0	0	1	328	2	61	62	0	0	21	32
48	48	0	0	1	329	5	61	62	65	66	67	0	0	0	0	0	30	37	37	33	33
48	48	0	0	1	330	1	62	0	34
48	48	0	0	1	331	4	62	65	66	67	0	0	0	0	35	31	29	32
48	48	0	0	1	332	3	62	63	64	0	0	0	33	28	28
48	48	0	0	1	333	1	62	0	36
48	48	0	0	1	334	4	63	65	66	67	0	0	0	0	4	29	31	34
48	48	0	0	1	335	2	63	67	0	0	23	23
48	48	0	0	1	336	2	63	64	0	0	27	29
48	48	0	0	1	337	2	63	64	0	0	36	29
48	48	0	0	1	338	2	63	64	0	0	35	30
48	48	0	0	1	339	2	63	64	0	0	30	25
48	48	0	0	1	340	1	64	0	30
48	48	0	0	1	341	1	64	0	30
48	48	0	0	1	342	1	64	0	26
48	48	0	0	1	343	2	65	66	0	0	29	32
48	48	0	0	1	344	2	65	66	0	0	35	29
48	48	0	0	1	345	3	65	66	67	0	0	0	25	32	19
48	48	0	0	1	346	3	65	66	67	0	0	0	34	33	23
48	48	0	0	1	347	3	65	66	67	0	0	0	32	23	33
48	48	0	0	1	348	3	65	66	67	0	0	0	27	36	40
48	48	0	0	1	349	5	66	67	68	69	70	0	0	0	1	0	21	23	33	27	22
48	48	0	0	1	350	1	67	0	31
48	48	0	0	1	351	2	68	69	0	0	35	31
48	48	0	0	1	352	1	68	0	37
48	48	0	0	1	353	5	68	69	70	73	74	0	0	0	0	0	34	31	29	13	31
48	48	0	0	1	354	4	68	69	70	74	0	0	0	0	25	25	25	30
48	48	0	0	1	355	5	68	69	70	74	75	0	0	0	0	0	36	33	10	29	33
48	48	0	0	1	356	2	68	69	0	0	37	25
48	48	0	0	1	357	3	68	69	70	0	0	0	37	15	35
48	48	0	0	1	358	4	68	69	70	71	0	0	0	0	26	7	12	31
48	48	0	0	1	359	5	68	69	70	71	75	0	0	0	0	0	32	35	33	32	32
48	48	0	0	1	360	4	69	70	71	75	0	0	0	0	35	33	37	33
48	48	0	0	1	361	4	69	70	71	75	0	0	0	0	35	34	36	33
48	48	0	0	1	362	3	69	70	71	0	0	0	31	21	28
48	48	0	0	1	363	3	69	70	71	0	0	0	4	26	29
48	48	0	0	1	364	4	69	70	71	75	0	0	0	0	33	32	36	33
48	48	0	0	1	365	2	69	70	0	0	26	34
48	48	0	0	1	366	3	69	70	71	0	0	0	2	30	31
48	48	0	0	1	367	2	70	71	0	0	30	32
48	48	0	0	1	368	1	71	0	33
48	48	0	0	1	369	1	71	0	23
48	48	0	0	1	370	2	71	71	0	0	35	30
48	48	0	0	1	371	3	71	71	72	0	0	0	36	27	32
48	48	0	0	1	372	1	71	0	26
48	48	0	0	1	373	1	71	0	29
48	48	0	0	1	374	1	71	0	33
48	48	0	0	1	375	2	71	72	0	0	36	22
48	48	0	0	1	376	3	72	75	76	0	0	0	18	31	28
48	48	0	0	1	377	1	72	0	33
48	48	0	0	1	378	1	72	0	32
48	48	0	0	1	379	1	72	0	23
48	48	0	0	1	380	4	72	75	76	77	0	0	0	0	25	25	26	25
48	48	0	0	1	381	3	73	80	81	0	1	0	23	19	31
48	48	0	0	1	382	1	73	0	30
48	48	0	0	1	383	5	73	74	80	81	82	0	0	1	0	0	24	25	31	34	33
48	48	0	0	1	384	4	73	74	81	82	0	0	0	0	24	21	27	27
48	48	0	0	1	385	3	74	78	79	0	0	0	28	24	28
48	48	0	0	1	386	2	74	79	0	0	15	38
48	48	0	0	1	387	2	75	83	0	0	32	35
48	48	0	0	1	388	1	75	0	32
48	48	0	0	1	389	1	75	0	37
48	48	0	0	1	390	4	75	83	84	85	0	0	0	0	33	4	31	35
48	48	0	0	1	391	2	75	80	0	1	33	28
48	48	0	0	1	392	2	75	83	0	0	29	26
48	48	0	0	1	393	5	75	76	77	84	85	0	0	0	0	0	32	27	24	30	35
48	48	0	0	1	394	2	78	79	0	0	29	34
48	48	0	0	1	395	2	78	79	0	0	29	32
48	48	0	0	1	396	2	79	80	0	1	34	34
48	48	0	0	1	397	2	79	83	0	0	32	36
48	48	0	0	1	398	5	79	80	83	84	85	0	1	0	0	0	34	34	35	34	36
48	48	0	0	1	399	4	79	86	87	88	0	0	0	0	33	34	36	31
48	48	0	0	1	400	2	79	80	0	1	33	32
48	48	0	0	1	401	3	79	80	86	0	1	0	11	15	30
48	48	0	0	1	402	2	80	81	1	0	34	31
48	48	0	0	1	403	5	80	81	86	87	88	1	0	0	0	0	26	29	34	36	33
48	48	0	0	1	404	1	80	1	31
48	48	0	0	1	405	7	80	81	82	86	87	88	89	1	0	0	0	0	0	0	34	34	34	34	32	33	34
48	48	0	0	1	406	1	80	1	32
48	48	0	0	1	407	5	80	81	82	82	83	1	0	0	0	0	33	33	36	27	32
48	48	0	0	1	408	4	81	82	84	85	0	0	0	0	33	30	14	31
48	48	0	0	1	409	4	81	82	84	85	0	0	0	0	32	34	27	36
48	48	0	0	1	410	2	82	83	0	0	15	35
48	48	0	0	1	411	2	83	83	0	0	32	34
48	48	0	0	1	412	3	83	89	90	0	0	0	32	34	35
48	48	0	0	1	413	1	83	0	34
48	48	0	0	1	414	1	83	0	36
48	48	0	0	1	415	5	83	90	91	92	93	0	0	0	0	0	33	20	32	36	33
48	48	0	0	1	416	1	83	0	36
48	48	0	0	1	417	4	83	86	87	88	0	0	0	0	24	29	34	30
48	48	0	0	1	418	4	84	86	87	88	0	0	0	0	34	32	35	31
48	48	0	0	1	419	4	84	84	85	85	0	0	0	0	34	31	36	33
48	48	0	0	1	420	6	86	87	88	91	92	93	0	0	0	0	0	0	34	38	30	31	29	30
48	48	0	0	1	421	6	86	87	88	89	96	97	0	0	0	0	0	0	31	35	31	26	36	33
48	48	0	0	1	422	3	86	87	88	0	0	0	37	22	35
48	48	0	0	1	423	5	86	87	88	89	94	0	0	0	0	0	33	39	35	36	27
48	48	0	0	1	424	8	86	87	88	89	90	98	99	100	0	0	0	0	0	0	0	0	11	28	31	32	28	29	22	13
48	48	0	0	1	425	9	86	87	88	89	90	96	97	98	99	0	0	0	0	0	0	0	0	0	33	36	34	34	35	37	34	34	35
48	48	0	0	1	426	6	87	88	89	90	94	95	0	0	0	0	0	0	35	32	34	35	32	35
48	48	0	0	1	427	4	89	90	94	95	0	0	0	0	30	33	34	21
48	48	0	0	1	428	4	89	90	94	95	0	0	0	0	34	30	34	37
48	48	0	0	1	429	1	90	0	30
48	48	0	0	1	430	8	90	91	92	96	97	98	99	100	0	0	0	0	0	0	0	0	35	33	33	37	34	35	37	33
48	48	0	0	1	431	2	91	92	0	0	28	18
48	48	0	0	1	432	2	91	92	0	0	32	31
48	48	0	0	1	433	3	91	92	93	0	0	0	19	12	13
48	48	0	0	1	434	2	91	92	0	0	34	33
48	48	0	0	1	435	5	91	92	93	99	100	0	0	0	0	0	34	35	32	23	9
48	48	0	0	1	436	3	91	92	93	0	0	0	36	36	37
48	48	0	0	1	437	4	91	92	93	96	0	0	0	0	15	31	8	37
48	48	0	0	1	438	4	94	95	99	100	0	0	0	0	33	28	33	30
48	48	0	0	1	439	2	94	95	0	0	33	27
48	48	0	0	1	440	2	94	95	0	0	30	30
48	48	0	0	1	441	4	94	95	99	100	0	0	0	0	33	18	27	21
48	48	0	0	1	442	2	94	95	0	0	39	33
48	48	0	0	1	443	2	94	95	0	0	45	37
48	48	0	0	1	444	2	94	95	0	0	31	33
48	48	0	0	1	445	1	95	0	32
48	48	0	0	1	446	1	96	0	32
48	48	0	0	1	447	1	96	0	40
48	48	0	0	1	448	4	96	97	98	99	0	0	0	0	38	21	22	27
48	48	0	0	1	449	5	96	97	98	99	100	0	0	0	0	0	28	30	32	29	28
48	48	0	0	1	450	4	97	98	99	100	0	0	0	0	31	26	32	3
48	48	0	0	1	451	4	97	98	99	100	0	0	0	0	31	35	35	30
48	48	0	0	1	452	4	97	98	99	100	0	0	0	0	27	25	36	15
48	48	0	0	1	453	2	99	100	0	0	35	33
48	48	0	0	1	454	1	100	0	29
