70	70	0	0	1	1	4	1	2	3	4	0	0	0	0	34	28	34	32
70	70	0	0	1	2	2	1	2	0	0	36	30
70	70	0	0	1	3	2	3	4	0	0	33	36
70	70	0	0	1	4	4	3	3	4	4	0	0	0	0	11	24	24	29
70	70	0	0	1	5	2	5	6	0	0	34	19
70	70	0	0	1	6	2	5	6	0	0	32	27
70	70	0	0	1	7	2	5	6	0	0	24	35
70	70	0	0	1	8	1	7	0	27
70	70	0	0	1	9	1	7	0	32
70	70	0	0	1	10	3	7	8	8	0	0	0	29	8	19
70	70	0	0	1	11	2	7	8	0	0	32	29
70	70	0	0	1	12	1	8	0	30
70	70	0	0	1	13	1	9	0	35
70	70	0	0	1	14	1	9	0	27
70	70	0	0	1	15	1	9	0	30
70	70	0	0	1	16	1	9	0	7
70	70	0	0	1	17	1	9	0	21
70	70	0	0	1	18	3	10	11	13	0	0	0	31	30	13
70	70	0	0	1	19	2	10	11	0	0	27	31
70	70	0	0	1	20	3	10	11	13	0	0	0	33	27	28
70	70	0	0	1	21	4	10	11	12	13	0	0	0	0	29	34	31	21
70	70	0	0	1	22	4	10	11	12	13	0	0	0	0	29	29	29	33
70	70	0	0	1	23	6	10	11	11	12	12	13	0	0	0	0	0	0	32	30	29	23	29	30
70	70	0	0	1	24	4	10	11	12	13	0	0	0	0	34	35	32	27
70	70	0	0	1	25	3	11	12	13	0	0	0	30	13	18
70	70	0	0	1	26	2	12	13	0	0	22	25
70	70	0	0	1	27	2	12	13	0	0	28	24
70	70	0	0	1	28	2	12	13	0	0	22	26
70	70	0	0	1	29	2	12	13	0	0	30	25
70	70	0	0	1	30	1	13	0	29
70	70	0	0	1	31	1	13	0	29
70	70	0	0	1	32	1	13	0	27
70	70	0	0	1	33	1	13	0	29
70	70	0	0	1	34	1	14	0	33
70	70	0	0	1	35	1	14	0	30
70	70	0	0	1	36	1	14	0	25
70	70	0	0	1	37	1	14	0	32
70	70	0	0	1	38	1	14	0	34
70	70	0	0	1	39	3	15	17	18	0	0	0	32	23	27
70	70	0	0	1	40	3	15	17	18	0	0	0	32	24	30
70	70	0	0	1	41	3	15	17	18	0	0	0	32	24	27
70	70	0	0	1	42	2	15	16	0	0	28	24
70	70	0	0	1	43	3	16	20	21	1	0	0	33	32	34
70	70	0	0	1	44	1	16	0	26
70	70	0	0	1	45	3	16	17	18	1	0	0	27	21	31
70	70	0	0	1	46	1	16	1	33
70	70	0	0	1	47	1	16	1	33
70	70	0	0	1	48	1	16	1	32
70	70	0	0	1	49	2	16	19	1	0	34	31
70	70	0	0	1	50	4	17	17	18	19	0	0	0	0	31	20	21	30
70	70	0	0	1	51	1	17	0	23
70	70	0	0	1	52	1	17	0	24
70	70	0	0	1	53	4	17	18	20	21	0	0	0	0	26	19	32	36
70	70	0	0	1	54	4	17	18	20	21	0	0	0	0	25	17	35	33
70	70	0	0	1	55	2	17	18	0	0	28	20
70	70	0	0	1	56	4	17	18	20	21	0	0	0	0	32	20	35	35
70	70	0	0	1	57	1	20	0	27
70	70	0	0	1	58	1	20	0	34
70	70	0	0	1	59	1	20	0	26
70	70	0	0	1	60	2	20	21	0	0	35	34
70	70	0	0	1	61	2	20	21	0	0	14	23
70	70	0	0	1	62	2	21	22	0	0	23	29
70	70	0	0	1	63	1	21	0	32
70	70	0	0	1	64	4	21	22	23	24	0	0	0	0	35	22	28	16
70	70	0	0	1	65	1	22	0	31
70	70	0	0	1	66	2	22	23	0	0	7	24
70	70	0	0	1	67	1	22	1	4
70	70	0	0	1	68	3	22	23	24	0	0	0	32	32	29
70	70	0	0	1	69	3	22	23	24	0	0	0	26	26	25
70	70	0	0	1	70	3	22	23	24	0	0	0	19	27	31
70	70	0	0	1	71	3	24	30	31	0	0	0	35	35	36
70	70	0	0	1	72	2	25	32	0	1	35	30
70	70	0	0	1	73	4	27	28	29	30	0	0	0	0	25	22	24	30
70	70	0	0	1	74	5	27	28	29	30	34	0	0	0	0	1	12	9	15	4	4
70	70	0	0	1	75	3	28	29	34	0	0	0	26	17	26
70	70	0	0	1	76	4	30	31	33	34	0	1	0	0	33	29	23	31
70	70	0	0	1	77	5	30	31	32	33	34	0	1	1	0	0	33	31	33	26	31
70	70	0	0	1	78	2	31	34	1	0	33	25
70	70	0	0	1	79	1	31	1	25
70	70	0	0	1	80	1	32	0	30
70	70	0	0	1	81	2	32	33	0	0	27	14
70	70	0	0	1	82	3	32	33	35	0	0	0	35	33	37
70	70	0	0	1	83	1	35	0	35
70	70	0	0	1	84	1	35	0	35
70	70	0	0	1	85	1	35	0	21
70	70	0	0	1	86	1	36	0	17
70	70	0	0	1	87	1	36	0	32
70	70	0	0	1	88	1	36	0	31
70	70	0	0	1	89	1	37	0	13
70	70	0	0	1	90	1	37	0	24
70	70	0	0	1	91	1	37	0	31
70	70	0	0	1	92	1	37	0	13
70	70	0	0	1	93	1	38	0	24
70	70	0	0	1	94	1	38	0	33
70	70	0	0	1	95	3	38	39	40	0	1	0	31	32	32
70	70	0	0	1	96	1	38	0	30
70	70	0	0	1	97	1	39	1	33
70	70	0	0	1	98	2	39	40	1	0	18	29
70	70	0	0	1	99	5	39	39	40	40	41	1	1	0	0	0	22	19	22	23	31
70	70	0	0	1	100	3	41	42	43	0	0	0	26	29	31
70	70	0	0	1	101	2	41	41	0	0	28	32
70	70	0	0	1	102	5	41	45	46	47	48	0	1	0	0	0	28	31	35	25	29
70	70	0	0	1	103	2	42	43	0	0	13	32
70	70	0	0	1	104	1	43	0	35
70	70	0	0	1	105	3	44	49	50	0	0	0	32	32	33
70	70	0	0	1	106	6	44	44	45	45	46	46	0	0	1	1	0	0	34	34	26	38	28	29
70	70	0	0	1	107	3	46	47	48	0	0	0	34	25	27
70	70	0	0	1	108	1	48	0	24
70	70	0	0	1	109	2	49	50	0	0	32	35
70	70	0	0	1	110	1	50	0	19
70	70	0	0	1	111	2	50	54	0	0	29	31
70	70	0	0	1	112	3	51	55	56	0	0	0	33	36	28
70	70	0	0	1	113	2	51	54	0	0	34	31
70	70	0	0	1	114	1	52	0	30
70	70	0	0	1	115	1	53	0	26
70	70	0	0	1	116	5	55	56	57	58	59	0	0	0	0	0	31	36	15	32	30
70	70	0	0	1	117	2	55	56	0	0	34	31
70	70	0	0	1	118	6	57	57	58	58	59	59	0	0	0	0	0	0	30	28	34	31	12	35
70	70	0	0	1	119	2	58	59	0	0	30	34
70	70	0	0	1	120	3	58	59	60	0	0	0	30	30	16
70	70	0	0	1	121	1	60	0	23
70	70	0	0	1	122	1	60	0	14
70	70	0	0	1	123	1	60	0	26
70	70	0	0	1	124	3	60	61	62	0	0	0	31	28	29
70	70	0	0	1	125	1	60	0	33
70	70	0	0	1	126	2	61	62	0	0	28	28
70	70	0	0	1	127	1	62	0	35
70	70	0	0	1	128	1	62	0	30
70	70	0	0	1	129	1	63	0	31
70	70	0	0	1	130	2	63	64	0	0	35	32
70	70	0	0	1	131	2	63	64	0	0	32	18
70	70	0	0	1	132	2	63	64	0	0	30	29
70	70	0	0	1	133	2	64	64	0	0	31	27
70	70	0	0	1	134	3	64	65	66	0	0	0	32	30	28
70	70	0	0	1	135	1	64	0	32
70	70	0	0	1	136	4	65	66	67	67	0	0	0	0	32	28	15	26
70	70	0	0	1	137	3	65	66	67	0	0	0	30	32	25
70	70	0	0	1	138	1	67	0	19
70	70	0	0	1	139	1	68	0	7
70	70	0	0	1	140	1	68	0	30
70	70	0	0	1	141	3	68	69	70	0	0	0	29	16	28
70	70	0	0	1	142	3	68	69	70	0	0	0	16	31	15
70	70	0	0	1	143	3	68	69	70	0	0	0	34	28	32
70	70	0	0	1	144	2	71	71	0	0	32	29
70	70	0	0	1	145	3	72	78	79	0	0	0	22	22	28
70	70	0	0	1	146	3	72	79	80	0	0	1	22	31	34
70	70	0	0	1	147	4	73	76	77	78	0	0	0	0	21	26	25	22
70	70	0	0	1	148	1	73	0	32
70	70	0	0	1	149	1	73	0	25
70	70	0	0	1	150	4	73	76	77	78	0	0	0	0	20	26	24	28
70	70	0	0	1	151	1	74	0	31
70	70	0	0	1	152	2	75	83	0	0	33	33
70	70	0	0	1	153	4	75	83	84	85	0	0	1	0	34	32	35	34
70	70	0	0	1	154	2	75	79	0	0	33	35
70	70	0	0	1	155	1	75	0	32
70	70	0	0	1	156	1	75	0	19
70	70	0	0	1	157	2	76	77	0	0	31	29
70	70	0	0	1	158	2	76	77	0	0	31	25
70	70	0	0	1	159	1	79	0	33
70	70	0	0	1	160	2	79	83	0	0	28	34
70	70	0	0	1	161	3	79	80	86	0	1	0	33	34	33
70	70	0	0	1	162	4	79	80	81	82	0	1	0	0	31	30	33	33
70	70	0	0	1	163	3	80	81	82	1	0	0	33	32	28
70	70	0	0	1	164	2	80	81	1	0	32	26
70	70	0	0	1	165	2	82	83	0	0	33	28
70	70	0	0	1	166	2	82	83	0	0	25	28
70	70	0	0	1	167	5	83	86	87	88	89	0	0	0	0	0	32	33	20	31	32
70	70	0	0	1	168	2	84	85	1	0	30	33
70	70	0	0	1	169	1	84	1	8
70	70	0	0	1	170	2	84	85	1	0	29	15
70	70	0	0	1	171	2	90	91	0	0	21	24
70	70	0	0	1	172	3	91	92	93	0	0	0	29	29	22
70	70	0	0	1	173	3	93	94	95	0	0	0	29	34	33
70	70	0	0	1	174	2	94	95	0	0	29	31
70	70	0	0	1	175	5	94	97	98	99	100	1	0	0	0	0	8	21	9	28	32
70	70	0	0	1	176	3	94	95	95	0	0	0	33	25	30
70	70	0	0	1	177	1	96	0	35
70	70	0	0	1	178	5	96	97	98	99	100	0	0	0	0	0	34	15	27	28	19
70	70	0	0	1	179	6	97	98	99	99	100	100	0	0	0	0	0	0	24	31	25	23	18	25
70	70	0	0	1	180	4	97	98	99	100	0	0	0	0	29	32	32	36
