81	81	0	0	1	1	3	1	2	5	0	0	0	35	32	33
81	81	0	0	1	2	2	1	2	0	0	25	33
81	81	0	0	1	3	4	1	2	5	6	0	0	0	0	35	32	39	35
81	81	0	0	1	4	3	6	7	8	0	0	0	25	5	22
81	81	0	0	1	5	1	6	0	32
81	81	0	0	1	6	1	8	0	31
81	81	0	0	1	7	1	9	0	24
81	81	0	0	1	8	1	9	0	29
81	81	0	0	1	9	1	9	0	35
81	81	0	0	1	10	1	9	0	29
81	81	0	0	1	11	1	13	0	33
81	81	0	0	1	12	1	14	0	35
81	81	0	0	1	13	1	17	0	32
81	81	0	0	1	14	2	17	18	0	0	12	14
81	81	0	0	1	15	1	21	0	36
81	81	0	0	1	16	1	21	0	36
81	81	0	0	1	17	1	21	0	35
81	81	0	0	1	18	2	25	31	0	0	16	36
81	81	0	0	1	19	1	25	0	10
81	81	0	0	1	20	2	26	27	0	0	31	30
81	81	0	0	1	21	2	26	27	0	0	34	34
81	81	0	0	1	22	4	26	27	28	29	0	0	0	0	32	26	25	18
81	81	0	0	1	23	5	27	28	29	32	33	0	0	0	1	0	28	28	27	36	35
81	81	0	0	1	24	1	30	0	33
81	81	0	0	1	25	1	30	0	40
81	81	0	0	1	26	3	30	32	33	0	1	0	32	36	35
81	81	0	0	1	27	2	32	33	0	0	34	24
81	81	0	0	1	28	3	32	33	34	1	0	0	30	31	31
81	81	0	0	1	29	2	32	33	1	0	32	35
81	81	0	0	1	30	1	33	0	31
81	81	0	0	1	31	1	35	0	31
81	81	0	0	1	32	1	35	0	36
81	81	0	0	1	33	1	36	0	32
81	81	0	0	1	34	1	36	0	25
81	81	0	0	1	35	2	37	38	1	0	37	34
81	81	0	0	1	36	1	38	0	29
81	81	0	0	1	37	2	38	41	0	0	33	31
81	81	0	0	1	38	2	39	40	1	0	32	34
81	81	0	0	1	39	3	39	40	41	1	0	0	26	32	25
81	81	0	0	1	40	1	41	0	30
81	81	0	0	1	41	1	41	0	29
81	81	0	0	1	42	1	42	0	34
81	81	0	0	1	43	1	42	0	28
81	81	0	0	1	44	1	44	0	40
81	81	0	0	1	45	2	45	46	1	0	40	34
81	81	0	0	1	46	2	45	46	1	0	35	31
81	81	0	0	1	47	4	46	47	48	49	0	0	0	0	31	10	19	34
81	81	0	0	1	48	3	46	47	48	0	0	0	32	29	25
81	81	0	0	1	49	2	47	48	0	0	25	32
81	81	0	0	1	50	2	47	48	0	0	30	24
81	81	0	0	1	51	2	49	51	0	0	34	35
81	81	0	0	1	52	1	49	0	28
81	81	0	0	1	53	2	50	52	0	0	33	34
81	81	0	0	1	54	2	51	53	0	0	35	37
81	81	0	0	1	55	2	52	53	0	0	25	38
81	81	0	0	1	56	1	53	0	37
81	81	0	0	1	57	3	55	56	59	0	0	0	31	35	34
81	81	0	0	1	58	1	57	0	35
81	81	0	0	1	59	2	58	59	0	0	25	36
81	81	0	0	1	60	1	61	0	31
81	81	0	0	1	61	1	61	0	33
81	81	0	0	1	62	1	61	0	32
81	81	0	0	1	63	1	62	0	39
81	81	0	0	1	64	1	63	0	30
81	81	0	0	1	65	5	63	64	65	66	67	0	0	0	0	0	35	20	36	31	34
81	81	0	0	1	66	1	64	0	28
81	81	0	0	1	67	2	65	66	0	0	34	38
81	81	0	0	1	68	2	65	66	0	0	35	35
81	81	0	0	1	69	3	68	69	70	0	0	0	37	33	29
81	81	0	0	1	70	2	69	70	0	0	18	23
81	81	0	0	1	71	1	70	0	8
81	81	0	0	1	72	1	71	0	38
81	81	0	0	1	73	1	71	1	32
81	81	0	0	1	74	1	72	0	30
81	81	0	0	1	75	2	73	75	0	0	17	31
81	81	0	0	1	76	1	73	0	17
81	81	0	0	1	77	1	74	0	28
81	81	0	0	1	78	1	74	0	32
81	81	0	0	1	79	2	75	78	0	0	20	36
81	81	0	0	1	80	1	75	0	33
81	81	0	0	1	81	2	75	78	0	0	35	23
81	81	0	0	1	82	2	75	79	0	0	34	37
81	81	0	0	1	83	2	76	77	0	0	29	28
81	81	0	0	1	84	4	76	77	78	80	0	0	0	1	30	29	29	28
81	81	0	0	1	85	2	81	82	0	0	31	37
81	81	0	0	1	86	3	82	84	85	0	0	0	34	33	36
81	81	0	0	1	87	2	84	85	0	0	36	39
81	81	0	0	1	88	2	86	87	0	0	34	35
81	81	0	0	1	89	2	86	87	0	0	35	37
81	81	0	0	1	90	4	86	87	88	91	0	0	0	0	18	37	13	27
81	81	0	0	1	91	2	90	93	0	0	37	35
81	81	0	0	1	92	1	90	0	35
81	81	0	0	1	93	4	91	92	94	95	0	0	0	0	22	29	36	27
81	81	0	0	1	94	3	96	99	100	0	0	0	33	33	28
81	81	0	0	1	95	1	96	0	32
81	81	0	0	1	96	1	96	0	36
81	81	0	0	1	97	2	96	97	0	0	37	34
81	81	0	0	1	98	4	97	98	99	100	0	0	0	0	28	34	34	33
81	81	0	0	1	99	4	97	98	99	100	0	0	0	0	34	35	37	36
