44	44	0	0	1	1	2	1	2	0	0	2	26
44	44	0	0	1	2	3	2	3	4	0	0	0	25	25	28
44	44	0	0	1	3	2	3	4	0	0	24	26
44	44	0	0	1	4	1	3	0	25
44	44	0	0	1	5	1	3	0	32
44	44	0	0	1	6	2	3	4	0	0	32	35
44	44	0	0	1	7	2	3	4	0	0	24	26
44	44	0	0	1	8	2	5	8	0	0	26	14
44	44	0	0	1	9	2	5	6	0	0	27	30
44	44	0	0	1	10	1	7	0	35
44	44	0	0	1	11	1	7	0	32
44	44	0	0	1	12	1	9	0	25
44	44	0	0	1	13	1	9	0	18
44	44	0	0	1	14	1	10	0	25
44	44	0	0	1	15	2	10	11	0	0	26	26
44	44	0	0	1	16	2	10	11	0	0	26	20
44	44	0	0	1	17	3	10	11	14	0	0	0	25	26	26
44	44	0	0	1	18	2	11	12	0	1	26	28
44	44	0	0	1	19	2	11	12	0	1	30	23
44	44	0	0	1	20	1	12	1	26
44	44	0	0	1	21	1	13	0	24
44	44	0	0	1	22	1	13	0	25
44	44	0	0	1	23	1	13	0	29
44	44	0	0	1	24	1	14	0	38
44	44	0	0	1	25	1	14	0	28
44	44	0	0	1	26	1	14	0	30
44	44	0	0	1	27	1	14	0	27
44	44	0	0	1	28	1	15	0	24
44	44	0	0	1	29	2	15	18	0	0	39	31
44	44	0	0	1	30	1	15	0	38
44	44	0	0	1	31	2	15	17	0	0	20	11
44	44	0	0	1	32	1	16	1	31
44	44	0	0	1	33	3	16	18	19	0	0	0	26	22	27
44	44	0	0	1	34	2	17	18	0	0	24	28
44	44	0	0	1	35	1	16	1	37
44	44	0	0	1	36	1	16	0	26
44	44	0	0	1	37	1	17	0	14
44	44	0	0	1	38	3	17	18	20	0	0	0	27	18	29
44	44	0	0	1	39	3	17	20	21	0	0	0	4	3	19
44	44	0	0	1	40	3	17	18	20	0	0	0	29	17	38
44	44	0	0	1	41	2	18	19	0	0	26	29
44	44	0	0	1	42	2	18	19	0	0	25	29
44	44	0	0	1	43	3	18	19	21	0	0	0	14	25	27
44	44	0	0	1	44	1	19	0	28
44	44	0	0	1	45	1	19	0	25
44	44	0	0	1	46	1	19	0	25
44	44	0	0	1	47	1	19	0	28
44	44	0	0	1	48	1	19	0	28
44	44	0	0	1	49	1	19	0	28
44	44	0	0	1	50	1	19	0	29
44	44	0	0	1	51	1	20	0	29
44	44	0	0	1	52	1	20	0	28
44	44	0	0	1	53	1	20	0	26
44	44	0	0	1	54	1	20	0	32
44	44	0	0	1	55	1	21	0	25
44	44	0	0	1	56	1	21	0	24
44	44	0	0	1	57	1	22	0	33
44	44	0	0	1	58	1	22	0	25
44	44	0	0	1	59	3	22	23	24	0	0	0	24	25	24
44	44	0	0	1	60	3	22	23	24	0	0	0	25	26	34
44	44	0	0	1	61	3	22	23	24	0	0	0	26	29	35
44	44	0	0	1	62	2	23	24	0	0	33	33
44	44	0	0	1	63	2	23	24	0	0	25	25
44	44	0	0	1	64	1	25	0	24
44	44	0	0	1	65	1	25	0	24
44	44	0	0	1	66	2	25	31	0	0	25	29
44	44	0	0	1	67	2	25	31	0	0	32	25
44	44	0	0	1	68	4	26	27	28	29	0	0	0	0	24	20	16	24
44	44	0	0	1	69	3	30	32	33	0	0	0	35	16	28
44	44	0	0	1	70	1	30	0	39
44	44	0	0	1	71	1	30	0	28
44	44	0	0	1	72	1	31	0	28
44	44	0	0	1	73	1	31	0	37
44	44	0	0	1	74	1	31	0	27
44	44	0	0	1	75	1	31	0	28
44	44	0	0	1	76	1	31	0	36
44	44	0	0	1	77	1	31	0	22
44	44	0	0	1	78	2	32	35	0	1	28	35
44	44	0	0	1	79	1	32	0	25
44	44	0	0	1	80	2	32	33	0	0	37	20
44	44	0	0	1	81	3	32	33	35	0	0	1	29	27	26
44	44	0	0	1	82	3	32	33	35	0	0	1	36	39	33
44	44	0	0	1	83	2	32	33	0	0	34	36
44	44	0	0	1	84	2	34	35	0	1	23	25
44	44	0	0	1	85	1	34	0	22
44	44	0	0	1	86	1	34	0	27
44	44	0	0	1	87	1	34	0	24
44	44	0	0	1	88	1	35	1	25
44	44	0	0	1	89	1	35	0	36
44	44	0	0	1	90	1	35	1	25
44	44	0	0	1	91	2	35	36	0	0	14	33
44	44	0	0	1	92	1	36	0	25
44	44	0	0	1	93	1	37	1	27
44	44	0	0	1	94	2	37	41	0	0	26	25
44	44	0	0	1	95	3	37	39	40	0	1	0	25	27	25
44	44	0	0	1	96	4	38	39	40	41	1	1	0	0	30	41	19	24
44	44	0	0	1	97	1	38	1	29
44	44	0	0	1	98	1	38	0	29
44	44	0	0	1	99	2	39	40	1	0	29	14
44	44	0	0	1	100	2	39	40	1	0	27	22
44	44	0	0	1	101	2	39	40	1	0	33	22
44	44	0	0	1	102	2	39	40	1	0	29	15
44	44	0	0	1	103	1	41	0	36
44	44	0	0	1	104	1	42	0	28
44	44	0	0	1	105	2	42	43	0	0	25	27
44	44	0	0	1	106	1	43	0	26
44	44	0	0	1	107	3	43	47	48	0	0	0	27	17	26
44	44	0	0	1	108	1	43	0	27
44	44	0	0	1	109	3	43	47	48	0	0	0	28	17	19
44	44	0	0	1	110	2	44	49	0	0	27	26
44	44	0	0	1	111	3	44	45	50	0	1	0	26	25	26
44	44	0	0	1	112	3	46	47	48	0	0	0	31	24	22
44	44	0	0	1	113	2	47	48	0	0	24	16
44	44	0	0	1	114	2	47	48	0	0	17	26
44	44	0	0	1	115	2	49	52	0	0	3	25
44	44	0	0	1	116	1	49	0	26
44	44	0	0	1	117	1	50	0	25
44	44	0	0	1	118	2	50	52	0	0	24	31
44	44	0	0	1	119	1	51	0	26
44	44	0	0	1	120	4	54	57	58	59	0	0	0	0	39	33	24	33
44	44	0	0	1	121	1	57	0	29
44	44	0	0	1	122	1	60	0	27
44	44	0	0	1	123	1	61	0	17
44	44	0	0	1	124	1	61	0	23
44	44	0	0	1	125	1	61	0	25
44	44	0	0	1	126	1	61	0	32
44	44	0	0	1	127	2	61	62	0	0	26	26
44	44	0	0	1	128	2	61	62	0	0	25	29
44	44	0	0	1	129	1	62	0	23
44	44	0	0	1	130	1	63	0	26
44	44	0	0	1	131	3	63	64	67	0	0	0	31	17	31
44	44	0	0	1	132	3	63	64	67	0	0	0	27	20	19
44	44	0	0	1	133	2	63	64	0	0	30	25
44	44	0	0	1	134	2	63	64	0	0	25	26
44	44	0	0	1	135	1	64	0	26
44	44	0	0	1	136	1	64	0	26
44	44	0	0	1	137	1	64	0	24
44	44	0	0	1	138	1	64	0	28
44	44	0	0	1	139	2	65	66	0	0	28	22
44	44	0	0	1	140	2	65	66	0	0	28	30
44	44	0	0	1	141	2	65	66	0	0	24	26
44	44	0	0	1	142	1	67	0	24
44	44	0	0	1	143	1	68	0	36
44	44	0	0	1	144	0
44	44	0	0	1	145	1	68	0	35
44	44	0	0	1	146	3	68	69	70	0	0	0	27	26	26
44	44	0	0	1	147	3	68	69	70	0	0	0	39	12	24
44	44	0	0	1	148	2	69	70	1	0	2	26
44	44	0	0	1	149	2	69	70	0	0	25	22
44	44	0	0	1	150	2	69	70	0	0	28	25
44	44	0	0	1	151	1	71	0	14
44	44	0	0	1	152	1	71	0	25
44	44	0	0	1	153	1	71	0	27
44	44	0	0	1	154	1	72	0	20
44	44	0	0	1	155	1	72	0	19
44	44	0	0	1	156	1	72	0	32
44	44	0	0	1	157	1	73	0	16
44	44	0	0	1	158	4	73	76	77	78	0	0	0	0	25	30	20	32
44	44	0	0	1	159	3	73	77	78	0	0	0	17	20	24
44	44	0	0	1	160	1	73	0	21
44	44	0	0	1	161	4	74	76	77	78	0	0	0	0	22	23	25	26
44	44	0	0	1	162	2	74	78	0	0	25	21
44	44	0	0	1	163	2	75	79	0	0	2	21
44	44	0	0	1	164	2	75	80	0	1	26	26
44	44	0	0	1	165	1	75	0	25
44	44	0	0	1	166	1	75	0	23
44	44	0	0	1	167	1	75	0	3
44	44	0	0	1	168	1	75	0	28
44	44	0	0	1	169	1	75	0	25
44	44	0	0	1	170	2	76	82	0	0	26	26
44	44	0	0	1	171	3	76	77	82	0	0	0	34	34	28
44	44	0	0	1	172	2	79	83	0	0	31	35
44	44	0	0	1	173	2	79	83	0	0	24	24
44	44	0	0	1	174	1	79	0	25
44	44	0	0	1	175	2	80	84	1	0	34	28
44	44	0	0	1	176	2	81	82	0	0	28	29
44	44	0	0	1	177	1	83	0	22
44	44	0	0	1	178	2	83	86	0	0	24	25
44	44	0	0	1	179	1	83	0	26
44	44	0	0	1	180	6	84	85	86	87	88	89	0	0	0	0	0	0	38	34	34	27	31	29
44	44	0	0	1	181	4	86	87	88	89	0	0	0	0	31	31	29	28
44	44	0	0	1	182	4	89	90	94	95	0	0	0	0	26	26	27	27
44	44	0	0	1	183	4	97	98	99	100	0	0	0	0	22	16	31	28
44	44	0	0	1	184	3	98	99	100	0	0	0	31	33	30
44	44	0	0	1	185	2	99	100	0	0	34	29
