40	40	0	0	1	1	1	1	0	34
40	40	0	0	1	2	2	1	2	0	0	36	38
40	40	0	0	1	3	2	3	4	0	0	34	36
40	40	0	0	1	4	2	3	4	0	0	29	36
40	40	0	0	1	5	2	5	6	0	0	29	33
40	40	0	0	1	6	2	7	8	0	1	35	28
40	40	0	0	1	7	1	8	1	34
40	40	0	0	1	8	1	9	0	6
40	40	0	0	1	9	1	12	0	33
40	40	0	0	1	10	2	12	13	0	0	34	30
40	40	0	0	1	11	2	13	14	0	0	25	37
40	40	0	0	1	12	1	13	0	31
40	40	0	0	1	13	1	14	0	30
40	40	0	0	1	14	1	14	0	20
40	40	0	0	1	15	1	14	0	30
40	40	0	0	1	16	2	16	17	1	0	29	27
40	40	0	0	1	17	2	16	17	1	0	36	27
40	40	0	0	1	18	1	17	0	23
40	40	0	0	1	19	1	17	0	32
40	40	0	0	1	20	1	18	0	28
40	40	0	0	1	21	1	18	0	26
40	40	0	0	1	22	1	21	0	32
40	40	0	0	1	23	1	21	0	26
40	40	0	0	1	24	1	21	0	34
40	40	0	0	1	25	3	22	23	24	0	0	0	32	31	33
40	40	0	0	1	26	3	22	23	24	0	0	0	26	25	28
40	40	0	0	1	27	1	25	0	35
40	40	0	0	1	28	3	27	28	29	0	0	0	25	22	28
40	40	0	0	1	29	3	27	28	29	0	0	0	25	26	32
40	40	0	0	1	30	3	28	29	30	0	0	0	26	32	35
40	40	0	0	1	31	2	30	32	0	0	35	34
40	40	0	0	1	32	3	30	31	33	0	0	0	36	36	34
40	40	0	0	1	33	1	32	0	34
40	40	0	0	1	34	2	32	33	0	0	35	32
40	40	0	0	1	35	2	34	35	0	0	32	31
40	40	0	0	1	36	1	35	0	10
40	40	0	0	1	37	1	36	0	32
40	40	0	0	1	38	2	37	38	1	0	36	28
40	40	0	0	1	39	3	38	39	40	0	1	0	23	40	32
40	40	0	0	1	40	2	38	41	0	0	32	32
40	40	0	0	1	41	3	38	39	40	0	1	0	36	25	17
40	40	0	0	1	42	1	38	0	27
40	40	0	0	1	43	2	39	40	1	0	30	28
40	40	0	0	1	44	3	39	40	41	1	0	0	35	21	33
40	40	0	0	1	45	1	41	0	31
40	40	0	0	1	46	1	41	0	31
40	40	0	0	1	47	2	42	43	0	0	31	36
40	40	0	0	1	48	1	43	0	36
40	40	0	0	1	49	4	43	46	47	48	0	0	0	0	31	36	26	33
40	40	0	0	1	50	1	45	1	36
40	40	0	0	1	51	2	45	46	1	0	33	33
40	40	0	0	1	52	2	45	46	1	0	33	34
40	40	0	0	1	53	2	49	51	0	0	31	34
40	40	0	0	1	54	1	51	0	35
40	40	0	0	1	55	2	51	53	0	0	32	34
40	40	0	0	1	56	1	51	0	33
40	40	0	0	1	57	1	51	0	14
40	40	0	0	1	58	1	53	0	33
40	40	0	0	1	59	1	54	0	24
40	40	0	0	1	60	2	55	56	0	0	37	33
40	40	0	0	1	61	2	57	58	0	0	28	15
40	40	0	0	1	62	2	58	59	0	0	32	34
40	40	0	0	1	63	2	58	59	0	0	16	17
40	40	0	0	1	64	1	59	0	34
40	40	0	0	1	65	1	59	0	36
40	40	0	0	1	66	3	60	61	62	0	0	0	35	12	32
40	40	0	0	1	67	3	60	61	62	0	0	0	38	24	18
40	40	0	0	1	68	1	61	0	25
40	40	0	0	1	69	2	61	62	0	0	32	35
40	40	0	0	1	70	1	62	0	33
40	40	0	0	1	71	1	63	0	35
40	40	0	0	1	72	1	63	0	31
40	40	0	0	1	73	1	63	0	24
40	40	0	0	1	74	1	64	0	26
40	40	0	0	1	75	1	64	0	32
40	40	0	0	1	76	2	64	67	0	0	26	31
40	40	0	0	1	77	2	65	66	0	0	23	16
40	40	0	0	1	78	1	72	0	14
40	40	0	0	1	79	1	72	0	29
40	40	0	0	1	80	1	72	0	32
40	40	0	0	1	81	2	73	75	0	0	18	33
40	40	0	0	1	82	2	73	75	0	0	26	17
40	40	0	0	1	83	1	75	0	36
40	40	0	0	1	84	4	76	77	78	80	0	0	0	1	33	33	38	30
40	40	0	0	1	85	3	76	77	78	0	0	0	30	30	25
40	40	0	0	1	86	1	78	0	32
40	40	0	0	1	87	3	78	81	82	0	0	0	39	31	29
40	40	0	0	1	88	2	79	82	0	0	34	17
40	40	0	0	1	89	2	80	83	1	0	36	32
40	40	0	0	1	90	2	80	83	1	0	35	36
40	40	0	0	1	91	2	81	82	0	0	35	38
40	40	0	0	1	92	1	83	0	30
40	40	0	0	1	93	1	83	0	31
40	40	0	0	1	94	2	84	85	0	0	36	32
40	40	0	0	1	95	3	86	87	88	0	0	0	38	34	37
40	40	0	0	1	96	2	88	89	0	0	28	24
40	40	0	0	1	97	1	89	0	32
40	40	0	0	1	98	2	90	93	0	0	37	29
40	40	0	0	1	99	2	90	93	0	0	20	35
40	40	0	0	1	100	1	90	0	33
40	40	0	0	1	101	3	91	92	93	0	0	0	33	35	32
40	40	0	0	1	102	1	93	0	28
40	40	0	0	1	103	1	93	0	32
40	40	0	0	1	104	2	94	95	0	0	32	34
40	40	0	0	1	105	2	97	98	0	0	32	35
40	40	0	0	1	106	4	97	98	99	100	0	0	0	0	32	36	35	35
40	40	0	0	1	107	2	99	100	0	0	35	36
