42	42	0	0	1	1	2	4	0	0	0
42	42	0	0	1	3	4	5	0	0	0
42	42	0	0	1	5	6	3	0	0	0
42	42	0	0	1	7	8	1	0	0	0
42	42	0	0	1	10	11	6	0	0	0
42	42	0	0	1	11	12	1	0	0	0
42	42	0	0	1	12	13	1	0	0	0
42	42	0	0	1	13	14	1	0	0	0
42	42	0	0	1	17	18	1	0	0	0
42	42	0	0	1	18	19	2	0	0	0
42	42	0	0	1	22	23	1	0	0	0
42	42	0	0	1	23	24	1	0	0	0
42	42	0	0	1	26	27	2	0	0	0
42	42	0	0	1	28	29	3	0	0	0
42	42	0	0	1	30	31	0	1	0	0
42	42	0	0	1	32	33	0	0	2	0
42	42	0	0	1	34	35	1	0	0	0
42	42	0	0	1	38	39	0	1	0	0
42	42	0	0	1	39	40	0	0	2	0
42	42	0	0	1	42	43	0	1	0	0
42	42	0	0	1	46	47	3	0	0	0
42	42	0	0	1	48	49	2	0	0	0
42	42	0	0	1	55	56	1	0	0	0
42	42	0	0	1	58	59	1	0	0	0
42	42	0	0	1	61	62	1	0	0	0
42	42	0	0	1	63	64	1	0	0	0
42	42	0	0	1	65	66	3	0	0	0
42	42	0	0	1	68	69	3	0	0	0
42	42	0	0	1	69	70	2	0	0	0
42	42	0	0	1	81	82	3	0	1	0
42	42	0	0	1	84	85	1	0	4	0
42	42	0	0	1	86	87	2	0	0	0
42	42	0	0	1	88	89	1	0	0	0
42	42	0	0	1	90	91	1	0	0	0
42	42	0	0	1	91	92	1	0	0	0
42	42	0	0	1	92	93	2	0	0	0
42	42	0	0	1	93	94	1	0	0	0
42	42	0	0	1	94	95	1	0	1	0
42	42	0	0	1	97	98	5	0	0	0
42	42	0	0	1	98	99	1	0	0	0
42	42	0	0	1	99	100	2	0	0	0
