56	56	0	0	1	1	2	1	2	0	0	30	28
56	56	0	0	1	2	2	1	2	0	0	35	29
56	56	0	0	1	3	4	3	4	7	8	0	0	0	0	32	34	30	23
56	56	0	0	1	4	2	7	8	0	1	27	27
56	56	0	0	1	5	1	7	0	23
56	56	0	0	1	6	2	7	8	0	1	33	32
56	56	0	0	1	7	1	9	0	31
56	56	0	0	1	8	1	9	0	30
56	56	0	0	1	9	1	9	0	13
56	56	0	0	1	10	1	9	0	32
56	56	0	0	1	11	1	9	0	22
56	56	0	0	1	12	1	9	0	20
56	56	0	0	1	13	1	9	0	21
56	56	0	0	1	14	1	9	0	25
56	56	0	0	1	15	1	9	0	31
56	56	0	0	1	16	1	9	0	25
56	56	0	0	1	17	1	10	0	26
56	56	0	0	1	18	1	10	0	25
56	56	0	0	1	19	2	10	11	0	0	30	29
56	56	0	0	1	20	3	10	11	14	0	0	0	32	21	32
56	56	0	0	1	21	3	10	11	12	0	0	0	25	26	29
56	56	0	0	1	22	4	10	11	12	14	0	0	0	0	28	28	21	25
56	56	0	0	1	23	4	10	11	12	14	0	0	0	0	32	32	26	31
56	56	0	0	1	24	3	10	11	12	0	0	0	28	28	30
56	56	0	0	1	25	3	12	13	14	0	0	0	32	31	31
56	56	0	0	1	26	1	12	0	31
56	56	0	0	1	27	2	12	14	0	0	11	24
56	56	0	0	1	28	3	12	13	14	0	0	0	26	29	28
56	56	0	0	1	29	3	12	13	14	0	0	0	27	29	25
56	56	0	0	1	30	2	12	14	0	0	18	19
56	56	0	0	1	31	1	13	0	16
56	56	0	0	1	32	1	13	0	24
56	56	0	0	1	33	1	14	0	23
56	56	0	0	1	34	1	14	0	33
56	56	0	0	1	35	1	14	0	28
56	56	0	0	1	36	1	14	0	27
56	56	0	0	1	37	1	15	0	29
56	56	0	0	1	38	1	15	0	29
56	56	0	0	1	39	1	15	0	31
56	56	0	0	1	40	1	15	0	30
56	56	0	0	1	41	2	17	18	0	0	30	25
56	56	0	0	1	42	2	17	18	0	0	28	23
56	56	0	0	1	43	2	17	20	0	0	31	33
56	56	0	0	1	44	1	17	0	29
56	56	0	0	1	45	3	17	18	20	0	0	0	29	23	31
56	56	0	0	1	46	3	17	18	20	0	0	0	27	24	30
56	56	0	0	1	47	3	18	19	20	0	0	0	23	30	31
56	56	0	0	1	48	1	18	0	22
56	56	0	0	1	49	3	18	19	20	0	0	0	16	28	30
56	56	0	0	1	50	2	18	19	0	0	15	28
56	56	0	0	1	51	1	19	0	26
56	56	0	0	1	52	1	19	0	34
56	56	0	0	1	53	2	19	20	0	0	21	28
56	56	0	0	1	54	2	19	21	0	0	28	31
56	56	0	0	1	55	1	19	0	26
56	56	0	0	1	56	1	19	0	19
56	56	0	0	1	57	1	20	0	26
56	56	0	0	1	58	1	20	0	27
56	56	0	0	1	59	1	20	0	24
56	56	0	0	1	60	1	20	0	31
56	56	0	0	1	61	1	20	0	30
56	56	0	0	1	62	1	20	0	28
56	56	0	0	1	63	2	20	21	0	0	30	25
56	56	0	0	1	64	1	21	0	29
56	56	0	0	1	65	1	21	0	29
56	56	0	0	1	66	1	21	0	28
56	56	0	0	1	67	1	21	0	30
56	56	0	0	1	68	2	22	23	0	0	32	31
56	56	0	0	1	69	2	25	30	0	0	27	18
56	56	0	0	1	70	2	25	31	0	1	31	3
56	56	0	0	1	71	2	25	31	0	0	21	21
56	56	0	0	1	72	1	25	0	31
56	56	0	0	1	73	2	26	27	0	0	24	30
56	56	0	0	1	74	1	30	0	25
56	56	0	0	1	75	3	31	32	33	0	0	0	30	28	29
56	56	0	0	1	76	2	31	34	1	0	25	24
56	56	0	0	1	77	1	31	0	31
56	56	0	0	1	78	2	31	34	1	0	26	30
56	56	0	0	1	79	2	33	34	0	0	31	30
56	56	0	0	1	80	1	35	0	23
56	56	0	0	1	81	1	36	0	16
56	56	0	0	1	82	1	37	0	27
56	56	0	0	1	83	1	37	0	25
56	56	0	0	1	84	3	37	39	40	1	1	0	30	32	22
56	56	0	0	1	85	1	37	0	22
56	56	0	0	1	86	1	37	1	32
56	56	0	0	1	87	1	38	0	20
56	56	0	0	1	88	1	38	0	26
56	56	0	0	1	89	3	38	40	41	0	0	0	17	4	9
56	56	0	0	1	90	2	39	40	1	0	30	30
56	56	0	0	1	91	1	39	1	29
56	56	0	0	1	92	2	39	40	1	0	27	28
56	56	0	0	1	93	3	39	40	41	1	0	0	30	21	23
56	56	0	0	1	94	1	41	0	25
56	56	0	0	1	95	1	41	0	22
56	56	0	0	1	96	1	42	0	20
56	56	0	0	1	97	3	43	45	46	0	1	0	31	30	29
56	56	0	0	1	98	1	43	0	33
56	56	0	0	1	99	3	45	46	49	1	0	0	18	30	30
56	56	0	0	1	100	3	46	47	48	0	0	0	23	28	21
56	56	0	0	1	101	2	49	52	0	0	27	28
56	56	0	0	1	102	2	50	52	0	0	9	25
56	56	0	0	1	103	1	51	0	31
56	56	0	0	1	104	2	51	53	0	0	33	32
56	56	0	0	1	105	1	51	0	33
56	56	0	0	1	106	2	51	53	0	0	29	17
56	56	0	0	1	107	2	52	54	0	0	25	30
56	56	0	0	1	108	1	52	0	1
56	56	0	0	1	109	3	55	56	60	0	0	0	28	30	27
56	56	0	0	1	110	3	55	56	60	0	0	0	31	27	28
56	56	0	0	1	111	1	57	0	25
56	56	0	0	1	112	1	57	0	21
56	56	0	0	1	113	3	57	58	59	0	0	0	30	27	29
56	56	0	0	1	114	4	58	59	61	62	0	0	0	0	25	29	23	30
56	56	0	0	1	115	3	59	61	62	0	0	0	32	27	31
56	56	0	0	1	116	1	61	0	23
56	56	0	0	1	117	1	61	0	26
56	56	0	0	1	118	2	61	62	0	0	26	29
56	56	0	0	1	119	2	61	62	0	0	30	31
56	56	0	0	1	120	4	63	65	66	67	0	0	0	0	26	24	26	28
56	56	0	0	1	121	4	63	65	66	67	0	0	0	0	33	30	28	28
56	56	0	0	1	122	2	63	64	0	0	33	4
56	56	0	0	1	123	2	63	64	0	0	32	25
56	56	0	0	1	124	3	63	64	67	0	0	0	27	22	30
56	56	0	0	1	125	2	63	64	0	0	36	28
56	56	0	0	1	126	1	64	0	14
56	56	0	0	1	127	1	64	0	31
56	56	0	0	1	128	2	65	66	0	0	30	31
56	56	0	0	1	129	3	65	66	67	0	0	0	30	32	23
56	56	0	0	1	130	2	65	66	0	1	25	4
56	56	0	0	1	131	3	65	66	67	0	0	0	29	29	22
56	56	0	0	1	132	1	67	0	22
56	56	0	0	1	133	3	68	69	70	0	0	0	32	25	32
56	56	0	0	1	134	2	69	70	0	0	25	23
56	56	0	0	1	135	2	70	71	0	0	28	32
56	56	0	0	1	136	1	71	0	26
56	56	0	0	1	137	1	71	0	28
56	56	0	0	1	138	1	71	0	4
56	56	0	0	1	139	1	72	0	29
56	56	0	0	1	140	1	72	0	22
56	56	0	0	1	141	3	72	73	74	0	0	0	17	25	24
56	56	0	0	1	142	4	73	76	77	78	0	0	0	0	24	26	26	28
56	56	0	0	1	143	1	73	0	24
56	56	0	0	1	144	1	73	0	23
56	56	0	0	1	145	2	73	74	0	0	29	25
56	56	0	0	1	146	4	73	74	76	77	0	0	0	0	17	23	21	21
56	56	0	0	1	147	1	74	0	15
56	56	0	0	1	148	2	75	80	0	1	26	23
56	56	0	0	1	149	1	75	0	26
56	56	0	0	1	150	3	75	79	80	0	0	1	25	31	24
56	56	0	0	1	151	2	75	79	0	0	27	30
56	56	0	0	1	152	1	75	0	21
56	56	0	0	1	153	3	76	77	80	0	0	1	26	31	20
56	56	0	0	1	154	3	76	77	78	0	0	0	31	17	18
56	56	0	0	1	155	3	78	81	82	0	0	0	29	29	25
56	56	0	0	1	156	1	78	0	4
56	56	0	0	1	157	1	79	0	25
56	56	0	0	1	158	0
56	56	0	0	1	159	1	79	0	25
56	56	0	0	1	160	1	80	1	29
56	56	0	0	1	161	2	80	83	1	0	29	31
56	56	0	0	1	162	1	80	1	23
56	56	0	0	1	163	2	81	82	0	0	31	26
56	56	0	0	1	164	2	81	82	0	0	2	19
56	56	0	0	1	165	3	82	84	85	0	1	0	24	26	25
56	56	0	0	1	166	1	83	0	30
56	56	0	0	1	167	3	84	85	86	1	0	0	21	18	24
56	56	0	0	1	168	2	88	89	0	0	27	32
56	56	0	0	1	169	4	89	90	94	95	0	0	1	0	30	27	30	29
56	56	0	0	1	170	1	90	0	26
56	56	0	0	1	171	3	91	92	93	0	0	0	29	31	32
56	56	0	0	1	172	2	94	95	1	0	35	34
56	56	0	0	1	173	1	96	0	31
56	56	0	0	1	174	2	96	97	0	0	27	3
56	56	0	0	1	175	4	97	98	99	100	0	0	0	0	15	25	32	26
