51	51	0	0	1	1	2	2	0	0	0
51	51	0	0	1	2	3	7	0	0	0
51	51	0	0	1	3	4	2	0	0	0
51	51	0	0	1	4	5	2	0	0	0
51	51	0	0	1	5	6	4	0	0	0
51	51	0	0	1	6	7	3	0	0	0
51	51	0	0	1	7	8	0	5	0	0
51	51	0	0	1	8	9	0	0	1	0
51	51	0	0	1	10	11	3	0	0	0
51	51	0	0	1	11	12	5	0	0	0
51	51	0	0	1	12	13	3	0	0	0
51	51	0	0	1	13	14	2	1	0	0
51	51	0	0	1	15	16	0	6	0	0
51	51	0	0	1	16	17	0	0	2	0
51	51	0	0	1	17	18	1	0	0	0
51	51	0	0	1	18	19	8	0	0	0
51	51	0	0	1	19	20	2	0	0	0
51	51	0	0	1	20	21	4	0	0	0
51	51	0	0	1	21	22	2	0	0	0
51	51	0	0	1	22	23	4	0	0	0
51	51	0	0	1	23	24	1	0	0	0
51	51	0	0	1	24	25	2	0	0	0
51	51	0	0	1	26	27	1	0	0	0
51	51	0	0	1	27	28	2	0	0	0
51	51	0	0	1	28	29	3	0	0	0
51	51	0	0	1	29	30	2	0	0	0
51	51	0	0	1	30	31	5	0	0	0
51	51	0	0	1	31	32	1	0	0	0
51	51	0	0	1	32	33	3	0	0	0
51	51	0	0	1	33	34	1	0	0	0
51	51	0	0	1	34	35	1	0	0	0
51	51	0	0	1	35	36	2	0	0	0
51	51	0	0	1	36	37	0	2	0	0
51	51	0	0	1	37	38	0	0	2	0
51	51	0	0	1	38	39	0	3	0	0
51	51	0	0	1	39	40	0	0	6	0
51	51	0	0	1	40	41	7	0	0	0
51	51	0	0	1	42	43	6	0	0	0
51	51	0	0	1	43	44	1	0	0	0
51	51	0	0	1	44	45	0	1	0	0
51	51	0	0	1	45	46	0	0	4	0
51	51	0	0	1	46	47	1	0	0	0
51	51	0	0	1	47	48	5	0	0	0
51	51	0	0	1	49	50	4	0	0	0
51	51	0	0	1	50	51	2	0	0	0
51	51	0	0	1	51	52	1	0	0	0
51	51	0	0	1	52	53	1	0	0	0
51	51	0	0	1	55	56	1	0	0	0
51	51	0	0	1	56	57	2	0	0	0
51	51	0	0	1	58	59	4	0	0	0
51	51	0	0	1	60	61	2	0	0	0
51	51	0	0	1	61	62	3	0	0	0
51	51	0	0	1	62	63	4	0	0	0
51	51	0	0	1	63	64	2	0	0	0
51	51	0	0	1	64	65	1	0	0	0
51	51	0	0	1	65	66	6	0	0	0
51	51	0	0	1	66	67	5	0	0	0
51	51	0	0	1	67	68	1	0	0	0
51	51	0	0	1	68	69	2	0	0	0
51	51	0	0	1	69	70	5	0	0	0
51	51	0	0	1	70	71	2	0	0	0
51	51	0	0	1	71	72	2	0	0	0
51	51	0	0	1	72	73	3	0	0	0
51	51	0	0	1	73	74	2	0	0	0
51	51	0	0	1	74	75	2	0	0	0
51	51	0	0	1	76	77	4	0	0	0
51	51	0	0	1	77	78	6	0	0	0
51	51	0	0	1	81	82	1	0	0	0
51	51	0	0	1	82	83	2	0	0	0
51	51	0	0	1	83	84	1	0	0	0
51	51	0	0	1	84	85	6	0	0	0
51	51	0	0	1	85	86	1	0	0	0
51	51	0	0	1	86	87	2	0	0	0
51	51	0	0	1	87	88	6	0	0	0
51	51	0	0	1	88	89	1	0	0	0
51	51	0	0	1	89	90	2	0	0	0
51	51	0	0	1	91	92	1	0	0	0
51	51	0	0	1	92	93	4	0	0	0
51	51	0	0	1	93	94	1	0	0	0
51	51	0	0	1	94	95	4	0	0	0
51	51	0	0	1	97	98	7	0	0	0
51	51	0	0	1	98	99	5	0	0	0
51	51	0	0	1	99	100	6	0	0	0
