93	93	0	0	1	1	0
93	93	0	0	1	2	3	1	2	5	0	0	0	38	38	33
93	93	0	0	1	3	2	1	2	0	0	27	30
93	93	0	0	1	4	2	3	4	0	0	30	31
93	93	0	0	1	5	2	3	4	0	0	39	38
93	93	0	0	1	6	1	4	0	34
93	93	0	0	1	7	2	5	6	0	0	27	30
93	93	0	0	1	8	2	5	6	0	0	30	32
93	93	0	0	1	9	2	5	6	0	0	26	27
93	93	0	0	1	10	3	5	6	8	0	0	1	33	38	39
93	93	0	0	1	11	1	7	0	37
93	93	0	0	1	12	1	8	1	29
93	93	0	0	1	13	1	9	0	36
93	93	0	0	1	14	1	9	0	39
93	93	0	0	1	15	1	9	0	24
93	93	0	0	1	16	1	9	0	28
93	93	0	0	1	17	1	10	0	39
93	93	0	0	1	18	3	10	11	13	0	0	0	36	37	28
93	93	0	0	1	19	2	10	11	0	0	34	34
93	93	0	0	1	20	2	10	11	0	0	33	32
93	93	0	0	1	21	3	10	11	12	0	0	0	38	36	28
93	93	0	0	1	22	2	11	12	0	0	23	38
93	93	0	0	1	23	2	11	12	0	0	16	10
93	93	0	0	1	24	1	12	0	26
93	93	0	0	1	25	2	12	13	0	0	25	30
93	93	0	0	1	26	3	12	13	14	0	0	0	36	2	34
93	93	0	0	1	27	1	14	0	36
93	93	0	0	1	28	1	14	0	29
93	93	0	0	1	29	1	14	0	30
93	93	0	0	1	30	1	15	0	23
93	93	0	0	1	31	1	15	0	36
93	93	0	0	1	32	2	15	17	0	0	23	22
93	93	0	0	1	33	1	15	0	33
93	93	0	0	1	34	1	15	0	33
93	93	0	0	1	35	1	15	0	29
93	93	0	0	1	36	2	15	17	0	0	33	20
93	93	0	0	1	37	1	16	1	18
93	93	0	0	1	38	1	16	1	34
93	93	0	0	1	39	1	16	1	28
93	93	0	0	1	40	2	16	18	1	0	27	18
93	93	0	0	1	41	3	16	18	19	1	0	0	31	27	29
93	93	0	0	1	42	2	16	18	1	0	27	28
93	93	0	0	1	43	2	16	19	1	0	32	31
93	93	0	0	1	44	2	17	19	0	0	38	37
93	93	0	0	1	45	1	17	0	27
93	93	0	0	1	46	1	17	0	10
93	93	0	0	1	47	2	17	18	0	0	28	15
93	93	0	0	1	48	2	17	18	0	0	28	37
93	93	0	0	1	49	1	18	0	31
93	93	0	0	1	50	2	18	19	0	0	19	16
93	93	0	0	1	51	2	18	19	0	0	19	30
93	93	0	0	1	52	2	18	19	0	0	35	35
93	93	0	0	1	53	2	18	19	0	0	36	35
93	93	0	0	1	54	2	18	19	0	0	37	36
93	93	0	0	1	55	1	19	0	36
93	93	0	0	1	56	1	19	0	36
93	93	0	0	1	57	1	19	0	38
93	93	0	0	1	58	2	19	20	0	0	27	35
93	93	0	0	1	59	3	19	20	21	0	0	0	31	24	29
93	93	0	0	1	60	2	20	21	0	0	34	32
93	93	0	0	1	61	1	20	0	31
93	93	0	0	1	62	2	20	21	0	0	33	18
93	93	0	0	1	63	2	20	21	0	0	36	4
93	93	0	0	1	64	2	20	21	0	0	35	18
93	93	0	0	1	65	1	21	0	35
93	93	0	0	1	66	2	22	23	0	0	32	34
93	93	0	0	1	67	2	22	23	0	0	30	28
93	93	0	0	1	68	1	24	0	35
93	93	0	0	1	69	1	25	0	33
93	93	0	0	1	70	1	25	0	29
93	93	0	0	1	71	1	25	0	18
93	93	0	0	1	72	1	25	0	29
93	93	0	0	1	73	2	26	27	0	0	27	17
93	93	0	0	1	74	3	27	28	29	0	0	0	27	23	7
93	93	0	0	1	75	3	31	32	33	0	0	0	37	35	36
93	93	0	0	1	76	1	31	0	19
93	93	0	0	1	77	2	31	34	0	0	33	37
93	93	0	0	1	78	2	32	33	0	0	33	32
93	93	0	0	1	79	2	32	33	0	0	30	16
93	93	0	0	1	80	2	32	33	0	0	31	31
93	93	0	0	1	81	1	34	0	30
93	93	0	0	1	82	1	34	0	29
93	93	0	0	1	83	1	34	0	38
93	93	0	0	1	84	1	35	0	36
93	93	0	0	1	85	1	35	0	35
93	93	0	0	1	86	1	35	0	32
93	93	0	0	1	87	1	36	0	21
93	93	0	0	1	88	1	36	0	33
93	93	0	0	1	89	3	38	39	40	0	1	0	37	39	26
93	93	0	0	1	90	4	38	39	40	41	0	1	0	0	35	32	25	39
93	93	0	0	1	91	2	39	40	1	0	33	38
93	93	0	0	1	92	3	39	40	41	1	0	0	33	40	36
93	93	0	0	1	93	1	42	0	22
93	93	0	0	1	94	1	43	0	32
93	93	0	0	1	95	4	46	47	48	49	0	0	0	0	37	37	27	37
93	93	0	0	1	96	1	50	0	25
93	93	0	0	1	97	2	50	52	0	0	37	36
93	93	0	0	1	98	1	52	0	31
93	93	0	0	1	99	1	53	0	25
93	93	0	0	1	100	1	53	0	22
93	93	0	0	1	101	1	54	0	36
93	93	0	0	1	102	1	55	0	23
93	93	0	0	1	103	2	55	56	0	0	40	39
93	93	0	0	1	104	4	55	56	57	60	0	0	0	0	38	40	4	20
93	93	0	0	1	105	3	55	56	60	0	0	0	31	28	23
93	93	0	0	1	106	3	55	56	57	0	0	0	36	35	36
93	93	0	0	1	107	3	55	56	57	0	0	0	35	35	35
93	93	0	0	1	108	2	55	56	0	1	17	2
93	93	0	0	1	109	2	56	57	0	0	33	20
93	93	0	0	1	110	1	57	0	30
93	93	0	0	1	111	1	57	0	31
93	93	0	0	1	112	2	57	58	0	0	27	16
93	93	0	0	1	113	4	57	58	59	60	0	0	0	0	39	39	38	39
93	93	0	0	1	114	2	58	59	0	0	15	31
93	93	0	0	1	115	1	60	0	31
93	93	0	0	1	116	1	60	0	28
93	93	0	0	1	117	1	60	0	30
93	93	0	0	1	118	1	60	0	33
93	93	0	0	1	119	1	62	0	34
93	93	0	0	1	120	2	63	67	0	0	30	20
93	93	0	0	1	121	4	63	65	66	67	0	0	0	0	30	28	27	31
93	93	0	0	1	122	2	65	66	0	0	34	21
93	93	0	0	1	123	3	65	66	67	0	0	0	34	35	28
93	93	0	0	1	124	3	65	66	67	0	0	0	26	22	24
93	93	0	0	1	125	1	68	0	20
93	93	0	0	1	126	2	68	69	0	0	32	30
93	93	0	0	1	127	3	68	69	70	0	0	0	34	10	30
93	93	0	0	1	128	2	69	70	0	0	26	26
93	93	0	0	1	129	4	69	70	71	72	0	0	0	0	34	40	38	36
93	93	0	0	1	130	1	71	0	35
93	93	0	0	1	131	1	71	0	31
93	93	0	0	1	132	1	71	0	26
93	93	0	0	1	133	1	71	0	30
93	93	0	0	1	134	1	72	0	21
93	93	0	0	1	135	3	73	76	77	0	0	0	14	18	25
93	93	0	0	1	136	1	73	0	36
93	93	0	0	1	137	4	73	76	77	78	0	0	0	0	17	16	23	28
93	93	0	0	1	138	2	73	74	0	0	39	36
93	93	0	0	1	139	1	74	0	38
93	93	0	0	1	140	1	74	0	37
93	93	0	0	1	141	1	74	0	38
93	93	0	0	1	142	4	75	76	77	78	0	0	0	0	33	24	24	36
93	93	0	0	1	143	4	75	76	77	78	0	0	0	0	37	36	33	36
93	93	0	0	1	144	2	75	79	0	0	27	33
93	93	0	0	1	145	3	75	78	79	0	0	0	34	17	34
93	93	0	0	1	146	2	75	75	0	0	31	38
93	93	0	0	1	147	2	75	79	0	0	35	34
93	93	0	0	1	148	2	76	77	0	0	25	25
93	93	0	0	1	149	4	76	77	78	80	0	0	0	1	34	35	32	32
93	93	0	0	1	150	3	78	81	82	0	0	0	22	31	21
93	93	0	0	1	151	3	79	81	82	0	0	0	32	34	36
93	93	0	0	1	152	1	79	0	28
93	93	0	0	1	153	1	80	1	4
93	93	0	0	1	154	1	80	1	33
93	93	0	0	1	155	2	80	83	1	0	27	37
93	93	0	0	1	156	2	80	83	1	0	35	34
93	93	0	0	1	157	1	83	0	33
93	93	0	0	1	158	1	83	0	34
93	93	0	0	1	159	2	89	90	0	0	33	35
93	93	0	0	1	160	4	89	90	94	95	0	0	0	0	31	4	32	31
93	93	0	0	1	161	1	90	0	32
93	93	0	0	1	162	2	91	92	0	0	32	29
93	93	0	0	1	163	3	91	92	93	0	0	0	26	33	32
93	93	0	0	1	164	4	97	98	99	100	0	0	0	0	38	29	36	37
