68	68	0	0	1	1	1	1	0	28
68	68	0	0	1	2	2	3	4	0	0	31	34
68	68	0	0	1	3	2	3	4	0	0	27	33
68	68	0	0	1	4	2	3	4	0	0	38	37
68	68	0	0	1	5	1	4	0	27
68	68	0	0	1	6	4	5	6	7	8	0	0	0	1	35	31	30	33
68	68	0	0	1	7	2	7	8	0	1	27	15
68	68	0	0	1	8	1	8	1	28
68	68	0	0	1	9	1	9	0	36
68	68	0	0	1	10	1	9	0	31
68	68	0	0	1	11	2	10	11	0	0	34	34
68	68	0	0	1	12	2	10	11	0	0	31	31
68	68	0	0	1	13	2	11	12	0	0	28	29
68	68	0	0	1	14	1	12	0	25
68	68	0	0	1	15	2	12	13	0	0	29	25
68	68	0	0	1	16	2	13	14	0	0	34	18
68	68	0	0	1	17	1	14	0	31
68	68	0	0	1	18	1	15	0	35
68	68	0	0	1	19	1	15	0	31
68	68	0	0	1	20	1	17	0	31
68	68	0	0	1	21	1	17	0	28
68	68	0	0	1	22	2	18	19	0	0	28	31
68	68	0	0	1	23	2	18	19	0	0	22	28
68	68	0	0	1	24	1	19	0	29
68	68	0	0	1	25	1	19	0	30
68	68	0	0	1	26	1	21	0	38
68	68	0	0	1	27	1	21	0	29
68	68	0	0	1	28	1	24	0	32
68	68	0	0	1	29	1	26	0	26
68	68	0	0	1	30	2	26	27	0	0	26	20
68	68	0	0	1	31	4	26	27	28	29	0	0	0	0	26	26	6	22
68	68	0	0	1	32	2	30	32	0	0	39	30
68	68	0	0	1	33	2	31	34	0	0	36	30
68	68	0	0	1	34	1	36	0	26
68	68	0	0	1	35	1	37	1	38
68	68	0	0	1	36	3	38	39	40	0	1	0	36	32	25
68	68	0	0	1	37	1	38	0	37
68	68	0	0	1	38	3	38	39	40	0	1	0	37	13	20
68	68	0	0	1	39	3	39	40	41	1	0	0	37	34	32
68	68	0	0	1	40	1	41	0	29
68	68	0	0	1	41	2	42	43	0	0	21	31
68	68	0	0	1	42	1	43	0	34
68	68	0	0	1	43	3	43	45	46	0	1	0	31	35	38
68	68	0	0	1	44	1	44	0	37
68	68	0	0	1	45	1	44	0	33
68	68	0	0	1	46	3	45	46	49	1	0	0	37	34	32
68	68	0	0	1	47	1	49	0	33
68	68	0	0	1	48	2	50	50	0	0	30	30
68	68	0	0	1	49	2	50	52	0	0	34	28
68	68	0	0	1	50	2	51	53	0	0	31	34
68	68	0	0	1	51	1	52	0	31
68	68	0	0	1	52	1	53	0	29
68	68	0	0	1	53	1	54	0	34
68	68	0	0	1	54	2	55	56	0	0	29	32
68	68	0	0	1	55	3	55	56	60	0	0	0	30	37	29
68	68	0	0	1	56	3	57	58	59	0	0	0	21	12	30
68	68	0	0	1	57	2	58	59	0	0	30	33
68	68	0	0	1	58	3	60	61	62	0	0	0	35	9	31
68	68	0	0	1	59	3	61	61	62	0	0	0	24	26	31
68	68	0	0	1	60	1	62	0	34
68	68	0	0	1	61	1	62	0	37
68	68	0	0	1	62	3	63	65	66	0	0	0	25	33	30
68	68	0	0	1	63	1	64	0	29
68	68	0	0	1	64	2	68	71	0	1	20	31
68	68	0	0	1	65	1	68	0	34
68	68	0	0	1	66	2	69	70	0	0	9	4
68	68	0	0	1	67	1	71	1	28
68	68	0	0	1	68	2	73	75	0	0	23	34
68	68	0	0	1	69	1	73	0	28
68	68	0	0	1	70	2	73	75	0	0	22	30
68	68	0	0	1	71	2	73	75	0	0	23	11
68	68	0	0	1	72	1	74	0	31
68	68	0	0	1	73	1	79	0	36
68	68	0	0	1	74	1	80	1	35
68	68	0	0	1	75	1	80	1	34
68	68	0	0	1	76	2	80	83	1	0	35	19
68	68	0	0	1	77	2	82	83	0	0	32	20
68	68	0	0	1	78	3	86	87	88	0	0	0	35	36	34
68	68	0	0	1	79	1	90	0	35
68	68	0	0	1	80	1	90	0	30
68	68	0	0	1	81	3	91	92	95	0	0	0	15	36	24
68	68	0	0	1	82	3	94	95	96	0	0	0	32	20	37
68	68	0	0	1	83	1	96	0	24
68	68	0	0	1	84	2	97	98	0	0	18	29
68	68	0	0	1	85	3	97	98	99	0	0	0	30	34	35
68	68	0	0	1	86	4	97	98	99	100	0	0	0	0	28	33	32	33
68	68	0	0	1	87	4	97	98	99	100	0	0	0	0	31	34	35	31
68	68	0	0	1	88	3	98	99	100	0	0	0	35	35	36
68	68	0	0	1	89	1	100	0	22
