88	88	0	0	1	1	2	1	2	0	0	28	29
88	88	0	0	1	2	4	1	2	5	6	0	0	0	0	32	32	32	32
88	88	0	0	1	3	2	1	2	0	0	32	34
88	88	0	0	1	4	2	1	2	0	0	19	27
88	88	0	0	1	5	2	1	2	0	0	33	34
88	88	0	0	1	6	2	1	2	0	0	32	23
88	88	0	0	1	7	1	3	0	25
88	88	0	0	1	8	2	3	4	0	0	35	33
88	88	0	0	1	9	3	5	6	8	0	0	1	33	31	32
88	88	0	0	1	10	2	5	6	0	0	27	28
88	88	0	0	1	11	4	5	6	7	8	0	0	0	1	31	34	32	33
88	88	0	0	1	12	2	5	6	0	0	28	33
88	88	0	0	1	13	2	5	6	0	0	32	29
88	88	0	0	1	14	1	6	0	34
88	88	0	0	1	15	1	6	0	33
88	88	0	0	1	16	2	7	8	0	1	35	31
88	88	0	0	1	17	2	7	8	0	1	28	18
88	88	0	0	1	18	2	7	8	0	1	34	27
88	88	0	0	1	19	1	8	1	23
88	88	0	0	1	20	1	9	0	34
88	88	0	0	1	21	1	9	0	31
88	88	0	0	1	22	1	9	0	35
88	88	0	0	1	23	1	9	0	28
88	88	0	0	1	24	1	9	0	36
88	88	0	0	1	25	1	9	0	36
88	88	0	0	1	26	1	9	0	29
88	88	0	0	1	27	1	9	0	36
88	88	0	0	1	28	1	10	0	38
88	88	0	0	1	29	2	10	11	0	0	34	35
88	88	0	0	1	30	1	10	0	31
88	88	0	0	1	31	3	10	11	14	0	0	0	35	34	32
88	88	0	0	1	32	2	10	11	0	0	29	30
88	88	0	0	1	33	2	10	11	0	0	28	28
88	88	0	0	1	34	2	10	11	0	0	15	30
88	88	0	0	1	35	3	10	11	14	0	0	0	28	22	28
88	88	0	0	1	36	3	10	11	12	0	0	0	23	28	31
88	88	0	0	1	37	3	10	11	12	0	0	0	15	33	23
88	88	0	0	1	38	3	11	12	14	0	0	0	24	11	26
88	88	0	0	1	39	3	11	12	14	0	0	0	41	25	36
88	88	0	0	1	40	4	11	12	13	14	0	0	0	0	36	24	26	30
88	88	0	0	1	41	2	12	14	0	0	25	27
88	88	0	0	1	42	2	12	13	0	0	28	29
88	88	0	0	1	43	3	12	13	14	0	0	0	34	28	16
88	88	0	0	1	44	2	12	13	0	0	29	29
88	88	0	0	1	45	3	12	13	14	0	0	0	22	29	27
88	88	0	0	1	46	3	12	13	14	0	0	0	27	32	31
88	88	0	0	1	47	3	12	13	14	0	0	0	39	38	39
88	88	0	0	1	48	2	13	14	0	0	32	32
88	88	0	0	1	49	1	13	0	14
88	88	0	0	1	50	1	13	0	25
88	88	0	0	1	51	1	14	0	31
88	88	0	0	1	52	1	14	0	33
88	88	0	0	1	53	1	14	0	38
88	88	0	0	1	54	1	14	0	20
88	88	0	0	1	55	1	14	0	31
88	88	0	0	1	56	1	15	0	30
88	88	0	0	1	57	1	15	0	32
88	88	0	0	1	58	1	15	0	35
88	88	0	0	1	59	2	15	17	0	0	32	25
88	88	0	0	1	60	3	15	16	17	0	1	0	33	28	25
88	88	0	0	1	61	1	15	0	27
88	88	0	0	1	62	3	15	16	17	0	1	0	29	31	24
88	88	0	0	1	63	3	16	18	19	1	0	0	34	28	28
88	88	0	0	1	64	1	16	1	33
88	88	0	0	1	65	2	16	19	1	0	28	27
88	88	0	0	1	66	1	16	1	29
88	88	0	0	1	67	2	16	19	1	0	28	26
88	88	0	0	1	68	2	16	18	1	0	33	29
88	88	0	0	1	69	3	16	18	19	1	0	0	33	24	34
88	88	0	0	1	70	2	16	17	1	0	31	21
88	88	0	0	1	71	3	16	17	18	1	0	0	33	22	31
88	88	0	0	1	72	1	16	1	34
88	88	0	0	1	73	3	16	17	18	1	0	0	31	23	32
88	88	0	0	1	74	2	16	19	1	0	33	31
88	88	0	0	1	75	3	16	18	19	1	0	0	32	20	35
88	88	0	0	1	76	3	16	17	18	1	0	0	32	24	31
88	88	0	0	1	77	3	16	18	19	1	0	0	31	30	33
88	88	0	0	1	78	1	16	1	33
88	88	0	0	1	79	1	17	0	31
88	88	0	0	1	80	2	17	18	0	0	30	21
88	88	0	0	1	81	3	17	18	20	0	0	0	33	26	31
88	88	0	0	1	82	2	17	18	0	0	32	26
88	88	0	0	1	83	2	17	18	0	0	28	22
88	88	0	0	1	84	2	17	18	0	0	21	29
88	88	0	0	1	85	3	17	18	20	0	0	0	29	17	28
88	88	0	0	1	86	2	17	18	0	0	36	21
88	88	0	0	1	87	2	17	18	0	0	24	31
88	88	0	0	1	88	2	18	20	0	0	2	30
88	88	0	0	1	89	2	18	19	0	0	28	33
88	88	0	0	1	90	4	18	19	20	21	0	0	0	0	24	3	28	31
88	88	0	0	1	91	1	19	0	34
88	88	0	0	1	92	1	19	0	35
88	88	0	0	1	93	3	19	20	21	0	0	0	31	31	34
88	88	0	0	1	94	1	19	0	31
88	88	0	0	1	95	1	19	0	30
88	88	0	0	1	96	1	19	0	29
88	88	0	0	1	97	1	19	0	32
88	88	0	0	1	98	2	19	20	0	0	24	32
88	88	0	0	1	99	1	19	0	32
88	88	0	0	1	100	1	19	0	31
88	88	0	0	1	101	1	19	0	33
88	88	0	0	1	102	1	20	0	33
88	88	0	0	1	103	1	20	0	31
88	88	0	0	1	104	1	20	0	33
88	88	0	0	1	105	2	20	21	0	0	30	33
88	88	0	0	1	106	2	20	21	0	0	31	31
88	88	0	0	1	107	1	21	0	32
88	88	0	0	1	108	1	21	0	31
88	88	0	0	1	109	1	21	0	33
88	88	0	0	1	110	1	22	0	31
88	88	0	0	1	111	1	22	0	25
88	88	0	0	1	112	1	22	0	32
88	88	0	0	1	113	2	22	23	0	0	30	27
88	88	0	0	1	114	3	22	23	24	0	0	0	32	28	31
88	88	0	0	1	115	1	24	0	28
88	88	0	0	1	116	3	25	30	31	0	0	0	30	32	34
88	88	0	0	1	117	2	25	31	0	0	26	27
88	88	0	0	1	118	1	25	0	32
88	88	0	0	1	119	3	25	30	31	0	0	0	24	32	35
88	88	0	0	1	120	1	25	0	29
88	88	0	0	1	121	1	25	0	33
88	88	0	0	1	122	1	25	0	30
88	88	0	0	1	123	2	25	31	0	0	15	27
88	88	0	0	1	124	3	25	30	31	0	0	0	31	31	32
88	88	0	0	1	125	1	25	0	32
88	88	0	0	1	126	1	25	0	35
88	88	0	0	1	127	2	25	26	0	0	31	21
88	88	0	0	1	128	4	26	27	28	29	0	0	0	0	36	37	18	14
88	88	0	0	1	129	5	28	29	30	32	33	0	0	0	0	0	32	21	36	29	31
88	88	0	0	1	130	2	30	33	0	0	32	16
88	88	0	0	1	131	5	30	31	32	33	34	0	0	0	0	0	31	28	30	34	33
88	88	0	0	1	132	2	30	31	0	0	34	35
88	88	0	0	1	133	1	31	0	22
88	88	0	0	1	134	1	32	0	29
88	88	0	0	1	135	2	32	33	0	0	32	28
88	88	0	0	1	136	4	32	33	34	35	0	0	0	0	31	30	25	32
88	88	0	0	1	137	2	33	35	0	0	24	28
88	88	0	0	1	138	2	34	35	0	0	26	33
88	88	0	0	1	139	1	34	0	18
88	88	0	0	1	140	2	35	36	0	0	20	28
88	88	0	0	1	141	1	36	0	22
88	88	0	0	1	142	1	36	0	26
88	88	0	0	1	143	1	36	0	30
88	88	0	0	1	144	1	37	1	32
88	88	0	0	1	145	1	37	1	17
88	88	0	0	1	146	1	37	1	31
88	88	0	0	1	147	1	37	1	34
88	88	0	0	1	148	2	38	41	0	0	30	24
88	88	0	0	1	149	1	38	0	32
88	88	0	0	1	150	4	38	39	40	41	0	1	0	0	35	32	23	32
88	88	0	0	1	151	1	38	0	31
88	88	0	0	1	152	1	38	0	31
88	88	0	0	1	153	1	38	0	33
88	88	0	0	1	154	1	38	0	32
88	88	0	0	1	155	1	38	0	31
88	88	0	0	1	156	2	39	40	1	0	33	18
88	88	0	0	1	157	2	39	40	1	0	31	33
88	88	0	0	1	158	2	39	40	1	0	33	27
88	88	0	0	1	159	3	39	40	41	1	0	0	30	33	20
88	88	0	0	1	160	3	39	40	41	1	0	0	31	32	33
88	88	0	0	1	161	2	39	40	1	0	27	28
88	88	0	0	1	162	2	39	40	1	0	30	24
88	88	0	0	1	163	1	42	0	32
88	88	0	0	1	164	2	42	44	0	0	32	27
88	88	0	0	1	165	1	42	0	28
88	88	0	0	1	166	2	42	43	0	0	32	34
88	88	0	0	1	167	1	42	0	26
88	88	0	0	1	168	1	43	0	32
88	88	0	0	1	169	1	43	0	30
88	88	0	0	1	170	1	43	0	30
88	88	0	0	1	171	2	45	46	1	0	29	31
88	88	0	0	1	172	4	46	47	48	49	0	0	0	0	15	15	21	25
88	88	0	0	1	173	3	46	47	48	0	0	0	29	20	4
88	88	0	0	1	174	2	49	52	0	0	29	31
88	88	0	0	1	175	2	49	52	0	0	32	32
88	88	0	0	1	176	2	51	53	0	0	28	31
88	88	0	0	1	177	2	51	53	0	0	30	24
88	88	0	0	1	178	1	51	0	31
88	88	0	0	1	179	1	52	0	26
88	88	0	0	1	180	1	54	0	29
88	88	0	0	1	181	3	54	55	56	0	0	0	31	36	33
88	88	0	0	1	182	3	55	56	60	0	0	0	33	36	28
88	88	0	0	1	183	4	55	56	57	60	0	0	0	0	32	34	32	33
88	88	0	0	1	184	2	55	56	0	0	31	34
88	88	0	0	1	185	2	57	58	0	0	33	27
88	88	0	0	1	186	3	57	58	59	0	0	0	35	28	30
88	88	0	0	1	187	1	57	0	8
88	88	0	0	1	188	3	57	58	59	0	0	0	35	26	31
88	88	0	0	1	189	3	57	58	59	0	0	0	32	24	29
88	88	0	0	1	190	2	58	59	0	0	24	31
88	88	0	0	1	191	3	60	61	62	0	0	0	27	34	31
88	88	0	0	1	192	1	60	0	33
88	88	0	0	1	193	2	60	62	0	0	35	32
88	88	0	0	1	194	1	60	0	13
88	88	0	0	1	195	2	61	62	0	0	28	31
88	88	0	0	1	196	3	61	62	63	0	0	0	32	34	28
88	88	0	0	1	197	2	61	62	0	0	26	32
88	88	0	0	1	198	1	62	0	16
88	88	0	0	1	199	4	63	65	66	67	0	0	0	0	37	36	38	37
88	88	0	0	1	200	4	63	65	66	67	0	0	0	0	34	34	32	33
88	88	0	0	1	201	1	63	0	33
88	88	0	0	1	202	4	63	65	66	67	0	0	0	0	34	34	32	31
88	88	0	0	1	203	2	63	67	0	0	21	31
88	88	0	0	1	204	3	63	64	67	0	0	0	42	24	37
88	88	0	0	1	205	2	63	64	0	0	34	21
88	88	0	0	1	206	5	63	64	65	66	67	0	0	0	0	0	42	37	34	33	38
88	88	0	0	1	207	2	63	64	0	0	32	33
88	88	0	0	1	208	2	63	64	0	0	36	25
88	88	0	0	1	209	2	63	64	0	0	29	25
88	88	0	0	1	210	2	63	64	0	0	35	29
88	88	0	0	1	211	2	63	64	0	0	24	20
88	88	0	0	1	212	1	64	0	32
88	88	0	0	1	213	2	64	67	0	0	32	33
88	88	0	0	1	214	4	64	65	66	67	0	0	0	0	25	34	33	32
88	88	0	0	1	215	1	64	0	28
88	88	0	0	1	216	1	64	0	28
88	88	0	0	1	217	2	65	66	0	0	34	33
88	88	0	0	1	218	2	65	66	0	0	26	27
88	88	0	0	1	219	1	68	0	32
88	88	0	0	1	220	1	68	0	4
88	88	0	0	1	221	3	68	69	70	0	0	0	32	28	29
88	88	0	0	1	222	3	68	69	70	0	0	0	30	31	32
88	88	0	0	1	223	1	71	0	31
88	88	0	0	1	224	1	71	0	34
88	88	0	0	1	225	1	71	0	36
88	88	0	0	1	226	1	72	0	25
88	88	0	0	1	227	2	72	73	0	0	23	31
88	88	0	0	1	228	3	73	76	77	0	0	0	19	26	26
88	88	0	0	1	229	3	73	76	77	0	0	0	26	25	23
88	88	0	0	1	230	1	73	0	29
88	88	0	0	1	231	2	73	75	0	0	20	24
88	88	0	0	1	232	3	73	74	80	0	0	1	22	22	19
88	88	0	0	1	233	4	74	76	77	78	0	0	0	0	16	22	25	28
88	88	0	0	1	234	2	74	79	0	0	9	33
88	88	0	0	1	235	1	74	0	38
88	88	0	0	1	236	1	74	0	2
88	88	0	0	1	237	4	75	76	77	78	0	0	0	0	33	22	23	31
88	88	0	0	1	238	2	75	79	0	0	32	31
88	88	0	0	1	239	2	75	79	0	0	34	33
88	88	0	0	1	240	1	75	0	32
88	88	0	0	1	241	1	75	0	32
88	88	0	0	1	242	2	75	79	0	0	34	29
88	88	0	0	1	243	1	75	0	22
88	88	0	0	1	244	4	76	77	80	81	0	0	1	0	30	32	29	32
88	88	0	0	1	245	4	76	77	79	80	0	0	0	1	32	31	24	32
88	88	0	0	1	246	4	76	77	78	80	0	0	0	1	32	32	32	32
88	88	0	0	1	247	5	76	77	78	81	82	0	0	0	0	0	32	32	35	32	34
88	88	0	0	1	248	1	78	0	32
88	88	0	0	1	249	1	78	0	31
88	88	0	0	1	250	1	79	0	29
88	88	0	0	1	251	2	79	83	0	0	29	30
88	88	0	0	1	252	1	79	0	28
88	88	0	0	1	253	1	79	0	32
88	88	0	0	1	254	1	79	0	31
88	88	0	0	1	255	2	79	83	0	0	28	29
88	88	0	0	1	256	1	79	0	26
88	88	0	0	1	257	2	80	83	1	0	30	33
88	88	0	0	1	258	2	80	83	1	0	30	31
88	88	0	0	1	259	2	80	83	1	0	32	32
88	88	0	0	1	260	4	81	82	84	85	0	0	0	0	32	32	25	22
88	88	0	0	1	261	3	81	84	85	0	0	0	21	22	28
88	88	0	0	1	262	2	81	82	0	0	31	30
88	88	0	0	1	263	1	83	0	29
88	88	0	0	1	264	5	86	87	88	89	93	0	0	0	0	0	31	35	28	32	31
88	88	0	0	1	265	3	94	95	96	0	0	0	30	32	34
88	88	0	0	1	266	1	96	0	32
88	88	0	0	1	267	1	96	0	30
88	88	0	0	1	268	1	96	0	33
88	88	0	0	1	269	4	97	98	99	100	0	0	0	0	31	31	28	34
