57	57	0	0	1	1	2	1	2	0	0	29	28
57	57	0	0	1	2	2	3	4	0	1	24	5
57	57	0	0	1	3	2	4	8	0	1	24	27
57	57	0	0	1	4	1	4	0	31
57	57	0	0	1	5	3	5	7	8	0	0	1	27	24	23
57	57	0	0	1	6	1	7	0	27
57	57	0	0	1	7	1	9	0	24
57	57	0	0	1	8	1	9	0	19
57	57	0	0	1	9	1	9	0	25
57	57	0	0	1	10	1	9	0	29
57	57	0	0	1	11	1	9	0	21
57	57	0	0	1	12	1	9	0	27
57	57	0	0	1	13	1	9	0	26
57	57	0	0	1	14	1	9	0	27
57	57	0	0	1	15	1	9	0	27
57	57	0	0	1	16	1	9	0	23
57	57	0	0	1	17	1	9	0	28
57	57	0	0	1	18	1	9	0	29
57	57	0	0	1	19	1	10	0	30
57	57	0	0	1	20	3	10	11	14	0	0	0	30	27	28
57	57	0	0	1	21	2	10	11	0	0	27	30
57	57	0	0	1	22	1	10	0	26
57	57	0	0	1	23	2	10	11	0	0	26	26
57	57	0	0	1	24	2	10	11	0	0	25	24
57	57	0	0	1	25	3	10	11	14	0	0	0	30	28	29
57	57	0	0	1	26	2	10	11	0	0	23	23
57	57	0	0	1	27	3	10	11	12	0	0	0	29	28	26
57	57	0	0	1	28	3	10	11	12	0	0	0	20	26	26
57	57	0	0	1	29	4	10	11	12	14	0	0	0	0	26	26	24	30
57	57	0	0	1	30	4	10	11	12	14	0	0	0	0	32	29	22	27
57	57	0	0	1	31	4	10	11	12	14	0	0	0	0	31	28	30	30
57	57	0	0	1	32	3	10	11	12	0	0	0	3	23	24
57	57	0	0	1	33	3	11	12	13	0	0	0	24	21	30
57	57	0	0	1	34	2	11	12	0	0	24	4
57	57	0	0	1	35	2	12	14	0	0	23	23
57	57	0	0	1	36	2	12	13	0	0	28	22
57	57	0	0	1	37	3	12	13	14	0	0	0	26	25	25
57	57	0	0	1	38	2	12	13	0	0	29	28
57	57	0	0	1	39	1	13	0	18
57	57	0	0	1	40	1	13	0	24
57	57	0	0	1	41	1	13	0	3
57	57	0	0	1	42	1	14	0	28
57	57	0	0	1	43	1	14	0	26
57	57	0	0	1	44	1	14	0	27
57	57	0	0	1	45	1	14	0	30
57	57	0	0	1	46	1	14	0	26
57	57	0	0	1	47	1	14	0	23
57	57	0	0	1	48	1	14	0	26
57	57	0	0	1	49	1	14	0	24
57	57	0	0	1	50	2	15	17	0	0	30	16
57	57	0	0	1	51	1	15	0	22
57	57	0	0	1	52	1	15	0	24
57	57	0	0	1	53	2	15	16	0	0	25	26
57	57	0	0	1	54	3	15	17	18	0	0	0	17	15	27
57	57	0	0	1	55	3	15	16	17	0	1	0	30	28	18
57	57	0	0	1	56	1	16	1	25
57	57	0	0	1	57	3	16	18	19	1	0	0	28	29	27
57	57	0	0	1	58	2	16	19	1	0	27	28
57	57	0	0	1	59	3	16	18	19	1	0	0	26	28	27
57	57	0	0	1	60	2	16	19	1	0	26	31
57	57	0	0	1	61	1	16	0	27
57	57	0	0	1	62	1	16	1	25
57	57	0	0	1	63	3	16	18	19	1	0	0	30	26	27
57	57	0	0	1	64	1	17	0	23
57	57	0	0	1	65	1	17	0	19
57	57	0	0	1	66	1	17	0	12
57	57	0	0	1	67	1	17	0	16
57	57	0	0	1	68	2	17	20	0	0	24	26
57	57	0	0	1	69	1	17	0	28
57	57	0	0	1	70	1	17	0	15
57	57	0	0	1	71	2	17	18	0	0	28	22
57	57	0	0	1	72	4	17	18	20	21	0	0	0	0	27	22	29	31
57	57	0	0	1	73	3	17	18	20	0	0	0	25	22	26
57	57	0	0	1	74	1	17	0	27
57	57	0	0	1	75	2	17	18	0	0	23	20
57	57	0	0	1	76	2	18	19	0	0	19	27
57	57	0	0	1	77	2	18	19	0	0	4	3
57	57	0	0	1	78	2	19	21	0	0	26	30
57	57	0	0	1	79	1	19	0	21
57	57	0	0	1	80	1	19	0	26
57	57	0	0	1	81	3	19	20	21	0	0	0	25	28	29
57	57	0	0	1	82	1	19	0	27
57	57	0	0	1	83	1	19	0	30
57	57	0	0	1	84	1	20	0	22
57	57	0	0	1	85	1	20	0	29
57	57	0	0	1	86	2	20	21	0	0	27	28
57	57	0	0	1	87	2	20	21	0	0	24	31
57	57	0	0	1	88	1	20	0	27
57	57	0	0	1	89	1	20	0	21
57	57	0	0	1	90	1	21	0	24
57	57	0	0	1	91	1	21	0	26
57	57	0	0	1	92	2	22	23	0	0	30	24
57	57	0	0	1	93	1	22	0	25
57	57	0	0	1	94	2	22	23	0	0	25	24
57	57	0	0	1	95	1	22	0	21
57	57	0	0	1	96	3	22	23	24	0	0	0	26	25	24
57	57	0	0	1	97	3	22	23	24	0	0	0	21	20	25
57	57	0	0	1	98	2	23	24	0	0	23	29
57	57	0	0	1	99	1	24	0	30
57	57	0	0	1	100	3	25	30	31	0	0	0	26	27	22
57	57	0	0	1	101	1	25	0	24
57	57	0	0	1	102	2	25	32	0	0	26	27
57	57	0	0	1	103	2	25	32	0	0	22	27
57	57	0	0	1	104	1	25	0	25
57	57	0	0	1	105	2	25	26	0	0	28	31
57	57	0	0	1	106	1	26	0	28
57	57	0	0	1	107	4	26	27	28	29	0	0	0	0	24	24	16	21
57	57	0	0	1	108	4	26	27	28	29	0	0	0	0	26	27	20	26
57	57	0	0	1	109	3	26	27	28	0	0	0	12	4	18
57	57	0	0	1	110	7	26	27	28	29	30	32	33	0	0	0	0	0	0	0	20	20	26	16	31	22	22
57	57	0	0	1	111	4	26	27	28	29	0	0	0	0	24	15	18	22
57	57	0	0	1	112	7	26	27	28	29	30	32	33	0	0	0	0	0	0	0	24	24	26	19	27	24	27
57	57	0	0	1	113	4	26	27	28	29	0	0	0	0	26	22	19	25
57	57	0	0	1	114	5	27	28	29	32	33	0	0	0	0	0	23	25	16	27	23
57	57	0	0	1	115	5	28	29	30	32	33	0	0	0	0	0	28	16	28	23	19
57	57	0	0	1	116	1	30	0	22
57	57	0	0	1	117	1	30	0	16
57	57	0	0	1	118	2	30	31	0	0	25	26
57	57	0	0	1	119	2	30	31	0	0	29	25
57	57	0	0	1	120	3	32	33	35	0	0	0	30	32	29
57	57	0	0	1	121	2	32	33	0	0	15	3
57	57	0	0	1	122	3	32	33	35	0	0	0	26	27	29
57	57	0	0	1	123	1	34	0	27
57	57	0	0	1	124	2	35	36	0	0	23	24
57	57	0	0	1	125	1	35	0	27
57	57	0	0	1	126	1	35	0	22
57	57	0	0	1	127	2	35	36	0	0	21	24
57	57	0	0	1	128	2	36	37	0	1	23	29
57	57	0	0	1	129	2	37	38	1	0	30	29
57	57	0	0	1	130	3	37	39	40	1	1	0	29	25	25
57	57	0	0	1	131	1	37	1	27
57	57	0	0	1	132	1	37	1	25
57	57	0	0	1	133	1	37	1	23
57	57	0	0	1	134	1	38	0	20
57	57	0	0	1	135	1	38	0	28
57	57	0	0	1	136	1	38	0	24
57	57	0	0	1	137	1	38	0	24
57	57	0	0	1	138	1	38	0	30
57	57	0	0	1	139	1	38	0	28
57	57	0	0	1	140	1	38	0	24
57	57	0	0	1	141	1	38	0	24
57	57	0	0	1	142	2	39	40	1	0	28	29
57	57	0	0	1	143	2	39	40	1	0	23	22
57	57	0	0	1	144	1	39	1	25
57	57	0	0	1	145	2	39	40	1	0	26	20
57	57	0	0	1	146	2	39	40	1	0	33	28
57	57	0	0	1	147	3	39	40	41	1	0	0	29	24	24
57	57	0	0	1	148	2	39	40	1	0	28	23
57	57	0	0	1	149	2	40	41	0	0	23	14
57	57	0	0	1	150	2	40	41	0	0	24	28
57	57	0	0	1	151	2	40	41	0	0	26	25
57	57	0	0	1	152	2	40	41	0	0	29	21
57	57	0	0	1	153	1	41	0	28
57	57	0	0	1	154	1	41	0	23
57	57	0	0	1	155	1	42	0	32
57	57	0	0	1	156	1	42	0	22
57	57	0	0	1	157	3	42	47	48	0	0	0	24	17	23
57	57	0	0	1	158	2	42	43	0	1	24	6
57	57	0	0	1	159	5	42	43	46	47	48	0	0	0	0	0	23	24	26	17	26
57	57	0	0	1	160	6	42	43	45	46	47	48	0	0	1	0	0	0	22	28	27	28	20	26
57	57	0	0	1	161	1	43	0	26
57	57	0	0	1	162	1	43	0	26
57	57	0	0	1	163	1	43	0	26
57	57	0	0	1	164	1	43	0	23
57	57	0	0	1	165	3	45	46	49	1	0	0	23	24	26
57	57	0	0	1	166	5	45	46	47	48	50	1	0	0	0	0	26	25	26	17	25
57	57	0	0	1	167	4	46	47	48	50	0	0	0	0	25	29	22	31
57	57	0	0	1	168	4	46	47	48	50	0	0	0	0	24	27	22	31
57	57	0	0	1	169	2	50	52	0	0	25	23
57	57	0	0	1	170	2	50	53	0	0	28	26
57	57	0	0	1	171	2	50	52	0	0	28	23
57	57	0	0	1	172	1	51	0	29
57	57	0	0	1	173	1	51	0	27
57	57	0	0	1	174	2	52	53	0	0	16	25
57	57	0	0	1	175	2	52	54	0	0	23	27
57	57	0	0	1	176	2	52	54	0	0	21	23
57	57	0	0	1	177	1	52	0	16
57	57	0	0	1	178	2	52	54	0	0	18	29
57	57	0	0	1	179	1	53	0	29
57	57	0	0	1	180	1	53	0	33
57	57	0	0	1	181	1	54	0	29
57	57	0	0	1	182	2	55	56	0	0	23	15
57	57	0	0	1	183	3	55	56	57	0	0	0	28	21	27
57	57	0	0	1	184	3	57	58	59	0	0	0	26	22	24
57	57	0	0	1	185	3	58	59	61	0	0	0	15	4	23
57	57	0	0	1	186	3	58	59	61	0	0	0	24	27	28
57	57	0	0	1	187	2	60	62	0	0	26	23
57	57	0	0	1	188	2	60	62	0	0	25	27
57	57	0	0	1	189	1	60	0	23
57	57	0	0	1	190	1	60	0	23
57	57	0	0	1	191	1	61	0	24
57	57	0	0	1	192	2	61	62	0	0	23	23
57	57	0	0	1	193	1	61	0	24
57	57	0	0	1	194	2	61	62	0	0	21	27
57	57	0	0	1	195	1	62	0	26
57	57	0	0	1	196	2	63	67	0	0	23	25
57	57	0	0	1	197	2	63	64	0	0	28	27
57	57	0	0	1	198	1	64	0	24
57	57	0	0	1	199	1	64	0	23
57	57	0	0	1	200	1	64	0	25
57	57	0	0	1	201	2	65	66	0	0	24	23
57	57	0	0	1	202	2	65	66	0	0	25	26
57	57	0	0	1	203	2	65	66	0	0	29	27
57	57	0	0	1	204	3	65	66	67	0	0	0	24	25	21
57	57	0	0	1	205	1	67	0	17
57	57	0	0	1	206	1	67	0	17
57	57	0	0	1	207	1	67	0	20
57	57	0	0	1	208	0
57	57	0	0	1	209	3	68	69	70	0	0	0	24	27	26
57	57	0	0	1	210	1	71	0	20
57	57	0	0	1	211	1	71	0	4
57	57	0	0	1	212	1	71	0	24
57	57	0	0	1	213	1	71	0	23
57	57	0	0	1	214	1	71	0	28
57	57	0	0	1	215	0
57	57	0	0	1	216	1	71	0	23
57	57	0	0	1	217	1	71	0	26
57	57	0	0	1	218	1	71	0	23
57	57	0	0	1	219	2	72	73	0	0	20	21
57	57	0	0	1	220	1	73	0	22
57	57	0	0	1	221	1	73	0	22
57	57	0	0	1	222	1	73	0	23
57	57	0	0	1	223	1	73	0	27
57	57	0	0	1	224	1	73	0	25
57	57	0	0	1	225	2	73	76	0	0	17	23
57	57	0	0	1	226	4	73	76	77	78	0	0	0	0	22	26	25	24
57	57	0	0	1	227	4	73	76	77	78	0	0	0	0	22	28	27	24
57	57	0	0	1	228	4	73	76	77	78	0	0	0	0	21	26	28	24
57	57	0	0	1	229	3	73	74	78	0	0	0	21	28	26
57	57	0	0	1	230	5	73	74	76	77	78	0	0	0	0	0	17	20	29	26	27
57	57	0	0	1	231	3	73	74	78	0	0	0	29	22	26
57	57	0	0	1	232	2	74	79	0	0	28	27
57	57	0	0	1	233	1	74	0	21
57	57	0	0	1	234	1	74	0	22
57	57	0	0	1	235	2	74	79	0	0	17	25
57	57	0	0	1	236	1	75	0	26
57	57	0	0	1	237	2	75	80	0	1	29	24
57	57	0	0	1	238	1	75	0	22
57	57	0	0	1	239	1	75	0	27
57	57	0	0	1	240	1	75	0	25
57	57	0	0	1	241	1	75	0	26
57	57	0	0	1	242	1	75	0	23
57	57	0	0	1	243	1	75	0	20
57	57	0	0	1	244	2	75	79	0	0	26	31
57	57	0	0	1	245	3	75	78	79	0	0	0	28	19	29
57	57	0	0	1	246	3	76	77	79	0	0	0	29	28	28
57	57	0	0	1	247	2	76	77	0	0	27	27
57	57	0	0	1	248	1	76	0	30
57	57	0	0	1	249	4	76	77	81	82	0	0	0	0	28	29	28	25
57	57	0	0	1	250	2	76	77	0	0	21	21
57	57	0	0	1	251	2	76	77	0	0	24	25
57	57	0	0	1	252	3	76	77	78	0	0	0	24	22	25
57	57	0	0	1	253	3	76	77	78	0	0	0	11	27	11
57	57	0	0	1	254	3	76	77	78	0	0	0	30	29	32
57	57	0	0	1	255	4	76	77	78	82	0	0	0	0	22	24	24	30
57	57	0	0	1	256	4	77	78	81	82	0	0	0	0	27	24	27	25
57	57	0	0	1	257	1	78	0	21
57	57	0	0	1	258	2	78	79	0	0	18	27
57	57	0	0	1	259	1	79	0	19
57	57	0	0	1	260	1	79	0	31
57	57	0	0	1	261	1	79	0	28
57	57	0	0	1	262	1	79	0	28
57	57	0	0	1	263	1	79	0	26
57	57	0	0	1	264	1	79	0	15
57	57	0	0	1	265	1	79	0	29
57	57	0	0	1	266	2	80	83	1	0	22	32
57	57	0	0	1	267	1	80	0	28
57	57	0	0	1	268	1	80	1	29
57	57	0	0	1	269	1	80	1	24
57	57	0	0	1	270	2	81	82	0	0	28	27
57	57	0	0	1	271	3	81	82	84	0	0	0	22	25	20
57	57	0	0	1	272	3	82	84	85	0	0	0	25	25	24
57	57	0	0	1	273	2	84	85	0	0	27	29
57	57	0	0	1	274	3	87	88	89	0	0	0	30	34	33
57	57	0	0	1	275	2	89	94	0	0	25	25
57	57	0	0	1	276	2	89	90	0	0	23	28
57	57	0	0	1	277	2	91	92	0	0	24	27
57	57	0	0	1	278	2	91	92	0	0	25	26
57	57	0	0	1	279	4	97	98	99	100	0	0	0	0	25	24	31	19
57	57	0	0	1	280	2	99	100	0	0	27	27
57	57	0	0	1	281	2	99	100	0	0	31	25
