47	47	0	0	1	1	2	7	0	0	0
47	47	0	0	1	2	3	3	0	0	0
47	47	0	0	1	3	4	2	0	0	0
47	47	0	0	1	5	6	5	0	0	0
47	47	0	0	1	7	8	1	0	0	0
47	47	0	0	1	10	11	7	0	0	0
47	47	0	0	1	12	13	2	0	0	0
47	47	0	0	1	15	16	1	0	0	0
47	47	0	0	1	16	17	1	0	0	0
47	47	0	0	1	17	18	3	0	0	0
47	47	0	0	1	18	19	2	0	0	0
47	47	0	0	1	20	21	3	0	0	0
47	47	0	0	1	22	23	6	0	0	0
47	47	0	0	1	23	24	1	0	0	0
47	47	0	0	1	25	26	3	0	0	0
47	47	0	0	1	26	27	2	0	0	0
47	47	0	0	1	27	28	2	0	0	0
47	47	0	0	1	28	29	3	0	0	0
47	47	0	0	1	30	31	1	1	0	0
47	47	0	0	1	32	33	0	0	1	0
47	47	0	0	1	35	36	2	0	0	0
47	47	0	0	1	38	39	1	0	0	0
47	47	0	0	1	39	40	3	0	4	0
47	47	0	0	1	40	41	1	0	0	0
47	47	0	0	1	42	43	2	0	0	0
47	47	0	0	1	45	46	1	0	0	0
47	47	0	0	1	46	47	2	0	0	0
47	47	0	0	1	47	48	1	0	0	0
47	47	0	0	1	49	50	1	0	0	0
47	47	0	0	1	51	52	1	0	0	0
47	47	0	0	1	53	54	1	0	0	0
47	47	0	0	1	54	55	1	0	0	0
47	47	0	0	1	55	56	1	0	0	0
47	47	0	0	1	57	58	4	0	0	0
47	47	0	0	1	58	59	2	0	0	0
47	47	0	0	1	61	62	1	0	0	0
47	47	0	0	1	62	63	1	0	0	0
47	47	0	0	1	63	64	4	0	0	0
47	47	0	0	1	65	66	3	0	0	0
47	47	0	0	1	68	69	1	0	0	0
47	47	0	0	1	69	70	1	0	0	0
47	47	0	0	1	72	73	7	0	0	0
47	47	0	0	1	73	74	4	0	0	0
47	47	0	0	1	76	77	4	0	0	0
47	47	0	0	1	78	79	1	0	0	0
47	47	0	0	1	79	80	0	3	0	0
47	47	0	0	1	80	81	0	0	2	0
47	47	0	0	1	84	85	2	0	1	0
47	47	0	0	1	86	87	2	0	0	0
47	47	0	0	1	88	89	2	0	0	0
47	47	0	0	1	91	92	1	0	0	0
47	47	0	0	1	94	95	1	0	0	0
47	47	0	0	1	96	97	3	0	0	0
47	47	0	0	1	97	98	1	0	0	0
47	47	0	0	1	98	99	3	0	0	0
47	47	0	0	1	99	100	2	0	0	0
