90	90	0	0	1	1	2	7	0	0	0
90	90	0	0	1	3	4	4	0	0	0
90	90	0	0	1	5	6	5	0	0	0
90	90	0	0	1	7	8	0	5	0	0
90	90	0	0	1	10	11	4	0	0	0
90	90	0	0	1	11	12	3	0	0	0
90	90	0	0	1	12	13	3	0	0	0
90	90	0	0	1	13	14	1	0	0	0
90	90	0	0	1	15	16	0	2	0	0
90	90	0	0	1	16	17	0	0	5	0
90	90	0	0	1	17	18	6	0	0	0
90	90	0	0	1	18	19	9	0	0	0
90	90	0	0	1	20	21	4	0	0	0
90	90	0	0	1	22	23	2	0	0	0
90	90	0	0	1	23	24	3	0	0	0
90	90	0	0	1	25	26	2	0	0	0
90	90	0	0	1	26	27	1	0	0	0
90	90	0	0	1	27	28	2	0	0	0
90	90	0	0	1	28	29	1	0	0	0
90	90	0	0	1	29	30	1	0	0	0
90	90	0	0	1	30	31	2	0	0	0
90	90	0	0	1	32	33	4	0	0	0
90	90	0	0	1	33	34	1	0	0	0
90	90	0	0	1	34	35	1	0	0	0
90	90	0	0	1	35	36	3	0	0	0
90	90	0	0	1	39	40	0	0	1	0
90	90	0	0	1	40	41	1	0	0	0
90	90	0	0	1	45	46	0	0	1	0
90	90	0	0	1	46	47	1	0	0	0
90	90	0	0	1	47	48	3	0	0	0
90	90	0	0	1	52	53	1	0	0	0
90	90	0	0	1	55	56	8	0	0	0
90	90	0	0	1	56	57	2	0	0	0
90	90	0	0	1	58	59	10	0	0	0
90	90	0	0	1	61	62	3	0	0	0
90	90	0	0	1	62	63	1	0	0	0
90	90	0	0	1	63	64	5	0	0	0
90	90	0	0	1	65	66	1	0	0	0
90	90	0	0	1	66	67	2	0	0	0
90	90	0	0	1	68	69	1	0	0	0
90	90	0	0	1	69	70	6	0	0	0
90	90	0	0	1	70	71	1	0	0	0
90	90	0	0	1	72	73	2	0	0	0
90	90	0	0	1	73	74	3	0	0	0
90	90	0	0	1	76	77	7	0	0	0
90	90	0	0	1	77	78	5	0	0	0
90	90	0	0	1	80	81	0	0	1	0
90	90	0	0	1	81	82	1	0	0	0
90	90	0	0	1	84	85	2	0	0	0
90	90	0	0	1	85	86	3	0	0	0
90	90	0	0	1	87	88	1	0	0	0
90	90	0	0	1	89	90	1	0	0	0
90	90	0	0	1	92	93	1	0	0	0
90	90	0	0	1	94	95	2	0	0	0
90	90	0	0	1	97	98	1	0	0	0
90	90	0	0	1	98	99	2	0	0	0
