47	47	0	0	1	1	2	6	0	0	0
47	47	0	0	1	2	3	3	0	0	0
47	47	0	0	1	3	4	2	0	0	0
47	47	0	0	1	5	6	5	0	0	0
47	47	0	0	1	7	8	1	0	0	0
47	47	0	0	1	10	11	2	0	0	0
47	47	0	0	1	11	12	5	0	0	0
47	47	0	0	1	13	14	2	0	0	0
47	47	0	0	1	16	17	1	0	0	0
47	47	0	0	1	17	18	3	0	0	0
47	47	0	0	1	18	19	1	0	0	0
47	47	0	0	1	19	20	1	0	0	0
47	47	0	0	1	20	21	2	0	0	0
47	47	0	0	1	22	23	1	0	0	0
47	47	0	0	1	23	24	6	0	0	0
47	47	0	0	1	25	26	1	0	0	0
47	47	0	0	1	26	27	2	0	0	0
47	47	0	0	1	27	28	2	0	0	0
47	47	0	0	1	28	29	3	0	0	0
47	47	0	0	1	29	30	1	0	0	0
47	47	0	0	1	30	31	1	1	0	0
47	47	0	0	1	33	34	1	0	0	0
47	47	0	0	1	35	36	2	0	0	0
47	47	0	0	1	39	40	3	0	1	0
47	47	0	0	1	40	41	4	0	0	0
47	47	0	0	1	42	43	2	0	0	0
47	47	0	0	1	45	46	1	0	0	0
47	47	0	0	1	47	48	3	0	0	0
47	47	0	0	1	49	50	1	0	0	0
47	47	0	0	1	52	53	1	0	0	0
47	47	0	0	1	53	54	1	0	0	0
47	47	0	0	1	55	56	2	0	0	0
47	47	0	0	1	57	58	1	0	0	0
47	47	0	0	1	58	59	5	0	0	0
47	47	0	0	1	61	62	1	0	0	0
47	47	0	0	1	63	64	5	0	0	0
47	47	0	0	1	65	66	1	0	0	0
47	47	0	0	1	66	67	2	0	0	0
47	47	0	0	1	69	70	1	0	0	0
47	47	0	0	1	70	71	1	0	0	0
47	47	0	0	1	72	73	4	0	0	0
47	47	0	0	1	73	74	7	0	0	0
47	47	0	0	1	76	77	3	0	0	0
47	47	0	0	1	77	78	1	0	0	0
47	47	0	0	1	78	79	1	0	0	0
47	47	0	0	1	79	80	0	3	0	0
47	47	0	0	1	80	81	0	0	2	0
47	47	0	0	1	84	85	2	0	0	0
47	47	0	0	1	85	86	1	0	0	0
47	47	0	0	1	87	88	2	0	0	0
47	47	0	0	1	88	89	2	0	0	0
47	47	0	0	1	92	93	1	0	0	0
47	47	0	0	1	94	95	1	0	0	0
47	47	0	0	1	97	98	3	0	0	0
47	47	0	0	1	98	99	1	0	0	0
47	47	0	0	1	99	100	4	0	0	0
