98	98	0	0	1	1	2	1	0	0	0
98	98	0	0	1	3	4	1	0	0	0
98	98	0	0	1	5	6	2	0	0	0
98	98	0	0	1	7	8	3	0	0	0
98	98	0	0	1	12	13	2	0	0	0
98	98	0	0	1	13	14	1	0	0	0
98	98	0	0	1	17	18	3	0	0	0
98	98	0	0	1	18	19	6	0	0	0
98	98	0	0	1	19	20	1	0	0	0
98	98	0	0	1	20	21	2	0	0	0
98	98	0	0	1	22	23	3	0	0	0
98	98	0	0	1	23	24	4	0	0	0
98	98	0	0	1	25	26	1	0	0	0
98	98	0	0	1	27	28	1	0	0	0
98	98	0	0	1	28	29	1	0	0	0
98	98	0	0	1	30	31	1	0	0	0
98	98	0	0	1	32	33	1	0	0	0
98	98	0	0	1	33	34	1	0	0	0
98	98	0	0	1	34	35	1	0	0	0
98	98	0	0	1	39	40	0	0	2	0
98	98	0	0	1	40	41	1	0	0	0
98	98	0	0	1	44	45	0	1	0	0
98	98	0	0	1	45	46	1	0	1	0
98	98	0	0	1	46	47	1	0	0	0
98	98	0	0	1	47	48	1	0	0	0
98	98	0	0	1	55	56	7	0	0	0
98	98	0	0	1	58	59	2	0	0	0
98	98	0	0	1	61	62	1	0	0	0
98	98	0	0	1	64	65	1	0	0	0
98	98	0	0	1	66	67	3	0	0	0
98	98	0	0	1	68	69	1	0	0	0
98	98	0	0	1	69	70	4	0	0	0
98	98	0	0	1	73	74	3	0	0	0
98	98	0	0	1	76	77	3	0	0	0
98	98	0	0	1	77	78	1	0	0	0
98	98	0	0	1	81	82	4	0	0	0
98	98	0	0	1	84	85	1	0	0	0
98	98	0	0	1	86	87	2	0	0	0
98	98	0	0	1	87	88	2	1	0	0
98	98	0	0	1	89	90	1	0	0	0
98	98	0	0	1	91	92	3	0	0	0
98	98	0	0	1	94	95	1	0	0	0
98	98	0	0	1	95	96	1	0	0	0
98	98	0	0	1	97	98	2	0	0	0
98	98	0	0	1	99	100	1	0	0	0
