56	56	0	0	1	1	2	2	0	0	0
56	56	0	0	1	3	4	1	0	0	0
56	56	0	0	1	7	8	1	2	0	0
56	56	0	0	1	10	11	2	0	0	0
56	56	0	0	1	11	12	4	0	0	0
56	56	0	0	1	13	14	3	0	0	0
56	56	0	0	1	17	18	4	0	0	0
56	56	0	0	1	18	19	1	0	0	0
56	56	0	0	1	19	20	3	0	0	0
56	56	0	0	1	20	21	1	0	0	0
56	56	0	0	1	22	23	1	0	0	0
56	56	0	0	1	26	27	1	0	0	0
56	56	0	0	1	32	33	1	0	0	0
56	56	0	0	1	33	34	1	0	0	0
56	56	0	0	1	39	40	0	0	3	0
56	56	0	0	1	40	41	2	0	0	0
56	56	0	0	1	45	46	0	0	2	0
56	56	0	0	1	47	48	1	0	0	0
56	56	0	0	1	55	56	2	0	0	0
56	56	0	0	1	58	59	2	0	0	0
56	56	0	0	1	61	62	4	0	0	0
56	56	0	0	1	63	64	4	0	0	0
56	56	0	0	1	65	66	1	1	0	0
56	56	0	0	1	66	67	4	0	0	0
56	56	0	0	1	69	70	2	0	0	0
56	56	0	0	1	70	71	1	0	0	0
56	56	0	0	1	73	74	3	0	0	0
56	56	0	0	1	76	77	2	0	0	0
56	56	0	0	1	77	78	2	0	0	0
56	56	0	0	1	79	80	0	1	0	0
56	56	0	0	1	81	82	3	0	0	0
56	56	0	0	1	84	85	0	0	1	0
56	56	0	0	1	85	86	1	0	0	0
56	56	0	0	1	88	89	1	0	0	0
56	56	0	0	1	89	90	1	0	0	0
56	56	0	0	1	92	93	1	0	0	0
56	56	0	0	1	94	95	0	0	2	0
56	56	0	0	1	96	97	1	0	0	0
56	56	0	0	1	98	99	1	0	0	0
