58	58	0	0	1	1	2	1	2	0	0	36	36
58	58	0	0	1	2	8	1	2	3	4	5	6	7	8	0	0	0	0	0	0	0	1	40	44	43	33	41	39	41	42
58	58	0	0	1	3	6	1	2	3	4	5	6	0	0	0	0	0	0	32	33	38	34	27	27
58	58	0	0	1	4	2	2	4	0	0	24	35
58	58	0	0	1	5	8	1	2	3	4	5	6	7	8	0	0	0	0	0	0	0	1	39	38	38	23	40	32	41	43
58	58	0	0	1	6	3	1	3	4	0	0	0	15	39	39
58	58	0	0	1	7	3	1	3	4	0	0	0	26	34	37
58	58	0	0	1	8	3	1	3	4	0	0	0	35	22	36
58	58	0	0	1	9	2	1	2	0	0	31	12
58	58	0	0	1	10	4	3	4	5	6	0	0	0	0	39	25	34	32
58	58	0	0	1	11	4	3	4	5	6	0	0	0	0	39	5	14	10
58	58	0	0	1	12	4	3	4	5	6	0	0	0	0	27	28	31	29
58	58	0	0	1	13	3	5	6	7	0	0	0	29	25	35
58	58	0	0	1	14	2	6	7	0	0	28	29
58	58	0	0	1	15	1	9	0	38
58	58	0	0	1	16	5	10	11	12	13	14	0	0	0	0	0	34	37	40	43	40
58	58	0	0	1	17	5	10	11	12	13	14	0	0	0	0	0	40	31	44	42	39
58	58	0	0	1	18	5	10	11	12	13	14	0	0	0	0	0	38	29	42	34	41
58	58	0	0	1	19	2	10	11	0	0	35	34
58	58	0	0	1	20	2	10	11	0	0	27	30
58	58	0	0	1	21	3	11	12	13	0	0	0	35	19	26
58	58	0	0	1	22	2	12	13	0	0	9	22
58	58	0	0	1	23	2	12	13	0	0	26	25
58	58	0	0	1	24	1	13	0	17
58	58	0	0	1	25	3	14	15	16	0	0	1	40	24	28
58	58	0	0	1	26	1	14	0	33
58	58	0	0	1	27	1	14	0	14
58	58	0	0	1	28	1	14	0	31
58	58	0	0	1	29	5	15	16	17	18	19	0	0	0	0	0	37	34	22	41	41
58	58	0	0	1	30	1	16	1	31
58	58	0	0	1	31	1	16	1	27
58	58	0	0	1	32	6	16	17	18	19	20	21	0	0	0	0	0	0	23	21	41	43	42	42
58	58	0	0	1	33	2	17	18	0	0	33	30
58	58	0	0	1	34	2	17	18	0	0	14	28
58	58	0	0	1	35	1	18	0	32
58	58	0	0	1	36	1	18	0	22
58	58	0	0	1	37	1	18	0	34
58	58	0	0	1	38	2	18	19	0	0	33	36
58	58	0	0	1	39	2	18	19	0	0	28	36
58	58	0	0	1	40	5	20	21	22	23	24	0	0	0	0	0	40	26	38	32	34
58	58	0	0	1	41	2	20	21	0	0	32	35
58	58	0	0	1	42	1	21	0	32
58	58	0	0	1	43	1	21	0	33
58	58	0	0	1	44	6	22	23	24	25	26	27	0	0	0	0	0	0	44	43	43	22	29	31
58	58	0	0	1	45	12	22	23	24	25	26	27	28	29	30	31	32	33	0	0	0	0	0	0	0	0	0	1	1	0	41	42	43	39	41	40	36	32	32	29	31	32
58	58	0	0	1	46	3	22	23	24	0	0	0	27	28	29
58	58	0	0	1	47	13	22	23	24	25	26	27	28	29	30	31	32	33	34	0	0	0	0	0	0	0	0	0	1	1	0	0	44	42	40	39	40	43	42	34	39	44	38	38	35
58	58	0	0	1	48	3	22	23	24	0	0	0	23	30	33
58	58	0	0	1	49	1	25	0	33
58	58	0	0	1	50	5	25	26	27	28	29	0	0	0	0	0	33	27	28	22	30
58	58	0	0	1	51	1	25	0	33
58	58	0	0	1	52	12	25	26	27	28	29	30	31	32	33	34	35	36	0	0	0	0	0	0	1	1	0	0	0	0	41	41	39	43	35	38	45	35	37	38	42	33
58	58	0	0	1	53	4	25	27	28	29	0	0	0	0	32	21	24	31
58	58	0	0	1	54	1	25	0	30
58	58	0	0	1	55	2	26	27	0	0	33	33
58	58	0	0	1	56	4	26	27	28	29	0	0	0	0	28	29	25	33
58	58	0	0	1	57	4	26	27	28	29	0	0	0	0	24	25	35	15
58	58	0	0	1	58	9	27	28	29	30	31	32	33	34	35	0	0	0	0	1	1	0	0	0	29	19	25	33	31	41	42	30	38
58	58	0	0	1	59	9	28	29	30	31	32	33	34	35	36	0	0	0	0	0	0	0	0	0	29	33	27	35	45	42	36	36	43
58	58	0	0	1	60	3	31	32	33	0	0	0	30	36	36
58	58	0	0	1	61	1	32	1	36
58	58	0	0	1	62	2	32	33	1	0	33	27
58	58	0	0	1	63	1	34	0	16
58	58	0	0	1	64	1	34	0	25
58	58	0	0	1	65	1	34	0	33
58	58	0	0	1	66	1	35	0	33
58	58	0	0	1	67	1	35	0	35
58	58	0	0	1	68	1	36	0	28
58	58	0	0	1	69	1	36	0	34
58	58	0	0	1	70	1	36	0	30
58	58	0	0	1	71	2	37	38	1	0	35	35
58	58	0	0	1	72	1	38	0	39
58	58	0	0	1	73	1	39	1	35
58	58	0	0	1	74	2	39	40	1	0	36	36
58	58	0	0	1	75	3	39	40	41	1	0	0	30	33	22
58	58	0	0	1	76	1	41	0	29
58	58	0	0	1	77	1	42	0	35
58	58	0	0	1	78	1	42	0	31
58	58	0	0	1	79	1	43	0	40
58	58	0	0	1	80	1	43	0	30
58	58	0	0	1	81	3	44	47	48	0	0	0	31	26	34
58	58	0	0	1	82	3	44	47	48	0	0	0	33	29	35
58	58	0	0	1	83	10	44	45	46	47	48	49	50	51	52	53	0	1	0	0	0	0	0	0	0	0	34	33	32	32	40	37	32	30	39	40
58	58	0	0	1	84	1	45	0	35
58	58	0	0	1	85	3	46	47	48	0	0	0	32	33	16
58	58	0	0	1	86	6	49	50	51	52	53	54	0	0	0	0	0	0	35	41	28	42	40	43
58	58	0	0	1	87	2	49	51	0	0	32	36
58	58	0	0	1	88	1	49	0	30
58	58	0	0	1	89	1	49	0	16
58	58	0	0	1	90	2	49	51	0	0	32	27
58	58	0	0	1	91	1	50	0	36
58	58	0	0	1	92	0
58	58	0	0	1	93	2	50	51	0	0	13	38
58	58	0	0	1	94	1	50	0	26
58	58	0	0	1	95	1	51	0	36
58	58	0	0	1	96	9	54	55	56	57	58	59	60	61	62	0	0	0	0	0	0	0	0	0	33	43	39	42	33	38	39	36	39
58	58	0	0	1	97	4	54	55	56	57	0	0	0	0	28	42	38	39
58	58	0	0	1	98	1	54	0	36
58	58	0	0	1	99	1	54	0	24
58	58	0	0	1	100	8	55	56	57	58	59	60	61	62	0	0	0	0	0	0	0	0	39	35	40	37	36	39	42	41
58	58	0	0	1	101	10	55	56	57	58	59	60	61	62	63	64	0	0	0	0	0	0	0	0	0	0	40	35	37	45	40	39	43	39	42	38
58	58	0	0	1	102	10	55	56	57	58	59	60	61	62	63	64	0	0	0	0	0	0	0	0	0	0	33	22	31	32	37	34	37	40	44	38
58	58	0	0	1	103	3	57	58	59	0	0	0	33	34	33
58	58	0	0	1	104	1	60	0	43
58	58	0	0	1	105	8	60	61	62	63	64	65	66	67	0	0	0	0	0	0	0	0	46	46	43	38	41	34	31	17
58	58	0	0	1	106	1	62	0	33
58	58	0	0	1	107	1	62	0	37
58	58	0	0	1	108	4	63	64	65	66	0	0	0	0	36	17	31	28
58	58	0	0	1	109	2	63	64	0	0	30	32
58	58	0	0	1	110	3	65	66	67	0	0	0	36	37	19
58	58	0	0	1	111	3	65	66	67	0	0	0	35	31	31
58	58	0	0	1	112	2	68	71	0	0	23	32
58	58	0	0	1	113	3	68	69	70	0	0	0	31	31	31
58	58	0	0	1	114	3	68	69	70	0	0	0	30	31	27
58	58	0	0	1	115	1	71	0	37
58	58	0	0	1	116	4	71	72	73	74	0	0	0	0	41	27	38	40
58	58	0	0	1	117	1	72	0	6
58	58	0	0	1	118	10	73	74	75	76	77	78	79	80	81	82	0	0	0	0	0	0	0	1	0	0	41	43	40	41	42	42	37	43	37	41
58	58	0	0	1	119	1	73	0	28
58	58	0	0	1	120	1	74	1	13
58	58	0	0	1	121	9	75	76	77	78	79	80	81	82	83	0	0	0	0	0	1	0	0	0	31	38	42	43	24	43	30	40	35
58	58	0	0	1	122	2	75	78	0	0	32	20
58	58	0	0	1	123	3	75	76	77	0	0	0	33	32	32
58	58	0	0	1	124	1	75	0	37
58	58	0	0	1	125	2	75	78	0	0	30	25
58	58	0	0	1	126	14	76	77	78	79	80	81	82	83	85	86	87	88	89	90	0	0	0	0	1	0	0	0	0	0	0	0	0	0	36	37	42	36	40	42	44	29	42	26	22	26	22	28
58	58	0	0	1	127	3	76	77	78	0	0	0	30	33	11
58	58	0	0	1	128	2	78	80	0	1	37	32
58	58	0	0	1	129	1	78	0	29
58	58	0	0	1	130	1	79	0	35
58	58	0	0	1	131	1	79	0	25
58	58	0	0	1	132	2	81	82	0	0	29	22
58	58	0	0	1	133	2	83	85	0	0	36	32
58	58	0	0	1	134	1	83	0	32
58	58	0	0	1	135	2	84	85	1	0	31	29
58	58	0	0	1	136	2	84	85	1	0	33	30
58	58	0	0	1	137	15	86	87	88	89	90	91	92	93	94	95	96	97	98	99	100	0	0	0	0	0	0	0	0	1	0	0	0	0	0	0	30	29	21	31	39	40	43	37	35	40	34	35	35	41	40
58	58	0	0	1	138	4	86	87	88	91	0	0	0	0	24	27	17	32
58	58	0	0	1	139	4	86	87	88	89	0	0	0	0	27	25	27	36
58	58	0	0	1	140	1	89	0	33
58	58	0	0	1	141	1	90	0	35
58	58	0	0	1	142	1	90	0	34
58	58	0	0	1	143	1	90	0	36
58	58	0	0	1	144	4	91	92	94	95	0	0	0	0	33	38	35	32
58	58	0	0	1	145	3	94	95	96	0	0	0	35	35	33
58	58	0	0	1	146	4	96	98	99	100	0	0	0	0	19	32	42	32
58	58	0	0	1	147	2	97	98	0	0	33	35
58	58	0	0	1	148	3	98	99	100	0	0	0	42	27	33
