87	87	0	0	1	1	2	6	0	0	0
87	87	0	0	1	3	4	5	0	0	0
87	87	0	0	1	5	6	3	0	0	0
87	87	0	0	1	10	11	6	0	0	0
87	87	0	0	1	12	13	3	0	2	0
87	87	0	0	1	14	15	1	0	0	0
87	87	0	0	1	15	16	0	2	0	0
87	87	0	0	1	16	17	0	0	1	0
87	87	0	0	1	17	18	1	0	0	0
87	87	0	0	1	18	19	1	0	0	0
87	87	0	0	1	19	20	1	0	0	0
87	87	0	0	1	20	21	2	0	0	0
87	87	0	0	1	22	23	5	0	0	0
87	87	0	0	1	24	25	1	0	0	0
87	87	0	0	1	25	26	1	0	0	0
87	87	0	0	1	26	27	1	0	0	0
87	87	0	0	1	27	28	1	0	0	0
87	87	0	0	1	28	29	1	0	0	0
87	87	0	0	1	29	30	1	0	0	0
87	87	0	0	1	30	31	1	0	0	0
87	87	0	0	1	31	32	2	0	0	0
87	87	0	0	1	32	33	2	0	0	0
87	87	0	0	1	33	34	2	0	0	0
87	87	0	0	1	34	35	1	0	0	0
87	87	0	0	1	35	36	1	0	2	0
87	87	0	0	1	36	37	1	2	0	0
87	87	0	0	1	37	38	0	2	0	0
87	87	0	0	1	38	39	0	1	1	0
87	87	0	0	1	39	40	0	0	3	0
87	87	0	0	1	40	41	2	0	0	0
87	87	0	0	1	41	42	1	0	0	0
87	87	0	0	1	42	43	2	0	0	0
87	87	0	0	1	44	45	0	4	0	0
87	87	0	0	1	46	47	2	0	0	0
87	87	0	0	1	48	49	1	0	0	0
87	87	0	0	1	49	50	1	0	0	0
87	87	0	0	1	50	51	2	0	0	0
87	87	0	0	1	51	52	1	0	0	0
87	87	0	0	1	52	53	1	0	0	0
87	87	0	0	1	55	56	2	0	0	0
87	87	0	0	1	57	58	0	0	3	0
87	87	0	0	1	58	59	1	0	0	0
87	87	0	0	1	59	60	1	0	0	0
87	87	0	0	1	60	61	2	0	0	0
87	87	0	0	1	61	62	1	0	0	0
87	87	0	0	1	64	65	1	0	0	0
87	87	0	0	1	65	66	3	0	0	0
87	87	0	0	1	66	67	1	0	0	0
87	87	0	0	1	68	69	3	0	0	0
87	87	0	0	1	70	71	2	0	0	0
87	87	0	0	1	71	72	1	0	0	0
87	87	0	0	1	73	74	1	0	0	0
87	87	0	0	1	75	76	1	0	0	0
87	87	0	0	1	76	77	1	0	0	0
87	87	0	0	1	77	78	1	0	0	0
87	87	0	0	1	78	79	1	0	0	0
87	87	0	0	1	79	80	0	1	0	0
87	87	0	0	1	80	81	0	0	2	0
87	87	0	0	1	81	82	1	0	0	0
87	87	0	0	1	82	83	1	0	0	0
87	87	0	0	1	83	84	2	0	0	0
87	87	0	0	1	84	85	1	0	0	0
87	87	0	0	1	85	86	1	0	0	0
87	87	0	0	1	87	88	1	0	0	0
87	87	0	0	1	89	90	1	0	0	0
87	87	0	0	1	90	91	3	0	0	0
87	87	0	0	1	91	92	2	0	0	0
87	87	0	0	1	92	93	3	0	0	0
87	87	0	0	1	93	94	2	0	0	0
87	87	0	0	1	94	95	4	0	0	0
87	87	0	0	1	96	97	4	0	0	0
87	87	0	0	1	98	99	4	0	0	0
