45	45	0	0	1	1	1	1	0	36
45	45	0	0	1	2	4	1	2	7	8	0	0	0	0	40	39	43	32
45	45	0	0	1	3	2	1	2	0	0	44	42
45	45	0	0	1	4	2	1	2	0	0	42	42
45	45	0	0	1	5	8	1	1	2	2	3	3	4	4	0	0	0	0	0	0	0	0	43	42	40	43	42	40	38	41
45	45	0	0	1	6	4	1	2	3	4	0	0	0	0	42	43	41	43
45	45	0	0	1	7	4	1	2	3	4	0	0	0	0	38	39	42	43
45	45	0	0	1	8	2	3	4	0	0	42	44
45	45	0	0	1	9	2	3	4	0	0	42	43
45	45	0	0	1	10	2	3	4	0	0	27	35
45	45	0	0	1	11	3	3	4	5	0	0	0	41	43	38
45	45	0	0	1	12	2	5	6	0	0	42	40
45	45	0	0	1	13	2	5	6	0	0	40	41
45	45	0	0	1	14	2	5	6	0	0	29	25
45	45	0	0	1	15	2	5	6	0	0	41	41
45	45	0	0	1	16	2	5	6	0	0	36	41
45	45	0	0	1	17	2	6	9	0	0	41	30
45	45	0	0	1	18	2	7	9	0	0	36	41
45	45	0	0	1	19	2	7	9	0	0	39	38
45	45	0	0	1	20	2	7	8	0	0	42	21
45	45	0	0	1	21	2	7	8	0	0	42	33
45	45	0	0	1	22	2	7	8	0	0	42	42
45	45	0	0	1	23	2	7	8	0	1	32	37
45	45	0	0	1	24	2	7	8	0	0	2	16
45	45	0	0	1	25	1	9	0	38
45	45	0	0	1	26	3	9	10	11	0	0	0	42	43	43
45	45	0	0	1	27	2	10	11	0	0	42	42
45	45	0	0	1	28	3	10	11	12	0	0	0	43	43	41
45	45	0	0	1	29	4	10	11	12	13	0	0	0	0	43	43	41	36
45	45	0	0	1	30	4	10	11	12	13	0	0	0	0	40	43	42	42
45	45	0	0	1	31	3	10	11	12	0	0	0	31	33	27
45	45	0	0	1	32	2	12	13	0	0	40	43
45	45	0	0	1	33	2	12	13	0	0	39	42
45	45	0	0	1	34	2	12	13	0	0	37	40
45	45	0	0	1	35	1	13	0	40
45	45	0	0	1	36	1	14	0	39
45	45	0	0	1	37	2	14	15	0	0	36	41
45	45	0	0	1	38	1	14	0	40
45	45	0	0	1	39	2	14	15	0	0	32	41
45	45	0	0	1	40	1	15	0	42
45	45	0	0	1	41	1	15	0	41
45	45	0	0	1	42	3	15	16	19	0	0	0	42	40	35
45	45	0	0	1	43	3	15	16	20	0	1	0	41	41	42
45	45	0	0	1	44	4	15	16	20	21	0	1	0	0	42	33	42	42
45	45	0	0	1	45	2	15	16	0	0	40	32
45	45	0	0	1	46	3	16	20	21	1	0	0	43	42	38
45	45	0	0	1	47	1	16	1	42
45	45	0	0	1	48	3	16	18	19	1	0	0	42	42	42
45	45	0	0	1	49	3	16	20	21	1	0	0	41	42	44
45	45	0	0	1	50	3	16	20	21	1	0	0	40	42	43
45	45	0	0	1	51	2	17	18	0	0	43	24
45	45	0	0	1	52	2	17	18	0	0	31	36
45	45	0	0	1	53	3	17	18	19	0	0	0	42	30	38
45	45	0	0	1	54	3	17	18	19	0	0	0	41	33	42
45	45	0	0	1	55	2	18	19	0	0	33	38
45	45	0	0	1	56	2	18	19	0	0	31	38
45	45	0	0	1	57	2	18	19	0	0	38	39
45	45	0	0	1	58	1	19	0	2
45	45	0	0	1	59	1	19	0	38
45	45	0	0	1	60	3	20	20	21	0	0	0	35	36	44
45	45	0	0	1	61	1	20	0	38
45	45	0	0	1	62	4	20	22	23	24	0	0	0	0	43	34	41	32
45	45	0	0	1	63	1	20	0	17
45	45	0	0	1	64	1	20	0	42
45	45	0	0	1	65	1	20	0	40
45	45	0	0	1	66	1	21	0	31
45	45	0	0	1	67	5	22	23	25	26	27	0	0	0	0	0	42	37	43	41	33
45	45	0	0	1	68	3	22	23	24	0	0	0	41	42	37
45	45	0	0	1	69	3	22	23	24	0	0	0	42	43	43
45	45	0	0	1	70	3	22	23	24	0	0	0	30	42	40
45	45	0	0	1	71	3	22	23	24	0	0	0	41	42	37
45	45	0	0	1	72	7	22	23	24	27	28	29	30	0	0	0	0	0	0	0	41	42	42	39	32	40	42
45	45	0	0	1	73	4	22	23	24	31	0	0	0	0	40	41	42	43
45	45	0	0	1	74	4	23	24	30	31	0	0	0	0	36	41	42	43
45	45	0	0	1	75	3	24	30	31	0	0	0	40	43	43
45	45	0	0	1	76	3	24	30	31	0	0	0	39	42	43
45	45	0	0	1	77	1	25	0	42
45	45	0	0	1	78	1	25	0	41
45	45	0	0	1	79	2	25	26	0	0	43	36
45	45	0	0	1	80	2	25	26	0	0	42	36
45	45	0	0	1	81	1	25	0	29
45	45	0	0	1	82	6	25	26	27	28	29	35	0	0	0	0	0	0	24	31	29	31	27	2
45	45	0	0	1	83	5	25	26	27	28	29	0	0	0	0	0	36	30	39	32	41
45	45	0	0	1	84	5	26	27	28	29	34	0	0	0	0	0	43	42	41	33	41
45	45	0	0	1	85	6	26	27	28	29	30	35	0	0	0	0	0	0	40	36	39	31	30	43
45	45	0	0	1	86	6	26	27	28	29	30	35	0	0	0	0	0	0	41	42	41	32	33	42
45	45	0	0	1	87	6	26	27	28	29	30	35	0	0	0	0	0	0	42	43	41	33	31	38
45	45	0	0	1	88	4	28	29	30	31	0	0	0	0	30	21	36	35
45	45	0	0	1	89	5	28	29	30	31	35	0	0	0	0	0	35	27	36	34	40
45	45	0	0	1	90	1	31	0	34
45	45	0	0	1	91	1	32	0	32
45	45	0	0	1	92	2	32	33	0	0	20	29
45	45	0	0	1	93	3	32	33	34	1	0	0	42	42	35
45	45	0	0	1	94	3	32	33	34	1	0	0	37	36	38
45	45	0	0	1	95	3	32	33	34	0	0	0	41	36	43
45	45	0	0	1	96	1	34	0	41
45	45	0	0	1	97	2	34	36	0	0	42	41
45	45	0	0	1	98	2	35	37	0	0	40	27
45	45	0	0	1	99	2	35	38	0	0	42	37
45	45	0	0	1	100	1	35	0	41
45	45	0	0	1	101	1	36	0	33
45	45	0	0	1	102	1	37	0	33
45	45	0	0	1	103	1	37	0	43
45	45	0	0	1	104	1	37	0	43
45	45	0	0	1	105	1	37	0	43
45	45	0	0	1	106	1	37	0	42
45	45	0	0	1	107	1	37	1	40
45	45	0	0	1	108	1	37	1	44
45	45	0	0	1	109	1	37	0	31
45	45	0	0	1	110	1	38	0	38
45	45	0	0	1	111	2	38	42	0	0	42	40
45	45	0	0	1	112	4	38	39	40	41	0	1	0	0	43	37	42	40
45	45	0	0	1	113	1	38	0	41
45	45	0	0	1	114	1	38	0	37
45	45	0	0	1	115	1	38	0	38
45	45	0	0	1	116	3	39	40	43	1	0	0	39	37	43
45	45	0	0	1	117	3	39	40	44	1	0	0	42	42	36
45	45	0	0	1	118	3	39	40	41	1	0	0	44	44	43
45	45	0	0	1	119	3	39	40	41	1	0	0	39	43	43
45	45	0	0	1	120	6	42	43	45	46	47	48	0	0	1	0	0	0	37	36	31	41	31	41
45	45	0	0	1	121	2	42	43	0	0	41	44
45	45	0	0	1	122	2	42	43	0	0	33	44
45	45	0	0	1	123	3	42	43	51	0	0	0	35	43	2
45	45	0	0	1	124	2	42	43	0	0	29	43
45	45	0	0	1	125	3	42	43	50	0	0	0	38	44	42
45	45	0	0	1	126	2	42	43	0	0	38	44
45	45	0	0	1	127	2	42	43	0	0	38	44
45	45	0	0	1	128	2	43	50	0	0	44	42
45	45	0	0	1	129	2	43	51	0	0	38	31
45	45	0	0	1	130	2	44	51	0	0	39	31
45	45	0	0	1	131	2	44	45	0	1	37	41
45	45	0	0	1	132	5	44	45	46	51	52	0	0	0	0	0	43	33	41	34	37
45	45	0	0	1	133	5	44	45	46	51	52	0	1	0	0	0	43	43	42	29	36
45	45	0	0	1	134	6	44	45	46	47	48	52	0	1	0	0	0	0	31	43	43	43	33	43
45	45	0	0	1	135	5	45	46	47	48	52	1	0	0	0	0	42	43	42	34	37
45	45	0	0	1	136	4	45	46	47	48	0	0	0	0	32	42	32	41
45	45	0	0	1	137	3	46	47	48	0	0	0	36	29	43
45	45	0	0	1	138	3	47	48	53	0	0	0	31	27	40
45	45	0	0	1	139	2	48	53	0	0	31	41
45	45	0	0	1	140	2	49	53	0	0	40	42
45	45	0	0	1	141	2	49	53	0	0	27	42
45	45	0	0	1	142	1	49	0	45
45	45	0	0	1	143	3	49	50	54	0	0	0	40	39	41
45	45	0	0	1	144	2	49	50	0	0	42	40
45	45	0	0	1	145	2	49	50	0	0	33	43
45	45	0	0	1	146	2	51	53	0	0	36	42
45	45	0	0	1	147	2	51	52	0	0	27	39
45	45	0	0	1	148	3	52	55	56	0	0	0	32	42	40
45	45	0	0	1	149	1	52	0	33
45	45	0	0	1	150	4	52	55	56	57	0	0	0	0	33	43	41	36
45	45	0	0	1	151	2	52	54	0	0	31	41
45	45	0	0	1	152	2	53	60	0	0	41	42
45	45	0	0	1	153	4	53	57	58	59	0	0	0	0	40	37	33	37
45	45	0	0	1	154	1	53	0	41
45	45	0	0	1	155	1	53	0	41
45	45	0	0	1	156	2	54	60	0	0	40	41
45	45	0	0	1	157	1	54	0	34
45	45	0	0	1	158	2	54	61	0	0	31	43
45	45	0	0	1	159	2	55	62	0	0	35	40
45	45	0	0	1	160	3	55	56	57	0	0	0	40	43	37
45	45	0	0	1	161	8	55	56	57	57	58	58	59	59	0	0	0	0	0	0	0	0	35	31	42	35	42	38	39	37
45	45	0	0	1	162	3	57	58	59	0	0	0	41	42	44
45	45	0	0	1	163	3	57	58	59	0	0	0	40	42	44
45	45	0	0	1	164	3	57	58	59	0	0	0	37	43	33
45	45	0	0	1	165	3	57	58	59	0	0	0	27	36	43
45	45	0	0	1	166	3	58	59	63	0	0	0	41	43	35
45	45	0	0	1	167	3	60	63	64	0	0	0	32	42	41
45	45	0	0	1	168	2	60	64	0	0	30	38
45	45	0	0	1	169	3	60	63	64	0	0	0	36	39	40
45	45	0	0	1	170	2	61	65	0	0	40	33
45	45	0	0	1	171	3	61	63	64	0	0	0	39	42	37
45	45	0	0	1	172	3	61	62	67	0	0	0	38	34	37
45	45	0	0	1	173	2	61	62	0	0	43	41
45	45	0	0	1	174	4	61	62	65	66	0	0	0	0	42	43	39	32
45	45	0	0	1	175	2	61	62	0	0	40	42
45	45	0	0	1	176	4	61	62	63	64	0	0	0	0	42	43	42	40
45	45	0	0	1	177	2	61	62	0	0	36	43
45	45	0	0	1	178	5	61	62	65	66	67	0	0	0	0	0	36	43	38	36	40
45	45	0	0	1	179	3	62	63	64	0	0	0	29	30	31
45	45	0	0	1	180	2	62	67	0	0	32	2
45	45	0	0	1	181	1	63	0	43
45	45	0	0	1	182	2	63	64	0	0	41	40
45	45	0	0	1	183	2	63	64	0	0	42	43
45	45	0	0	1	184	2	63	64	0	0	39	41
45	45	0	0	1	185	2	63	64	0	0	41	43
45	45	0	0	1	186	2	65	66	0	0	42	42
45	45	0	0	1	187	3	65	66	67	0	0	0	40	42	32
45	45	0	0	1	188	2	68	69	0	0	43	35
45	45	0	0	1	189	4	68	69	73	74	0	0	0	0	43	31	41	41
45	45	0	0	1	190	5	68	69	69	70	70	0	0	0	0	0	37	32	31	35	43
45	45	0	0	1	191	3	68	69	70	0	0	0	43	37	43
45	45	0	0	1	192	5	68	69	70	71	72	0	0	0	0	0	43	37	43	37	39
45	45	0	0	1	193	4	68	69	70	71	0	0	0	1	27	29	32	28
45	45	0	0	1	194	5	68	69	70	74	75	0	0	0	0	0	24	24	29	10	23
45	45	0	0	1	195	2	71	75	1	0	36	42
45	45	0	0	1	196	1	71	0	43
45	45	0	0	1	197	2	71	75	1	0	32	41
45	45	0	0	1	198	1	71	1	43
45	45	0	0	1	199	1	71	0	2
45	45	0	0	1	200	4	71	72	76	77	1	0	0	0	34	34	42	41
45	45	0	0	1	201	1	72	0	41
45	45	0	0	1	202	3	72	76	77	0	0	0	10	41	41
45	45	0	0	1	203	1	72	0	41
45	45	0	0	1	204	4	73	74	81	82	0	0	0	0	33	40	31	42
45	45	0	0	1	205	2	74	83	0	0	43	30
45	45	0	0	1	206	3	74	75	83	0	0	0	42	30	42
45	45	0	0	1	207	1	75	0	41
45	45	0	0	1	208	2	75	82	0	0	41	40
45	45	0	0	1	209	7	75	76	76	77	77	78	79	0	0	0	0	0	0	0	36	43	37	41	38	42	26
45	45	0	0	1	210	4	76	77	78	83	0	0	0	0	43	42	38	38
45	45	0	0	1	211	4	76	77	78	79	0	0	0	0	33	35	42	26
45	45	0	0	1	212	2	78	79	0	0	36	39
45	45	0	0	1	213	1	80	1	41
45	45	0	0	1	214	8	80	81	82	86	87	88	89	90	1	0	0	0	0	0	0	0	33	41	29	35	30	34	32	36
45	45	0	0	1	215	6	81	82	86	87	88	89	0	0	0	0	1	0	42	43	37	37	31	42
45	45	0	0	1	216	6	81	82	86	87	88	89	0	0	0	0	0	0	41	42	39	39	32	43
45	45	0	0	1	217	4	81	82	89	90	0	0	0	0	29	41	25	42
45	45	0	0	1	218	6	83	84	85	91	92	93	0	0	0	0	0	0	41	34	39	42	44	32
45	45	0	0	1	219	6	83	84	85	91	92	93	0	0	0	0	0	0	40	33	39	39	44	36
45	45	0	0	1	220	4	84	85	94	95	0	0	0	0	29	43	36	31
45	45	0	0	1	221	4	84	85	94	95	0	0	0	0	31	35	40	43
45	45	0	0	1	222	1	86	0	37
45	45	0	0	1	223	2	86	87	0	0	41	38
45	45	0	0	1	224	4	86	87	88	96	0	0	0	0	42	44	30	41
45	45	0	0	1	225	4	86	87	88	89	0	0	0	0	41	44	32	34
45	45	0	0	1	226	6	86	87	88	89	94	95	0	0	1	0	0	0	42	44	36	37	43	44
45	45	0	0	1	227	10	86	87	88	89	90	96	97	98	99	100	0	0	0	0	0	0	0	0	0	0	33	42	28	38	43	42	42	42	42	41
45	45	0	0	1	228	7	89	90	96	97	98	99	100	0	0	0	0	0	0	0	31	41	44	42	42	40	41
45	45	0	0	1	229	5	90	91	92	94	95	0	0	0	0	0	41	40	40	42	42
45	45	0	0	1	230	4	90	91	92	93	0	0	0	0	41	43	43	38
45	45	0	0	1	231	7	91	92	93	97	98	99	100	0	0	0	0	0	0	0	43	42	41	37	42	43	42
45	45	0	0	1	232	3	91	92	93	0	0	0	43	42	42
45	45	0	0	1	233	2	92	93	0	0	36	41
45	45	0	0	1	234	1	93	0	39
45	45	0	0	1	235	4	94	94	95	95	0	0	0	0	40	43	33	43
45	45	0	0	1	236	2	94	95	0	0	41	33
45	45	0	0	1	237	4	94	95	99	100	0	0	0	0	40	39	36	36
45	45	0	0	1	238	1	95	0	30
45	45	0	0	1	239	1	96	0	37
45	45	0	0	1	240	1	96	0	43
45	45	0	0	1	241	1	96	0	45
45	45	0	0	1	242	1	96	0	45
45	45	0	0	1	243	4	96	97	98	99	0	0	0	0	44	42	44	34
45	45	0	0	1	244	5	96	97	98	99	100	0	0	0	0	0	43	27	37	23	23
45	45	0	0	1	245	5	96	97	98	99	100	0	0	0	0	0	42	30	44	39	31
45	45	0	0	1	246	5	96	97	98	99	100	0	0	0	0	0	33	39	44	42	36
45	45	0	0	1	247	5	96	97	98	99	100	0	0	0	0	0	31	38	43	41	31
45	45	0	0	1	248	4	97	98	99	100	0	0	0	0	41	40	44	43
