65	65	0	0	1	1	5	1	2	3	4	5	0	0	0	0	0	36	31	27	33	33
65	65	0	0	1	2	3	1	2	8	0	0	1	36	32	32
65	65	0	0	1	3	1	1	0	31
65	65	0	0	1	4	2	1	2	0	0	36	32
65	65	0	0	1	5	2	1	2	0	0	36	36
65	65	0	0	1	6	3	1	2	3	0	0	0	33	34	30
65	65	0	0	1	7	4	1	2	3	4	0	0	0	0	36	32	31	27
65	65	0	0	1	8	2	3	4	0	0	36	36
65	65	0	0	1	9	2	3	4	0	0	32	36
65	65	0	0	1	10	3	3	4	5	0	0	0	27	35	34
65	65	0	0	1	11	2	5	6	0	0	34	31
65	65	0	0	1	12	2	5	6	0	0	34	36
65	65	0	0	1	13	3	5	6	9	0	0	0	34	36	32
65	65	0	0	1	14	2	5	6	0	0	36	35
65	65	0	0	1	15	2	5	6	0	0	2	31
65	65	0	0	1	16	2	7	8	0	0	36	33
65	65	0	0	1	17	3	7	8	9	0	0	0	35	33	32
65	65	0	0	1	18	1	8	1	35
65	65	0	0	1	19	1	9	0	32
65	65	0	0	1	20	1	9	0	27
65	65	0	0	1	21	1	9	0	33
65	65	0	0	1	22	1	9	0	35
65	65	0	0	1	23	1	9	0	27
65	65	0	0	1	24	4	10	11	12	13	0	0	0	0	34	35	29	33
65	65	0	0	1	25	3	10	11	12	0	0	0	34	30	26
65	65	0	0	1	26	3	10	11	12	0	0	0	29	35	33
65	65	0	0	1	27	3	11	12	13	0	1	0	34	35	30
65	65	0	0	1	28	2	12	13	0	0	32	32
65	65	0	0	1	29	3	12	13	14	0	0	0	32	33	36
65	65	0	0	1	30	2	12	13	1	0	35	31
65	65	0	0	1	31	2	12	13	1	0	28	11
65	65	0	0	1	32	1	14	0	35
65	65	0	0	1	33	2	14	15	0	0	34	33
65	65	0	0	1	34	1	15	0	34
65	65	0	0	1	35	1	15	0	35
65	65	0	0	1	36	2	15	16	0	1	35	31
65	65	0	0	1	37	2	15	16	0	1	33	34
65	65	0	0	1	38	3	16	20	21	1	0	0	35	33	34
65	65	0	0	1	39	1	16	1	36
65	65	0	0	1	40	1	16	0	24
65	65	0	0	1	41	2	16	20	0	0	32	33
65	65	0	0	1	42	1	16	0	25
65	65	0	0	1	43	1	16	0	12
65	65	0	0	1	44	1	16	1	33
65	65	0	0	1	45	1	17	0	24
65	65	0	0	1	46	2	17	18	0	0	34	23
65	65	0	0	1	47	1	17	0	16
65	65	0	0	1	48	3	17	18	19	0	0	0	33	25	27
65	65	0	0	1	49	3	17	18	19	0	0	0	31	22	27
65	65	0	0	1	50	3	17	18	19	0	0	0	24	32	36
65	65	0	0	1	51	2	18	19	0	0	18	36
65	65	0	0	1	52	2	18	19	0	0	32	34
65	65	0	0	1	53	1	19	0	36
65	65	0	0	1	54	3	20	22	23	0	0	0	29	26	31
65	65	0	0	1	55	1	20	0	34
65	65	0	0	1	56	1	20	0	35
65	65	0	0	1	57	1	20	0	36
65	65	0	0	1	58	4	20	22	23	24	0	0	0	0	36	32	32	31
65	65	0	0	1	59	2	20	21	0	0	37	36
65	65	0	0	1	60	1	20	0	36
65	65	0	0	1	61	2	20	21	0	0	33	32
65	65	0	0	1	62	1	21	0	27
65	65	0	0	1	63	1	21	0	31
65	65	0	0	1	64	1	21	0	33
65	65	0	0	1	65	2	22	23	0	0	32	29
65	65	0	0	1	66	2	22	23	0	0	32	29
65	65	0	0	1	67	5	22	23	24	30	31	0	0	0	0	0	27	32	36	36	37
65	65	0	0	1	68	3	22	23	24	0	0	0	32	27	32
65	65	0	0	1	69	3	22	23	24	0	0	0	9	31	24
65	65	0	0	1	70	5	22	23	24	30	31	0	0	0	0	0	33	34	36	34	36
65	65	0	0	1	71	1	24	0	27
65	65	0	0	1	72	2	24	31	0	0	36	30
65	65	0	0	1	73	1	25	0	34
65	65	0	0	1	74	2	25	31	0	0	33	36
65	65	0	0	1	75	1	25	0	34
65	65	0	0	1	76	1	25	0	34
65	65	0	0	1	77	2	25	26	0	0	34	27
65	65	0	0	1	78	3	25	26	27	0	0	0	32	30	23
65	65	0	0	1	79	5	25	26	27	28	29	0	0	0	0	0	30	33	33	24	32
65	65	0	0	1	80	4	25	26	27	28	0	0	0	0	34	33	27	2
65	65	0	0	1	81	6	25	26	27	28	29	34	0	0	0	0	0	0	34	33	33	26	22	26
65	65	0	0	1	82	1	25	0	34
65	65	0	0	1	83	5	25	26	27	28	29	0	0	0	0	0	34	33	32	24	31
65	65	0	0	1	84	6	25	26	27	28	29	31	0	0	0	0	0	0	32	33	29	28	8	35
65	65	0	0	1	85	4	26	27	28	29	0	0	0	0	32	31	21	29
65	65	0	0	1	86	5	26	27	28	29	35	0	0	0	0	0	33	32	32	25	34
65	65	0	0	1	87	5	26	27	28	29	35	0	0	0	0	0	34	24	31	24	34
65	65	0	0	1	88	4	26	27	28	29	0	0	0	0	30	14	24	30
65	65	0	0	1	89	6	26	27	28	29	30	35	0	0	0	0	0	1	33	29	32	26	34	32
65	65	0	0	1	90	5	26	27	28	29	30	0	0	0	0	0	19	23	24	29	35
65	65	0	0	1	91	5	27	28	29	30	31	0	0	0	0	0	29	31	26	33	31
65	65	0	0	1	92	3	29	30	31	0	0	0	32	34	34
65	65	0	0	1	93	2	30	31	0	0	36	36
65	65	0	0	1	94	2	30	31	0	0	34	34
65	65	0	0	1	95	1	31	0	35
65	65	0	0	1	96	1	31	0	33
65	65	0	0	1	97	1	31	0	32
65	65	0	0	1	98	1	31	0	34
65	65	0	0	1	99	3	32	33	34	0	0	0	33	29	31
65	65	0	0	1	100	3	32	33	34	0	0	0	32	31	31
65	65	0	0	1	101	4	32	33	34	36	0	0	0	0	35	34	29	32
65	65	0	0	1	102	4	32	33	34	36	0	0	0	0	34	33	33	27
65	65	0	0	1	103	3	32	33	34	0	0	0	34	34	33
65	65	0	0	1	104	3	32	33	34	0	0	0	34	34	22
65	65	0	0	1	105	3	32	33	34	0	0	0	27	34	29
65	65	0	0	1	106	2	34	36	0	0	13	2
65	65	0	0	1	107	1	34	0	25
65	65	0	0	1	108	1	34	0	30
65	65	0	0	1	109	1	34	0	32
65	65	0	0	1	110	1	34	0	33
65	65	0	0	1	111	1	34	0	18
65	65	0	0	1	112	1	35	1	33
65	65	0	0	1	113	2	35	36	0	0	35	32
65	65	0	0	1	114	1	35	1	30
65	65	0	0	1	115	2	35	37	1	0	34	2
65	65	0	0	1	116	1	35	0	33
65	65	0	0	1	117	2	35	37	0	1	33	35
65	65	0	0	1	118	1	37	1	31
65	65	0	0	1	119	2	37	38	0	1	32	34
65	65	0	0	1	120	1	37	1	35
65	65	0	0	1	121	1	37	0	26
65	65	0	0	1	122	1	38	0	25
65	65	0	0	1	123	1	38	1	33
65	65	0	0	1	124	1	38	0	35
65	65	0	0	1	125	1	38	1	26
65	65	0	0	1	126	2	38	42	1	0	34	28
65	65	0	0	1	127	1	38	0	32
65	65	0	0	1	128	2	38	42	1	0	35	32
65	65	0	0	1	129	1	38	0	30
65	65	0	0	1	130	1	38	0	35
65	65	0	0	1	131	3	38	42	43	1	0	0	34	32	36
65	65	0	0	1	132	2	39	40	1	0	34	31
65	65	0	0	1	133	4	39	40	41	43	1	0	0	0	33	30	32	36
65	65	0	0	1	134	3	39	40	41	1	0	0	32	28	16
65	65	0	0	1	135	3	39	40	41	1	0	0	33	26	33
65	65	0	0	1	136	5	39	40	41	44	45	1	0	0	0	1	33	31	27	34	33
65	65	0	0	1	137	1	41	0	30
65	65	0	0	1	138	4	42	43	49	50	0	0	0	0	24	33	36	34
65	65	0	0	1	139	3	42	43	50	0	0	0	36	27	33
65	65	0	0	1	140	3	42	43	50	0	0	0	36	34	17
65	65	0	0	1	141	2	42	43	0	0	36	36
65	65	0	0	1	142	4	42	43	50	51	0	0	0	0	35	36	33	29
65	65	0	0	1	143	4	42	43	50	51	0	0	0	0	36	34	32	34
65	65	0	0	1	144	3	43	50	51	0	0	0	30	26	33
65	65	0	0	1	145	7	44	45	46	47	48	50	51	0	1	0	0	0	0	0	30	37	32	31	25	31	34
65	65	0	0	1	146	5	45	46	47	48	53	1	0	0	0	0	35	32	32	24	31
65	65	0	0	1	147	6	45	46	47	48	52	53	1	0	0	0	0	0	35	32	30	25	26	33
65	65	0	0	1	148	4	46	47	48	53	0	0	0	0	31	33	25	34
65	65	0	0	1	149	3	46	47	48	0	0	0	31	25	32
65	65	0	0	1	150	2	47	48	0	0	25	30
65	65	0	0	1	151	3	47	48	53	0	0	0	32	25	33
65	65	0	0	1	152	3	49	49	50	0	0	0	31	34	31
65	65	0	0	1	153	1	49	0	36
65	65	0	0	1	154	1	49	0	30
65	65	0	0	1	155	3	49	53	54	0	0	0	30	31	32
65	65	0	0	1	156	3	49	50	54	0	0	0	32	32	32
65	65	0	0	1	157	1	49	0	36
65	65	0	0	1	158	3	49	50	53	0	0	0	31	32	19
65	65	0	0	1	159	2	50	51	0	0	32	35
65	65	0	0	1	160	4	51	52	55	56	0	0	0	0	36	8	36	32
65	65	0	0	1	161	2	51	52	0	0	30	23
65	65	0	0	1	162	4	52	55	56	57	0	0	0	0	25	36	32	35
65	65	0	0	1	163	4	52	57	58	59	0	0	0	0	24	35	30	35
65	65	0	0	1	164	2	53	60	0	0	30	30
65	65	0	0	1	165	1	53	0	36
65	65	0	0	1	166	4	53	58	59	60	0	0	0	0	35	29	31	31
65	65	0	0	1	167	1	53	0	33
65	65	0	0	1	168	2	53	54	0	0	35	33
65	65	0	0	1	169	2	53	54	0	0	2	32
65	65	0	0	1	170	2	54	60	0	0	33	32
65	65	0	0	1	171	2	54	61	0	0	34	31
65	65	0	0	1	172	2	54	61	0	0	31	31
65	65	0	0	1	173	2	55	56	0	0	24	32
65	65	0	0	1	174	4	55	55	56	56	0	0	0	0	32	31	23	32
65	65	0	0	1	175	3	55	56	62	0	0	0	29	35	33
65	65	0	0	1	176	4	55	56	57	62	0	0	0	0	32	36	31	34
65	65	0	0	1	177	4	55	56	57	58	0	0	0	0	35	34	25	32
65	65	0	0	1	178	3	57	58	59	0	0	0	33	31	35
65	65	0	0	1	179	3	57	58	59	0	0	0	32	31	19
65	65	0	0	1	180	3	58	59	63	0	0	0	2	2	30
65	65	0	0	1	181	3	57	58	59	0	0	0	31	32	34
65	65	0	0	1	182	3	60	63	64	0	0	0	34	32	32
65	65	0	0	1	183	1	60	0	31
65	65	0	0	1	184	5	61	62	65	66	67	0	0	0	0	0	30	32	35	31	32
65	65	0	0	1	185	2	61	62	0	0	28	28
65	65	0	0	1	186	3	62	65	66	0	0	0	36	31	32
65	65	0	0	1	187	1	62	0	28
65	65	0	0	1	188	2	63	64	0	0	32	24
65	65	0	0	1	189	2	63	64	0	0	27	33
65	65	0	0	1	190	3	65	66	67	0	0	0	26	33	25
65	65	0	0	1	191	3	65	66	67	0	0	0	34	37	25
65	65	0	0	1	192	4	67	68	69	70	0	0	0	0	25	35	32	34
65	65	0	0	1	193	1	67	0	20
65	65	0	0	1	194	2	68	73	0	0	32	2
65	65	0	0	1	195	2	68	69	0	0	35	34
65	65	0	0	1	196	3	68	69	70	0	0	0	35	28	32
65	65	0	0	1	197	3	68	69	70	0	0	0	33	27	34
65	65	0	0	1	198	4	68	69	70	74	0	0	0	0	32	31	29	26
65	65	0	0	1	199	6	68	69	70	71	74	75	0	0	0	0	0	0	35	33	27	32	26	32
65	65	0	0	1	200	2	71	72	0	0	32	28
65	65	0	0	1	201	2	71	72	0	0	29	32
65	65	0	0	1	202	2	71	72	0	0	25	32
65	65	0	0	1	203	1	72	0	32
65	65	0	0	1	204	3	72	73	74	0	0	0	26	23	32
65	65	0	0	1	205	4	72	76	77	78	0	0	0	0	26	21	33	31
65	65	0	0	1	206	1	72	0	31
65	65	0	0	1	207	4	72	76	77	78	0	0	0	0	19	30	24	32
65	65	0	0	1	208	4	72	76	77	78	0	0	0	0	24	23	31	28
65	65	0	0	1	209	1	72	0	34
65	65	0	0	1	210	2	72	78	0	0	25	26
65	65	0	0	1	211	1	73	0	24
65	65	0	0	1	212	4	73	74	81	82	0	0	0	0	24	24	13	33
65	65	0	0	1	213	1	73	0	33
65	65	0	0	1	214	2	73	74	0	0	33	33
65	65	0	0	1	215	4	73	74	81	82	0	0	0	0	24	2	30	32
65	65	0	0	1	216	4	73	74	81	82	0	0	0	0	24	25	32	32
65	65	0	0	1	217	2	73	74	0	0	22	2
65	65	0	0	1	218	2	74	83	1	0	14	32
65	65	0	0	1	219	2	75	83	0	0	33	35
65	65	0	0	1	220	4	76	77	78	79	0	0	0	0	32	23	24	35
65	65	0	0	1	221	4	79	86	87	88	0	0	0	0	32	31	34	25
65	65	0	0	1	222	2	80	81	1	0	32	33
65	65	0	0	1	223	6	80	81	82	86	87	88	1	0	0	0	0	0	25	29	31	34	28	19
65	65	0	0	1	224	8	80	81	82	86	87	88	89	90	1	0	0	0	0	0	0	0	33	33	34	29	4	25	35	33
65	65	0	0	1	225	6	81	82	87	88	89	90	0	0	0	0	0	0	31	35	29	30	35	36
65	65	0	0	1	226	2	83	83	0	0	34	33
65	65	0	0	1	227	5	83	90	91	92	93	0	0	0	0	0	33	31	32	37	31
65	65	0	0	1	228	6	83	83	84	84	85	85	0	0	0	0	0	0	21	33	34	33	25	36
65	65	0	0	1	229	4	84	85	93	94	0	0	0	0	32	31	30	33
65	65	0	0	1	230	4	84	84	85	85	0	0	0	0	33	33	32	36
65	65	0	0	1	231	4	86	87	88	89	0	0	0	0	33	32	33	32
65	65	0	0	1	232	4	86	87	88	89	0	0	0	0	32	33	11	31
65	65	0	0	1	233	3	88	89	90	0	0	0	29	35	36
65	65	0	0	1	234	5	90	97	98	99	100	0	0	0	0	0	12	33	35	36	31
65	65	0	0	1	235	3	91	92	93	0	0	0	32	34	26
65	65	0	0	1	236	5	91	92	93	94	95	0	0	0	0	0	33	34	33	35	36
65	65	0	0	1	237	4	93	94	94	95	0	0	0	0	30	30	34	36
65	65	0	0	1	238	7	93	94	96	97	98	99	100	0	0	0	0	0	0	0	30	30	31	29	32	32	28
65	65	0	0	1	239	2	94	95	0	0	31	32
65	65	0	0	1	240	2	94	95	0	0	37	36
65	65	0	0	1	241	2	94	95	0	0	32	35
65	65	0	0	1	242	2	94	95	0	0	31	35
65	65	0	0	1	243	2	95	96	0	0	31	36
65	65	0	0	1	244	1	96	0	2
65	65	0	0	1	245	5	96	97	98	99	100	0	0	0	0	0	36	31	36	31	32
65	65	0	0	1	246	2	96	97	0	0	35	30
65	65	0	0	1	247	4	97	98	99	100	0	0	0	0	32	35	34	31
65	65	0	0	1	248	4	97	98	99	100	0	0	0	0	32	36	35	36
