47	47	0	0	1	1	5	1	1	2	2	3	0	0	0	0	0	28	32	18	38	31
47	47	0	0	1	2	4	1	2	5	6	0	0	0	0	35	30	32	31
47	47	0	0	1	3	1	1	0	30
47	47	0	0	1	4	4	1	2	5	6	0	0	0	0	35	31	33	30
47	47	0	0	1	5	2	1	2	0	0	34	37
47	47	0	0	1	6	2	1	2	0	0	33	35
47	47	0	0	1	7	4	1	2	3	4	0	0	0	0	33	35	31	34
47	47	0	0	1	8	3	1	2	6	0	0	0	33	32	17
47	47	0	0	1	9	4	2	3	4	6	0	0	0	0	31	35	34	27
47	47	0	0	1	10	2	2	3	0	0	29	29
47	47	0	0	1	11	2	3	4	0	0	15	23
47	47	0	0	1	12	1	5	0	11
47	47	0	0	1	13	2	5	6	0	0	33	27
47	47	0	0	1	14	2	5	6	0	0	18	27
47	47	0	0	1	15	2	5	6	0	0	30	34
47	47	0	0	1	16	2	7	8	0	0	26	32
47	47	0	0	1	17	1	9	0	35
47	47	0	0	1	18	1	9	0	21
47	47	0	0	1	19	1	9	0	21
47	47	0	0	1	20	2	10	11	0	0	36	37
47	47	0	0	1	21	1	10	0	35
47	47	0	0	1	22	1	10	0	32
47	47	0	0	1	23	3	10	11	12	0	0	0	29	32	33
47	47	0	0	1	24	4	10	11	12	14	0	0	0	0	35	35	9	34
47	47	0	0	1	25	4	10	11	12	14	0	0	0	0	36	33	26	30
47	47	0	0	1	26	3	10	11	12	0	0	0	27	27	33
47	47	0	0	1	27	2	10	11	0	0	33	36
47	47	0	0	1	28	4	10	11	12	14	0	0	0	0	35	36	35	21
47	47	0	0	1	29	2	12	14	0	0	26	34
47	47	0	0	1	30	3	12	13	14	0	0	0	34	32	32
47	47	0	0	1	31	3	12	13	14	0	0	0	2	2	27
47	47	0	0	1	32	1	13	0	29
47	47	0	0	1	33	1	13	0	22
47	47	0	0	1	34	1	13	0	25
47	47	0	0	1	35	1	13	0	13
47	47	0	0	1	36	1	14	0	30
47	47	0	0	1	37	1	14	0	33
47	47	0	0	1	38	1	14	0	31
47	47	0	0	1	39	1	14	0	32
47	47	0	0	1	40	1	14	0	33
47	47	0	0	1	41	1	14	0	35
47	47	0	0	1	42	1	14	0	28
47	47	0	0	1	43	1	15	0	31
47	47	0	0	1	44	3	15	17	18	0	0	0	32	20	29
47	47	0	0	1	45	1	15	0	33
47	47	0	0	1	46	1	15	0	28
47	47	0	0	1	47	4	15	16	17	18	0	0	0	0	34	29	27	33
47	47	0	0	1	48	2	15	19	0	0	29	35
47	47	0	0	1	49	2	16	19	0	0	2	19
47	47	0	0	1	50	3	16	18	19	0	0	0	29	27	32
47	47	0	0	1	51	1	16	0	26
47	47	0	0	1	52	3	16	17	18	0	0	0	33	26	33
47	47	0	0	1	53	1	16	0	33
47	47	0	0	1	54	1	17	0	27
47	47	0	0	1	55	3	17	18	20	0	0	0	31	24	32
47	47	0	0	1	56	4	18	19	20	21	0	0	0	0	26	33	31	26
47	47	0	0	1	57	2	19	21	0	0	37	33
47	47	0	0	1	58	2	19	21	0	0	28	19
47	47	0	0	1	59	2	20	21	0	0	35	31
47	47	0	0	1	60	1	20	0	34
47	47	0	0	1	61	1	20	0	36
47	47	0	0	1	62	1	20	0	34
47	47	0	0	1	63	1	20	0	37
47	47	0	0	1	64	2	20	21	0	0	34	33
47	47	0	0	1	65	1	21	0	25
47	47	0	0	1	66	1	21	0	18
47	47	0	0	1	67	1	21	0	26
47	47	0	0	1	68	1	22	0	30
47	47	0	0	1	69	2	22	23	0	0	33	26
47	47	0	0	1	70	3	22	23	24	0	0	0	30	32	31
47	47	0	0	1	71	1	22	0	23
47	47	0	0	1	72	3	22	23	24	0	0	0	31	32	31
47	47	0	0	1	73	3	22	23	24	0	0	0	34	33	31
47	47	0	0	1	74	3	22	23	24	0	0	0	29	30	30
47	47	0	0	1	75	3	22	23	24	0	0	0	33	30	35
47	47	0	0	1	76	2	23	24	0	0	30	37
47	47	0	0	1	77	1	24	0	25
47	47	0	0	1	78	1	24	0	30
47	47	0	0	1	79	2	25	25	0	0	33	33
47	47	0	0	1	80	2	25	31	0	1	34	26
47	47	0	0	1	81	1	25	0	33
47	47	0	0	1	82	1	25	0	31
47	47	0	0	1	83	3	25	26	31	0	0	0	33	28	36
47	47	0	0	1	84	6	25	26	27	28	29	32	0	0	0	0	0	1	33	32	30	28	25	34
47	47	0	0	1	85	5	25	26	27	28	29	0	0	0	0	0	29	32	32	25	32
47	47	0	0	1	86	5	26	27	28	29	32	0	0	0	0	0	34	27	30	27	31
47	47	0	0	1	87	3	26	28	29	0	0	0	33	13	15
47	47	0	0	1	88	5	26	27	28	29	30	0	0	0	0	0	29	30	24	30	35
47	47	0	0	1	89	3	30	31	34	0	0	0	35	32	32
47	47	0	0	1	90	3	30	31	34	0	1	0	33	24	30
47	47	0	0	1	91	2	31	34	0	0	34	31
47	47	0	0	1	92	1	31	1	25
47	47	0	0	1	93	1	32	1	28
47	47	0	0	1	94	3	32	33	34	1	0	0	32	30	24
47	47	0	0	1	95	1	34	0	26
47	47	0	0	1	96	2	35	36	0	0	32	30
47	47	0	0	1	97	2	35	36	0	0	31	30
47	47	0	0	1	98	1	35	0	35
47	47	0	0	1	99	1	35	0	34
47	47	0	0	1	100	1	35	0	34
47	47	0	0	1	101	1	35	0	31
47	47	0	0	1	102	1	35	0	20
47	47	0	0	1	103	1	36	0	16
47	47	0	0	1	104	1	36	0	34
47	47	0	0	1	105	3	37	39	40	0	0	0	28	31	25
47	47	0	0	1	106	1	37	0	30
47	47	0	0	1	107	3	37	39	40	0	1	0	31	33	33
47	47	0	0	1	108	3	37	39	40	0	0	0	30	29	35
47	47	0	0	1	109	4	37	39	40	41	0	0	0	0	32	28	24	32
47	47	0	0	1	110	4	38	39	40	41	0	0	0	0	33	21	19	27
47	47	0	0	1	111	2	38	41	0	0	35	32
47	47	0	0	1	112	1	38	0	17
47	47	0	0	1	113	1	38	0	24
47	47	0	0	1	114	3	39	40	41	1	0	0	29	20	27
47	47	0	0	1	115	3	39	40	41	1	0	0	32	31	26
47	47	0	0	1	116	3	39	40	41	1	0	0	30	33	32
47	47	0	0	1	117	2	42	43	0	0	32	34
47	47	0	0	1	118	3	42	47	48	0	0	0	31	21	37
47	47	0	0	1	119	3	42	43	49	0	0	0	32	4	31
47	47	0	0	1	120	1	43	0	37
47	47	0	0	1	121	1	43	0	38
47	47	0	0	1	122	2	44	49	0	0	25	30
47	47	0	0	1	123	2	45	46	0	0	21	27
47	47	0	0	1	124	3	46	47	48	0	0	0	27	34	20
47	47	0	0	1	125	4	46	47	48	50	0	0	0	0	32	32	26	30
47	47	0	0	1	126	2	46	48	0	0	30	26
47	47	0	0	1	127	2	49	52	0	0	33	34
47	47	0	0	1	128	1	49	0	30
47	47	0	0	1	129	3	49	50	52	0	0	0	31	9	21
47	47	0	0	1	130	1	50	0	25
47	47	0	0	1	131	2	50	52	0	0	32	30
47	47	0	0	1	132	2	51	53	0	0	35	33
47	47	0	0	1	133	3	51	52	53	0	0	0	36	23	28
47	47	0	0	1	134	2	52	54	0	0	15	29
47	47	0	0	1	135	2	52	54	0	0	18	31
47	47	0	0	1	136	1	53	0	25
47	47	0	0	1	137	2	53	54	0	0	35	25
47	47	0	0	1	138	3	54	55	56	0	0	0	31	37	26
47	47	0	0	1	139	1	54	0	36
47	47	0	0	1	140	1	54	0	31
47	47	0	0	1	141	2	55	56	0	0	31	26
47	47	0	0	1	142	3	57	58	61	0	0	0	34	25	29
47	47	0	0	1	143	3	57	58	59	0	0	0	31	30	33
47	47	0	0	1	144	3	57	58	59	0	0	0	30	33	38
47	47	0	0	1	145	3	57	58	59	0	0	0	30	23	2
47	47	0	0	1	146	2	58	59	0	0	3	24
47	47	0	0	1	147	2	58	59	0	0	18	35
47	47	0	0	1	148	1	59	0	24
47	47	0	0	1	149	1	60	0	17
47	47	0	0	1	150	0
47	47	0	0	1	151	2	61	62	0	0	31	33
47	47	0	0	1	152	1	62	0	31
47	47	0	0	1	153	3	62	63	64	0	0	0	34	32	32
47	47	0	0	1	154	1	63	0	33
47	47	0	0	1	155	1	63	0	29
47	47	0	0	1	156	2	63	64	0	0	30	20
47	47	0	0	1	157	2	63	64	0	0	26	30
47	47	0	0	1	158	1	63	0	34
47	47	0	0	1	159	2	63	64	0	0	32	30
47	47	0	0	1	160	2	63	64	0	0	27	14
47	47	0	0	1	161	1	64	0	25
47	47	0	0	1	162	2	65	66	0	0	28	34
47	47	0	0	1	163	3	65	66	67	0	0	0	35	31	33
47	47	0	0	1	164	3	65	66	67	0	0	0	31	34	23
47	47	0	0	1	165	1	67	0	28
47	47	0	0	1	166	1	68	0	29
47	47	0	0	1	167	1	68	0	34
47	47	0	0	1	168	1	68	0	37
47	47	0	0	1	169	1	68	0	24
47	47	0	0	1	170	3	68	69	70	0	0	0	17	20	2
47	47	0	0	1	171	3	69	70	71	0	0	0	23	28	25
47	47	0	0	1	172	1	71	0	31
47	47	0	0	1	173	1	71	0	36
47	47	0	0	1	174	1	71	0	17
47	47	0	0	1	175	2	71	73	0	0	29	28
47	47	0	0	1	176	2	72	73	0	0	25	32
47	47	0	0	1	177	3	72	73	74	0	0	0	23	32	29
47	47	0	0	1	178	2	72	73	0	0	27	26
47	47	0	0	1	179	2	72	73	0	0	3	37
47	47	0	0	1	180	2	72	73	0	0	4	36
47	47	0	0	1	181	1	72	0	23
47	47	0	0	1	182	3	72	73	74	0	0	0	27	31	31
47	47	0	0	1	183	2	72	74	0	0	20	33
47	47	0	0	1	184	3	72	73	74	0	0	0	25	31	30
47	47	0	0	1	185	2	72	74	0	0	16	30
47	47	0	0	1	186	2	73	75	0	0	20	26
47	47	0	0	1	187	2	73	74	0	0	27	18
47	47	0	0	1	188	4	73	74	76	77	0	0	0	0	26	29	31	22
47	47	0	0	1	189	2	73	75	0	0	21	17
47	47	0	0	1	190	3	73	76	77	0	0	0	21	26	25
47	47	0	0	1	191	5	73	74	76	77	78	0	0	0	0	0	25	2	33	33	32
47	47	0	0	1	192	2	73	78	0	0	19	31
47	47	0	0	1	193	4	73	74	76	77	0	0	0	0	23	2	34	34
47	47	0	0	1	194	1	74	0	35
47	47	0	0	1	195	3	74	78	79	0	0	0	34	23	35
47	47	0	0	1	196	1	74	0	30
47	47	0	0	1	197	1	74	0	36
47	47	0	0	1	198	1	75	0	31
47	47	0	0	1	199	3	75	79	80	0	0	1	34	33	35
47	47	0	0	1	200	3	75	79	80	0	0	1	33	32	35
47	47	0	0	1	201	1	75	0	34
47	47	0	0	1	202	2	75	79	0	0	34	34
47	47	0	0	1	203	3	75	79	80	0	0	1	29	33	35
47	47	0	0	1	204	2	75	80	0	1	22	26
47	47	0	0	1	205	2	75	80	0	0	29	4
47	47	0	0	1	206	1	75	1	4
47	47	0	0	1	207	2	78	82	0	0	32	22
47	47	0	0	1	208	2	80	83	1	0	30	31
47	47	0	0	1	209	3	80	81	83	1	0	0	32	30	33
47	47	0	0	1	210	1	80	1	33
47	47	0	0	1	211	3	80	81	85	1	0	0	30	27	31
47	47	0	0	1	212	1	83	0	35
47	47	0	0	1	213	5	84	85	86	87	88	1	0	0	0	0	32	34	30	37	34
47	47	0	0	1	214	4	84	84	85	85	0	0	0	0	34	29	33	18
47	47	0	0	1	215	2	84	85	0	0	33	37
47	47	0	0	1	216	3	86	87	88	0	0	0	32	30	29
47	47	0	0	1	217	2	88	89	0	0	32	39
47	47	0	0	1	218	4	88	89	94	95	0	0	0	0	26	21	31	25
47	47	0	0	1	219	3	91	92	93	0	0	0	35	34	28
47	47	0	0	1	220	1	93	0	27
47	47	0	0	1	221	1	94	1	32
47	47	0	0	1	222	1	95	0	28
47	47	0	0	1	223	1	96	0	35
47	47	0	0	1	224	1	96	0	37
47	47	0	0	1	225	5	96	97	98	99	100	0	0	0	0	0	35	30	33	30	32
47	47	0	0	1	226	1	96	0	36
47	47	0	0	1	227	5	96	97	98	99	100	0	0	0	0	0	36	28	36	31	35
47	47	0	0	1	228	5	96	97	98	99	100	0	0	0	0	0	35	31	35	33	35
47	47	0	0	1	229	4	97	98	99	100	0	0	0	0	4	21	6	4
47	47	0	0	1	230	2	99	100	0	0	36	35
