75	75	0	0	1	1	2	1	0	0	0
75	75	0	0	1	3	4	1	0	0	0
75	75	0	0	1	12	13	1	0	0	0
75	75	0	0	1	17	18	2	0	0	0
75	75	0	0	1	20	21	1	0	0	0
75	75	0	0	1	22	23	2	0	0	0
75	75	0	0	1	26	27	1	0	0	0
75	75	0	0	1	28	29	1	0	0	0
75	75	0	0	1	30	31	1	0	0	0
75	75	0	0	1	32	33	2	0	0	0
75	75	0	0	1	37	38	0	0	1	0
75	75	0	0	1	44	45	0	1	0	0
75	75	0	0	1	47	48	2	0	0	0
75	75	0	0	1	51	52	1	0	0	0
75	75	0	0	1	55	56	2	0	0	0
75	75	0	0	1	57	58	1	0	0	0
75	75	0	0	1	58	59	1	0	0	0
75	75	0	0	1	60	61	2	0	0	0
75	75	0	0	1	63	64	2	0	0	0
75	75	0	0	1	64	65	1	0	0	0
75	75	0	0	1	65	66	3	0	0	0
75	75	0	0	1	66	67	1	0	0	0
75	75	0	0	1	75	76	2	0	0	0
75	75	0	0	1	76	77	2	0	0	0
75	75	0	0	1	77	78	1	0	0	0
75	75	0	0	1	81	82	1	0	0	0
75	75	0	0	1	84	85	1	0	0	0
75	75	0	0	1	86	87	1	0	0	0
75	75	0	0	1	88	89	1	0	0	0
75	75	0	0	1	91	92	1	0	0	0
