48	48	0	0	1	1	2	11	0	0	0
48	48	0	0	1	3	4	8	0	0	0
48	48	0	0	1	5	6	6	0	0	0
48	48	0	0	1	7	8	0	14	0	0
48	48	0	0	1	10	11	7	0	0	0
48	48	0	0	1	12	13	2	0	0	0
48	48	0	0	1	14	15	4	0	0	0
48	48	0	0	1	15	16	0	3	0	0
48	48	0	0	1	17	18	7	0	0	0
48	48	0	0	1	18	19	2	0	0	0
48	48	0	0	1	19	20	1	0	0	0
48	48	0	0	1	20	21	10	0	0	0
48	48	0	0	1	22	23	10	0	1	0
48	48	0	0	1	23	24	2	0	0	0
48	48	0	0	1	24	25	1	0	0	0
48	48	0	0	1	25	26	6	0	0	0
48	48	0	0	1	26	27	8	0	0	0
48	48	0	0	1	27	28	3	0	0	0
48	48	0	0	1	28	29	6	0	0	0
48	48	0	0	1	29	30	2	0	0	0
48	48	0	0	1	30	31	2	0	0	0
48	48	0	0	1	32	33	8	0	0	0
48	48	0	0	1	33	34	1	0	0	0
48	48	0	0	1	34	35	1	0	0	0
48	48	0	0	1	35	36	1	0	0	0
48	48	0	0	1	37	38	0	0	2	0
48	48	0	0	1	38	39	0	1	0	0
48	48	0	0	1	39	40	0	0	16	0
48	48	0	0	1	40	41	0	2	0	0
48	48	0	0	1	42	43	11	0	0	0
48	48	0	0	1	44	45	0	7	0	0
48	48	0	0	1	45	46	0	0	4	0
48	48	0	0	1	46	47	6	0	0	0
48	48	0	0	1	47	48	6	0	0	0
48	48	0	0	1	49	50	5	0	0	0
48	48	0	0	1	50	51	5	0	0	0
48	48	0	0	1	51	52	2	0	0	0
48	48	0	0	1	52	53	2	0	0	0
48	48	0	0	1	55	56	9	0	0	0
48	48	0	0	1	56	57	2	0	0	0
48	48	0	0	1	57	58	8	0	0	0
48	48	0	0	1	58	59	11	0	0	0
48	48	0	0	1	59	60	4	0	0	0
48	48	0	0	1	61	62	4	0	0	0
48	48	0	0	1	62	63	1	0	0	0
48	48	0	0	1	63	64	6	0	0	0
48	48	0	0	1	65	66	10	0	0	0
48	48	0	0	1	66	67	1	0	0	0
48	48	0	0	1	68	69	8	1	0	0
48	48	0	0	1	69	70	7	0	0	0
48	48	0	0	1	70	71	3	0	0	0
48	48	0	0	1	71	72	2	0	0	0
48	48	0	0	1	73	74	3	0	0	0
48	48	0	0	1	74	75	1	0	0	0
48	48	0	0	1	75	76	3	0	0	0
48	48	0	0	1	78	79	3	0	0	0
48	48	0	0	1	79	80	0	4	0	0
48	48	0	0	1	80	81	0	0	6	0
48	48	0	0	1	81	82	3	0	0	0
48	48	0	0	1	82	83	2	0	0	0
48	48	0	0	1	83	84	2	0	0	0
48	48	0	0	1	84	85	4	0	0	0
48	48	0	0	1	86	87	11	0	0	0
48	48	0	0	1	87	88	1	0	0	0
48	48	0	0	1	88	89	5	0	0	0
48	48	0	0	1	89	90	4	0	0	0
48	48	0	0	1	90	91	2	0	0	0
48	48	0	0	1	91	92	8	0	0	0
48	48	0	0	1	92	93	1	0	0	0
48	48	0	0	1	94	95	10	0	0	0
48	48	0	0	1	96	97	5	0	0	0
48	48	0	0	1	97	98	3	0	0	0
48	48	0	0	1	98	99	5	0	0	0
48	48	0	0	1	99	100	7	0	0	0
