94	94	0	0	1	1	2	3	0	0	0
94	94	0	0	1	3	4	4	0	0	0
94	94	0	0	1	5	6	1	0	0	0
94	94	0	0	1	7	8	0	4	0	0
94	94	0	0	1	10	11	7	0	0	0
94	94	0	0	1	12	13	3	0	0	0
94	94	0	0	1	15	16	0	5	0	0
94	94	0	0	1	17	18	3	0	0	0
94	94	0	0	1	19	20	1	0	0	0
94	94	0	0	1	20	21	1	0	0	0
94	94	0	0	1	21	22	1	0	0	0
94	94	0	0	1	22	23	3	0	0	0
94	94	0	0	1	23	24	1	0	0	0
94	94	0	0	1	25	26	6	0	0	0
94	94	0	0	1	26	27	1	0	0	0
94	94	0	0	1	27	28	6	0	0	0
94	94	0	0	1	28	29	1	0	0	0
94	94	0	0	1	29	30	5	0	0	0
94	94	0	0	1	30	31	1	0	0	0
94	94	0	0	1	31	32	2	0	0	0
94	94	0	0	1	32	33	3	0	0	0
94	94	0	0	1	33	34	1	0	0	0
94	94	0	0	1	34	35	3	0	0	0
94	94	0	0	1	35	36	2	0	0	0
94	94	0	0	1	36	37	0	1	0	0
94	94	0	0	1	37	38	0	0	3	0
94	94	0	0	1	39	40	0	0	2	0
94	94	0	0	1	41	42	1	0	0	0
94	94	0	0	1	42	43	5	0	0	0
94	94	0	0	1	44	45	0	7	0	0
94	94	0	0	1	45	46	0	0	2	0
94	94	0	0	1	46	47	5	0	0	0
94	94	0	0	1	47	48	2	0	0	0
94	94	0	0	1	48	49	2	0	0	0
94	94	0	0	1	49	50	3	0	0	0
94	94	0	0	1	50	51	1	0	0	0
94	94	0	0	1	51	52	1	0	0	0
94	94	0	0	1	52	53	2	0	0	0
94	94	0	0	1	53	54	2	0	0	0
94	94	0	0	1	54	55	2	0	0	0
94	94	0	0	1	55	56	4	0	0	0
94	94	0	0	1	56	57	1	1	0	0
94	94	0	0	1	57	58	4	0	0	0
94	94	0	0	1	58	59	2	0	0	0
94	94	0	0	1	59	60	4	0	0	0
94	94	0	0	1	60	61	1	0	0	0
94	94	0	0	1	61	62	4	0	0	0
94	94	0	0	1	63	64	4	0	0	0
94	94	0	0	1	65	66	5	0	0	0
94	94	0	0	1	68	69	5	0	0	0
94	94	0	0	1	70	71	3	0	0	0
94	94	0	0	1	71	72	2	0	0	0
94	94	0	0	1	73	74	2	0	0	0
94	94	0	0	1	75	76	3	0	0	0
94	94	0	0	1	77	78	3	0	0	0
94	94	0	0	1	79	80	0	2	0	0
94	94	0	0	1	81	82	2	0	0	0
94	94	0	0	1	83	84	2	0	0	0
94	94	0	0	1	84	85	1	0	0	0
94	94	0	0	1	85	86	1	0	0	0
94	94	0	0	1	86	87	2	0	0	0
94	94	0	0	1	87	88	0	1	0	0
94	94	0	0	1	88	89	0	0	2	0
94	94	0	0	1	90	91	3	0	0	0
94	94	0	0	1	91	92	3	0	0	0
94	94	0	0	1	92	93	3	0	0	0
94	94	0	0	1	94	95	5	0	0	0
94	94	0	0	1	96	97	4	0	0	0
94	94	0	0	1	98	99	4	0	0	0
94	94	0	0	1	99	100	1	0	0	0
