86	86	0	0	1	1	2	3	0	1	0
86	86	0	0	1	2	3	1	0	0	0
86	86	0	0	1	3	4	6	0	0	0
86	86	0	0	1	5	6	4	0	0	0
86	86	0	0	1	7	8	0	2	0	0
86	86	0	0	1	10	11	4	0	0	0
86	86	0	0	1	12	13	4	0	0	0
86	86	0	0	1	15	16	0	1	0	0
86	86	0	0	1	17	18	3	0	0	0
86	86	0	0	1	19	20	1	0	0	0
86	86	0	0	1	20	21	3	0	0	0
86	86	0	0	1	22	23	8	0	0	0
86	86	0	0	1	25	26	2	0	0	0
86	86	0	0	1	27	28	2	0	0	0
86	86	0	0	1	29	30	2	0	0	0
86	86	0	0	1	30	31	1	0	0	0
86	86	0	0	1	31	32	2	0	0	0
86	86	0	0	1	32	33	3	0	0	0
86	86	0	0	1	33	34	1	0	0	0
86	86	0	0	1	34	35	3	0	0	0
86	86	0	0	1	36	37	0	1	0	0
86	86	0	0	1	37	38	0	0	2	0
86	86	0	0	1	39	40	0	0	1	0
86	86	0	0	1	42	43	7	0	0	0
86	86	0	0	1	44	45	0	8	0	0
86	86	0	0	1	45	46	0	0	1	0
86	86	0	0	1	46	47	7	0	0	0
86	86	0	0	1	47	48	3	0	0	0
86	86	0	0	1	48	49	6	0	0	0
86	86	0	0	1	49	50	2	0	0	0
86	86	0	0	1	50	51	4	0	0	0
86	86	0	0	1	51	52	1	0	0	0
86	86	0	0	1	52	53	1	0	0	0
86	86	0	0	1	54	55	3	0	0	0
86	86	0	0	1	55	56	4	0	0	0
86	86	0	0	1	56	57	1	0	0	0
86	86	0	0	1	57	58	3	0	0	0
86	86	0	0	1	58	59	1	0	0	0
86	86	0	0	1	59	60	3	0	0	0
86	86	0	0	1	60	61	1	0	0	0
86	86	0	0	1	61	62	6	0	0	0
86	86	0	0	1	63	64	6	0	0	0
86	86	0	0	1	65	66	3	0	0	0
86	86	0	0	1	68	69	5	0	0	0
86	86	0	0	1	69	70	1	0	0	0
86	86	0	0	1	70	71	2	0	0	0
86	86	0	0	1	71	72	1	0	0	0
86	86	0	0	1	72	73	1	0	0	0
86	86	0	0	1	73	74	2	0	0	0
86	86	0	0	1	74	75	1	0	0	0
86	86	0	0	1	75	76	2	0	0	0
86	86	0	0	1	76	77	3	0	0	0
86	86	0	0	1	77	78	2	0	0	0
86	86	0	0	1	78	79	3	0	0	0
86	86	0	0	1	79	80	0	3	0	0
86	86	0	0	1	80	81	0	0	3	0
86	86	0	0	1	81	82	3	0	0	0
86	86	0	0	1	82	83	2	0	0	0
86	86	0	0	1	83	84	4	0	0	0
86	86	0	0	1	84	85	2	0	0	0
86	86	0	0	1	86	87	1	0	0	0
86	86	0	0	1	88	89	1	0	0	0
86	86	0	0	1	90	91	2	0	0	0
86	86	0	0	1	92	93	3	0	0	0
86	86	0	0	1	94	95	4	0	0	0
86	86	0	0	1	96	97	1	0	0	0
86	86	0	0	1	97	98	1	0	0	0
86	86	0	0	1	98	99	1	0	0	0
86	86	0	0	1	99	100	1	0	0	0
