42	42	0	0	1	1	2	4	0	0	0
42	42	0	0	1	3	4	5	0	0	0
42	42	0	0	1	5	6	2	0	0	0
42	42	0	0	1	6	7	1	0	0	0
42	42	0	0	1	10	11	5	0	0	0
42	42	0	0	1	11	12	2	0	0	0
42	42	0	0	1	13	14	2	0	0	0
42	42	0	0	1	17	18	1	0	0	0
42	42	0	0	1	18	19	2	0	0	0
42	42	0	0	1	22	23	1	0	0	0
42	42	0	0	1	23	24	1	0	0	0
42	42	0	0	1	27	28	2	0	0	0
42	42	0	0	1	28	29	1	0	0	0
42	42	0	0	1	30	31	0	1	0	0
42	42	0	0	1	32	33	0	0	2	0
42	42	0	0	1	34	35	1	0	0	0
42	42	0	0	1	39	40	0	0	3	0
42	42	0	0	1	42	43	0	1	0	0
42	42	0	0	1	46	47	1	0	0	0
42	42	0	0	1	47	48	2	0	0	0
42	42	0	0	1	55	56	1	0	0	0
42	42	0	0	1	58	59	1	0	0	0
42	42	0	0	1	61	62	1	0	0	0
42	42	0	0	1	63	64	1	0	0	0
42	42	0	0	1	65	66	2	0	0	0
42	42	0	0	1	66	67	1	0	0	0
42	42	0	0	1	69	70	5	0	0	0
42	42	0	0	1	81	82	3	0	1	0
42	42	0	0	1	84	85	1	0	4	0
42	42	0	0	1	87	88	0	2	0	0
42	42	0	0	1	88	89	1	0	0	0
42	42	0	0	1	91	92	2	0	0	0
42	42	0	0	1	92	93	1	0	0	0
42	42	0	0	1	94	95	2	0	1	0
42	42	0	0	1	97	98	4	0	0	0
42	42	0	0	1	98	99	1	0	0	0
42	42	0	0	1	99	100	2	0	0	0
