83	83	0	0	1	1	2	2	0	0	0
83	83	0	0	1	3	4	4	0	0	0
83	83	0	0	1	5	6	2	0	0	0
83	83	0	0	1	9	10	2	0	0	0
83	83	0	0	1	10	11	4	0	0	0
83	83	0	0	1	11	12	1	0	0	0
83	83	0	0	1	12	13	3	0	0	0
83	83	0	0	1	14	15	1	0	0	0
83	83	0	0	1	17	18	2	0	0	0
83	83	0	0	1	18	19	3	0	0	0
83	83	0	0	1	20	21	4	0	0	0
83	83	0	0	1	22	23	1	0	0	0
83	83	0	0	1	26	27	5	0	0	0
83	83	0	0	1	28	29	4	0	0	0
83	83	0	0	1	30	31	3	0	0	0
83	83	0	0	1	32	33	4	0	0	0
83	83	0	0	1	34	35	1	0	0	0
83	83	0	0	1	39	40	0	0	6	0
83	83	0	0	1	40	41	1	0	0	0
83	83	0	0	1	41	42	2	0	0	0
83	83	0	0	1	42	43	4	0	0	0
83	83	0	0	1	43	44	1	0	0	0
83	83	0	0	1	45	46	0	0	2	0
83	83	0	0	1	46	47	1	0	0	0
83	83	0	0	1	47	48	3	0	0	0
83	83	0	0	1	49	50	3	0	0	0
83	83	0	0	1	51	52	2	0	0	0
83	83	0	0	1	52	53	1	0	0	0
83	83	0	0	1	55	56	6	0	0	0
83	83	0	0	1	56	57	1	0	0	0
83	83	0	0	1	57	58	3	0	0	0
83	83	0	0	1	58	59	2	0	0	0
83	83	0	0	1	60	61	1	0	0	0
83	83	0	0	1	61	62	2	0	0	0
83	83	0	0	1	63	64	9	0	0	0
83	83	0	0	1	64	65	2	0	0	0
83	83	0	0	1	65	66	8	0	0	0
83	83	0	0	1	66	67	2	0	0	0
83	83	0	0	1	68	69	1	0	0	0
83	83	0	0	1	71	72	2	0	0	0
83	83	0	0	1	72	73	1	0	0	0
83	83	0	0	1	73	74	2	0	0	0
83	83	0	0	1	75	76	1	0	0	0
83	83	0	0	1	76	77	3	0	0	0
83	83	0	0	1	77	78	2	0	0	0
83	83	0	0	1	78	79	2	0	0	0
83	83	0	0	1	81	82	3	0	0	0
83	83	0	0	1	82	83	1	0	0	0
83	83	0	0	1	83	84	1	0	0	0
83	83	0	0	1	84	85	3	0	0	0
83	83	0	0	1	86	87	4	0	0	0
83	83	0	0	1	88	89	4	0	0	0
83	83	0	0	1	90	91	3	0	0	0
83	83	0	0	1	92	93	1	0	0	0
83	83	0	0	1	94	95	4	0	0	0
83	83	0	0	1	96	97	3	0	0	0
83	83	0	0	1	97	98	1	0	0	0
83	83	0	0	1	98	99	4	0	0	0
83	83	0	0	1	99	100	1	0	0	0
