53	53	0	0	1	1	2	3	0	0	0
53	53	0	0	1	2	3	1	0	0	0
53	53	0	0	1	3	4	2	0	0	0
53	53	0	0	1	4	5	1	0	0	0
53	53	0	0	1	6	7	1	0	0	0
53	53	0	0	1	7	8	1	3	0	0
53	53	0	0	1	10	11	4	0	0	0
53	53	0	0	1	12	13	2	0	0	0
53	53	0	0	1	14	15	1	0	0	0
53	53	0	0	1	15	16	1	2	0	0
53	53	0	0	1	17	18	3	0	0	0
53	53	0	0	1	20	21	1	0	0	0
53	53	0	0	1	22	23	1	0	0	0
53	53	0	0	1	23	24	1	0	0	0
53	53	0	0	1	25	26	2	0	0	0
53	53	0	0	1	27	28	1	0	0	0
53	53	0	0	1	30	31	2	0	0	0
53	53	0	0	1	31	32	0	0	0	1
53	53	0	0	1	32	33	2	0	1	0
53	53	0	0	1	33	34	1	0	0	0
53	53	0	0	1	39	40	0	0	2	0
53	53	0	0	1	42	43	4	0	0	0
53	53	0	0	1	44	45	1	1	0	0
53	53	0	0	1	45	46	0	0	1	0
53	53	0	0	1	46	47	2	0	0	0
53	53	0	0	1	47	48	2	0	0	0
53	53	0	0	1	49	50	2	0	0	0
53	53	0	0	1	50	51	1	0	0	0
53	53	0	0	1	51	52	2	0	0	0
53	53	0	0	1	52	53	1	0	0	0
53	53	0	0	1	55	56	3	0	0	0
53	53	0	0	1	57	58	3	0	0	0
53	53	0	0	1	58	59	1	0	0	0
53	53	0	0	1	61	62	3	0	0	0
53	53	0	0	1	63	64	2	0	0	0
53	53	0	0	1	65	66	1	0	0	0
53	53	0	0	1	68	69	2	0	0	0
53	53	0	0	1	70	71	1	0	0	0
53	53	0	0	1	71	72	1	0	0	0
53	53	0	0	1	73	74	2	0	0	0
53	53	0	0	1	74	75	2	0	0	0
53	53	0	0	1	75	76	1	0	0	0
53	53	0	0	1	76	77	1	0	0	0
53	53	0	0	1	78	79	2	0	0	0
53	53	0	0	1	79	80	0	1	0	0
53	53	0	0	1	83	84	1	1	0	0
53	53	0	0	1	84	85	0	0	1	0
53	53	0	0	1	86	87	2	0	0	0
53	53	0	0	1	88	89	1	0	0	0
53	53	0	0	1	94	95	3	0	1	0
53	53	0	0	1	95	96	1	0	0	0
53	53	0	0	1	96	97	5	0	0	0
53	53	0	0	1	97	98	1	0	0	0
53	53	0	0	1	98	99	5	0	0	0
53	53	0	0	1	99	100	1	0	0	0
