70	70	0	0	1	1	2	2	0	0	0
70	70	0	0	1	3	4	3	0	0	0
70	70	0	0	1	5	6	3	0	0	0
70	70	0	0	1	7	8	2	0	0	0
70	70	0	0	1	10	11	7	0	0	0
70	70	0	0	1	11	12	2	0	0	0
70	70	0	0	1	12	13	8	0	0	0
70	70	0	0	1	15	16	1	0	0	0
70	70	0	0	1	16	17	0	0	1	0
70	70	0	0	1	17	18	8	0	0	0
70	70	0	0	1	20	21	6	0	0	0
70	70	0	0	1	21	22	2	0	0	0
70	70	0	0	1	22	23	4	0	0	0
70	70	0	0	1	23	24	1	0	0	0
70	70	0	0	1	27	28	2	0	0	0
70	70	0	0	1	28	29	1	0	0	0
70	70	0	0	1	29	30	2	0	0	0
70	70	0	0	1	30	31	1	2	0	0
70	70	0	0	1	32	33	2	0	1	0
70	70	0	0	1	33	34	1	0	0	0
70	70	0	0	1	38	39	0	1	0	0
70	70	0	0	1	39	40	0	0	2	0
70	70	0	0	1	40	41	1	0	0	0
70	70	0	0	1	41	42	1	0	0	0
70	70	0	0	1	42	43	1	0	0	0
70	70	0	0	1	44	45	0	1	0	0
70	70	0	0	1	45	46	0	0	2	0
70	70	0	0	1	46	47	1	0	0	0
70	70	0	0	1	47	48	1	0	0	0
70	70	0	0	1	49	50	2	0	0	0
70	70	0	0	1	55	56	3	0	0	0
70	70	0	0	1	57	58	2	0	0	0
70	70	0	0	1	58	59	3	0	0	0
70	70	0	0	1	60	61	1	0	0	0
70	70	0	0	1	61	62	1	0	0	0
70	70	0	0	1	63	64	3	0	0	0
70	70	0	0	1	64	65	1	0	0	0
70	70	0	0	1	65	66	2	0	0	0
70	70	0	0	1	68	69	3	0	0	0
70	70	0	0	1	76	77	4	0	0	0
70	70	0	0	1	78	79	1	0	0	0
70	70	0	0	1	79	80	0	3	0	0
70	70	0	0	1	80	81	0	0	2	0
70	70	0	0	1	81	82	1	0	0	0
70	70	0	0	1	82	83	2	0	0	0
70	70	0	0	1	83	84	0	1	0	0
70	70	0	0	1	84	85	0	0	2	0
70	70	0	0	1	86	87	1	0	0	0
70	70	0	0	1	88	89	1	0	0	0
70	70	0	0	1	90	91	1	0	0	0
70	70	0	0	1	91	92	1	0	0	0
70	70	0	0	1	93	94	1	0	0	0
70	70	0	0	1	94	95	2	0	0	0
70	70	0	0	1	96	97	1	0	0	0
70	70	0	0	1	97	98	3	0	0	0
70	70	0	0	1	98	99	1	0	0	0
70	70	0	0	1	99	100	3	0	0	0
