54	54	0	0	1	1	2	7	0	0	0
54	54	0	0	1	2	3	1	0	0	0
54	54	0	0	1	3	4	6	0	0	0
54	54	0	0	1	4	5	1	0	0	0
54	54	0	0	1	5	6	2	0	0	0
54	54	0	0	1	6	7	2	0	0	0
54	54	0	0	1	7	8	0	4	0	0
54	54	0	0	1	10	11	1	0	0	0
54	54	0	0	1	12	13	1	0	0	0
54	54	0	0	1	14	15	1	0	0	0
54	54	0	0	1	15	16	0	3	0	0
54	54	0	0	1	17	18	6	0	0	0
54	54	0	0	1	20	21	1	0	0	0
54	54	0	0	1	22	23	2	0	0	0
54	54	0	0	1	24	25	1	0	0	0
54	54	0	0	1	25	26	3	0	0	0
54	54	0	0	1	26	27	2	0	0	0
54	54	0	0	1	27	28	3	0	0	0
54	54	0	0	1	28	29	2	0	0	0
54	54	0	0	1	29	30	3	0	0	0
54	54	0	0	1	30	31	2	0	0	0
54	54	0	0	1	31	32	1	0	0	0
54	54	0	0	1	32	33	4	0	0	0
54	54	0	0	1	36	37	0	1	0	0
54	54	0	0	1	37	38	0	0	2	0
54	54	0	0	1	39	40	0	0	12	0
54	54	0	0	1	41	42	4	0	0	0
54	54	0	0	1	44	45	0	3	0	0
54	54	0	0	1	45	46	0	0	1	0
54	54	0	0	1	46	47	3	0	0	0
54	54	0	0	1	47	48	1	0	0	0
54	54	0	0	1	49	50	4	0	0	0
54	54	0	0	1	51	52	1	0	0	0
54	54	0	0	1	52	53	5	0	0	0
54	54	0	0	1	54	55	1	0	0	0
54	54	0	0	1	55	56	5	0	0	0
54	54	0	0	1	56	57	1	0	0	0
54	54	0	0	1	57	58	5	0	0	0
54	54	0	0	1	58	59	1	0	0	0
54	54	0	0	1	59	60	2	0	0	0
54	54	0	0	1	60	61	1	0	0	0
54	54	0	0	1	61	62	2	0	0	0
54	54	0	0	1	63	64	3	0	0	0
54	54	0	0	1	65	66	4	0	0	0
54	54	0	0	1	66	67	1	0	0	0
54	54	0	0	1	68	69	6	0	0	0
54	54	0	0	1	69	70	1	0	0	0
54	54	0	0	1	70	71	3	0	0	0
54	54	0	0	1	71	72	4	0	0	0
54	54	0	0	1	73	74	12	0	0	0
54	54	0	0	1	74	75	1	0	0	0
54	54	0	0	1	75	76	2	0	0	0
54	54	0	0	1	76	77	5	0	0	0
54	54	0	0	1	77	78	2	0	0	0
54	54	0	0	1	78	79	3	0	0	0
54	54	0	0	1	79	80	0	4	0	0
54	54	0	0	1	80	81	0	0	3	0
54	54	0	0	1	81	82	4	0	0	0
54	54	0	0	1	82	83	2	0	0	0
54	54	0	0	1	83	84	1	0	0	0
54	54	0	0	1	84	85	2	0	0	0
54	54	0	0	1	86	87	2	0	0	0
54	54	0	0	1	87	88	1	0	0	0
54	54	0	0	1	88	89	1	0	0	0
54	54	0	0	1	89	90	2	0	0	0
54	54	0	0	1	90	91	1	0	0	0
54	54	0	0	1	91	92	2	0	0	0
54	54	0	0	1	92	93	1	0	0	0
54	54	0	0	1	94	95	2	0	0	0
54	54	0	0	1	96	97	4	0	0	0
54	54	0	0	1	97	98	1	0	0	0
54	54	0	0	1	98	99	5	0	0	0
54	54	0	0	1	99	100	1	0	0	0
