69	69	0	0	1	1	3	1	2	5	0	0	0	34	31	27
69	69	0	0	1	2	2	3	4	0	0	32	36
69	69	0	0	1	3	1	6	0	35
69	69	0	0	1	4	1	7	0	30
69	69	0	0	1	5	2	7	8	0	1	36	23
69	69	0	0	1	6	1	9	0	23
69	69	0	0	1	7	1	10	0	34
69	69	0	0	1	8	2	10	11	0	0	34	23
69	69	0	0	1	9	4	11	12	12	13	0	0	0	0	39	24	19	26
69	69	0	0	1	10	2	12	13	0	0	27	7
69	69	0	0	1	11	2	12	13	0	0	30	31
69	69	0	0	1	12	2	12	13	0	0	24	21
69	69	0	0	1	13	1	13	0	30
69	69	0	0	1	14	1	13	0	32
69	69	0	0	1	15	1	14	0	33
69	69	0	0	1	16	1	14	0	37
69	69	0	0	1	17	1	15	0	35
69	69	0	0	1	18	1	16	1	35
69	69	0	0	1	19	2	16	17	1	0	21	37
69	69	0	0	1	20	2	17	19	0	0	20	12
69	69	0	0	1	21	1	17	0	31
69	69	0	0	1	22	1	17	0	32
69	69	0	0	1	23	1	18	0	30
69	69	0	0	1	24	1	20	0	37
69	69	0	0	1	25	1	21	0	38
69	69	0	0	1	26	1	22	0	33
69	69	0	0	1	27	2	22	23	0	0	34	25
69	69	0	0	1	28	2	23	24	0	0	31	34
69	69	0	0	1	29	1	24	0	30
69	69	0	0	1	30	1	24	0	26
69	69	0	0	1	31	1	25	0	33
69	69	0	0	1	32	2	26	31	0	0	17	38
69	69	0	0	1	33	3	27	28	29	0	0	0	27	32	24
69	69	0	0	1	34	3	27	28	29	0	0	0	21	17	28
69	69	0	0	1	35	3	31	32	33	0	0	0	32	28	34
69	69	0	0	1	36	1	31	0	29
69	69	0	0	1	37	1	32	0	36
69	69	0	0	1	38	2	34	35	0	0	27	37
69	69	0	0	1	39	2	34	35	0	0	26	37
69	69	0	0	1	40	1	35	0	30
69	69	0	0	1	41	2	35	36	0	0	33	30
69	69	0	0	1	42	1	36	0	23
69	69	0	0	1	43	1	37	1	32
69	69	0	0	1	44	3	38	39	40	0	1	0	38	35	26
69	69	0	0	1	45	1	38	0	30
69	69	0	0	1	46	1	39	1	38
69	69	0	0	1	47	2	39	40	1	0	35	33
69	69	0	0	1	48	2	39	40	1	0	38	34
69	69	0	0	1	49	1	41	0	32
69	69	0	0	1	50	2	42	44	0	0	36	37
69	69	0	0	1	51	2	42	43	0	0	35	37
69	69	0	0	1	52	1	43	0	39
69	69	0	0	1	53	1	44	0	33
69	69	0	0	1	54	2	50	52	0	0	30	33
69	69	0	0	1	55	1	50	0	32
69	69	0	0	1	56	2	50	52	0	0	29	32
69	69	0	0	1	57	1	51	0	38
69	69	0	0	1	58	2	52	52	0	0	23	28
69	69	0	0	1	59	1	53	0	30
69	69	0	0	1	60	2	55	56	0	0	38	34
69	69	0	0	1	61	2	55	56	0	0	37	33
69	69	0	0	1	62	2	55	56	0	0	35	31
69	69	0	0	1	63	1	57	0	28
69	69	0	0	1	64	2	61	62	0	0	26	32
69	69	0	0	1	65	1	62	0	36
69	69	0	0	1	66	3	63	65	66	0	0	0	27	34	34
69	69	0	0	1	67	1	63	0	34
69	69	0	0	1	68	2	63	64	0	0	33	34
69	69	0	0	1	69	1	64	0	26
69	69	0	0	1	70	2	65	66	0	0	33	31
69	69	0	0	1	71	3	65	66	67	0	0	0	36	39	27
69	69	0	0	1	72	1	67	0	32
69	69	0	0	1	73	3	68	69	70	0	1	0	35	1	18
69	69	0	0	1	74	1	68	0	37
69	69	0	0	1	75	3	68	69	72	0	0	0	35	30	34
69	69	0	0	1	76	2	69	70	1	0	22	29
69	69	0	0	1	77	1	73	0	32
69	69	0	0	1	78	1	75	0	32
69	69	0	0	1	79	2	75	78	0	0	34	32
69	69	0	0	1	80	1	78	0	32
69	69	0	0	1	81	2	81	82	0	0	35	33
69	69	0	0	1	82	1	83	0	33
69	69	0	0	1	83	2	84	85	0	0	36	39
69	69	0	0	1	84	4	86	87	88	91	0	0	0	0	33	37	32	31
69	69	0	0	1	85	3	86	87	88	0	0	0	38	39	36
69	69	0	0	1	86	5	86	87	88	91	92	0	0	0	0	0	33	39	36	32	33
69	69	0	0	1	87	5	86	87	88	89	93	0	0	0	0	0	33	39	37	37	33
69	69	0	0	1	88	2	90	90	0	0	34	36
69	69	0	0	1	89	2	91	92	0	0	26	33
69	69	0	0	1	90	5	91	92	93	94	95	0	0	0	0	0	29	34	24	30	36
69	69	0	0	1	91	3	94	95	96	0	0	0	33	23	36
69	69	0	0	1	92	2	94	95	0	0	32	30
69	69	0	0	1	93	2	97	98	0	0	19	19
