38	38	0	0	1	1	3	1	2	6	0	0	0	36	34	34
38	38	0	0	1	2	2	3	4	0	0	32	36
38	38	0	0	1	3	2	3	4	0	0	14	39
38	38	0	0	1	4	1	4	0	32
38	38	0	0	1	5	2	5	7	0	0	15	32
38	38	0	0	1	6	2	5	8	0	1	16	30
38	38	0	0	1	7	3	5	7	8	0	0	1	34	28	35
38	38	0	0	1	8	3	5	6	8	0	0	1	35	37	37
38	38	0	0	1	9	2	5	6	0	0	34	35
38	38	0	0	1	10	1	7	0	36
38	38	0	0	1	11	2	7	8	0	1	36	24
38	38	0	0	1	12	1	10	0	32
38	38	0	0	1	13	2	10	11	0	0	24	17
38	38	0	0	1	14	2	10	11	0	0	24	19
38	38	0	0	1	15	2	10	11	0	0	35	32
38	38	0	0	1	16	2	11	12	0	0	28	30
38	38	0	0	1	17	2	11	12	0	0	31	32
38	38	0	0	1	18	2	12	13	0	0	7	25
38	38	0	0	1	19	1	13	0	32
38	38	0	0	1	20	1	15	0	28
38	38	0	0	1	21	1	18	0	23
38	38	0	0	1	22	2	18	19	0	0	27	26
38	38	0	0	1	23	2	18	19	0	0	33	35
38	38	0	0	1	24	2	18	19	0	0	4	13
38	38	0	0	1	25	1	19	0	29
38	38	0	0	1	26	2	19	20	0	0	31	36
38	38	0	0	1	27	2	19	20	0	0	30	35
38	38	0	0	1	28	1	19	0	22
38	38	0	0	1	29	1	20	0	15
38	38	0	0	1	30	1	20	0	37
38	38	0	0	1	31	1	20	0	15
38	38	0	0	1	32	1	20	0	36
38	38	0	0	1	33	1	21	0	13
38	38	0	0	1	34	1	21	0	18
38	38	0	0	1	35	1	21	0	17
38	38	0	0	1	36	1	21	0	38
38	38	0	0	1	37	1	21	0	38
38	38	0	0	1	38	1	22	0	34
38	38	0	0	1	39	2	22	23	0	0	16	6
38	38	0	0	1	40	3	22	23	24	0	0	0	31	31	36
38	38	0	0	1	41	3	22	23	24	0	0	0	26	12	35
38	38	0	0	1	42	2	23	24	0	0	13	27
38	38	0	0	1	43	1	24	0	36
38	38	0	0	1	44	1	25	0	37
38	38	0	0	1	45	1	25	0	34
38	38	0	0	1	46	1	25	0	36
38	38	0	0	1	47	2	25	31	0	0	34	33
38	38	0	0	1	48	1	26	0	30
38	38	0	0	1	49	1	26	0	28
38	38	0	0	1	50	2	26	31	0	0	24	35
38	38	0	0	1	51	3	28	29	32	0	0	0	21	22	30
38	38	0	0	1	52	3	28	29	30	0	0	0	6	20	30
38	38	0	0	1	53	1	30	0	35
38	38	0	0	1	54	3	30	32	33	0	0	0	34	35	37
38	38	0	0	1	55	1	30	0	33
38	38	0	0	1	56	1	30	0	31
38	38	0	0	1	57	1	30	0	20
38	38	0	0	1	58	2	30	31	0	0	20	26
38	38	0	0	1	59	2	31	34	0	0	37	31
38	38	0	0	1	60	2	31	34	0	0	31	3
38	38	0	0	1	61	1	32	0	31
38	38	0	0	1	62	2	32	33	0	0	34	28
38	38	0	0	1	63	1	33	0	36
38	38	0	0	1	64	1	35	0	29
38	38	0	0	1	65	1	35	0	36
38	38	0	0	1	66	1	35	0	33
38	38	0	0	1	67	1	36	0	35
38	38	0	0	1	68	1	36	0	18
38	38	0	0	1	69	2	36	37	0	1	23	33
38	38	0	0	1	70	1	37	1	36
38	38	0	0	1	71	1	37	1	25
38	38	0	0	1	72	1	38	0	36
38	38	0	0	1	73	2	38	41	0	0	37	29
38	38	0	0	1	74	1	38	0	29
38	38	0	0	1	75	1	41	0	25
38	38	0	0	1	76	2	42	44	0	0	14	37
38	38	0	0	1	77	3	42	45	46	0	1	0	33	35	34
38	38	0	0	1	78	2	42	43	0	0	34	25
38	38	0	0	1	79	3	47	48	50	0	0	0	28	27	23
38	38	0	0	1	80	1	49	0	27
38	38	0	0	1	81	1	49	0	33
38	38	0	0	1	82	1	49	0	23
38	38	0	0	1	83	1	50	0	35
38	38	0	0	1	84	2	50	52	0	0	14	28
38	38	0	0	1	85	2	50	52	0	0	31	32
38	38	0	0	1	86	2	50	52	0	0	34	34
38	38	0	0	1	87	1	51	0	38
38	38	0	0	1	88	1	52	0	27
38	38	0	0	1	89	1	53	0	34
38	38	0	0	1	90	1	54	0	35
38	38	0	0	1	91	2	55	56	0	0	30	28
38	38	0	0	1	92	2	55	56	0	0	36	31
38	38	0	0	1	93	1	57	0	36
38	38	0	0	1	94	3	57	58	59	0	0	0	28	17	35
38	38	0	0	1	95	1	63	0	20
38	38	0	0	1	96	1	64	0	35
38	38	0	0	1	97	1	64	0	30
38	38	0	0	1	98	1	64	0	27
38	38	0	0	1	99	3	65	66	67	0	0	0	36	35	33
38	38	0	0	1	100	3	65	66	67	0	0	0	29	17	22
38	38	0	0	1	101	1	67	0	27
38	38	0	0	1	102	1	68	0	27
38	38	0	0	1	103	1	68	0	36
38	38	0	0	1	104	1	68	0	38
38	38	0	0	1	105	2	69	70	0	0	36	31
38	38	0	0	1	106	3	69	70	72	0	0	0	36	34	35
38	38	0	0	1	107	2	69	70	0	0	34	29
38	38	0	0	1	108	1	72	0	23
38	38	0	0	1	109	1	72	0	19
38	38	0	0	1	110	1	72	0	26
38	38	0	0	1	111	1	73	0	34
38	38	0	0	1	112	1	73	0	29
38	38	0	0	1	113	2	73	75	0	0	11	34
38	38	0	0	1	114	1	73	0	34
38	38	0	0	1	115	1	74	0	19
38	38	0	0	1	116	2	75	79	0	0	36	38
38	38	0	0	1	117	3	76	77	80	0	0	1	27	33	31
38	38	0	0	1	118	3	76	77	80	0	0	1	32	32	20
38	38	0	0	1	119	1	79	0	26
38	38	0	0	1	120	2	80	83	1	0	11	30
38	38	0	0	1	121	2	80	83	1	0	24	37
38	38	0	0	1	122	2	81	82	0	0	35	38
38	38	0	0	1	123	3	82	84	85	0	0	0	22	32	32
38	38	0	0	1	124	3	82	84	85	0	0	0	36	31	33
38	38	0	0	1	125	1	83	0	33
38	38	0	0	1	126	2	84	85	0	0	32	30
38	38	0	0	1	127	5	84	85	86	87	88	0	0	0	0	0	36	32	29	33	33
38	38	0	0	1	128	2	84	85	0	0	37	35
38	38	0	0	1	129	3	84	85	86	0	0	0	30	8	20
38	38	0	0	1	130	3	86	91	92	0	0	0	35	33	36
38	38	0	0	1	131	2	89	90	0	0	33	36
38	38	0	0	1	132	1	90	0	25
38	38	0	0	1	133	1	91	0	28
38	38	0	0	1	134	1	96	0	32
38	38	0	0	1	135	1	96	0	33
38	38	0	0	1	136	1	96	0	37
38	38	0	0	1	137	2	96	97	0	0	36	31
38	38	0	0	1	138	4	97	98	99	100	0	0	0	0	36	38	38	35
38	38	0	0	1	139	4	97	98	99	100	0	0	0	0	35	38	40	34
38	38	0	0	1	140	4	97	98	99	100	0	0	0	0	30	22	17	13
38	38	0	0	1	141	2	99	100	0	0	27	25
