88	88	0	0	1	1	2	6	0	0	0
88	88	0	0	1	3	4	1	0	0	0
88	88	0	0	1	5	6	6	0	0	0
88	88	0	0	1	7	8	0	4	0	0
88	88	0	0	1	10	11	8	0	0	0
88	88	0	0	1	11	12	3	0	0	0
88	88	0	0	1	12	13	6	0	0	0
88	88	0	0	1	13	14	2	0	0	0
88	88	0	0	1	15	16	0	2	0	0
88	88	0	0	1	16	17	0	0	4	0
88	88	0	0	1	17	18	8	0	0	0
88	88	0	0	1	18	19	6	0	0	0
88	88	0	0	1	19	20	2	0	0	0
88	88	0	0	1	20	21	3	0	0	0
88	88	0	0	1	22	23	2	0	0	0
88	88	0	0	1	25	26	1	0	0	0
88	88	0	0	1	26	27	1	0	0	0
88	88	0	0	1	28	29	2	0	0	0
88	88	0	0	1	30	31	5	0	0	0
88	88	0	0	1	32	33	4	0	0	0
88	88	0	0	1	34	35	2	0	0	0
88	88	0	0	1	35	36	1	0	0	0
88	88	0	0	1	38	39	0	1	0	0
88	88	0	0	1	39	40	0	0	7	0
88	88	0	0	1	40	41	1	0	0	0
88	88	0	0	1	42	43	1	0	0	0
88	88	0	0	1	45	46	0	0	1	0
88	88	0	0	1	46	47	2	0	0	0
88	88	0	0	1	48	49	1	0	0	0
88	88	0	0	1	54	55	1	0	0	0
88	88	0	0	1	55	56	3	0	0	0
88	88	0	0	1	57	58	4	0	0	0
88	88	0	0	1	58	59	1	0	0	0
88	88	0	0	1	60	61	1	0	0	0
88	88	0	0	1	61	62	3	0	0	0
88	88	0	0	1	63	64	8	0	0	0
88	88	0	0	1	64	65	1	0	0	0
88	88	0	0	1	65	66	6	0	0	0
88	88	0	0	1	66	67	1	0	0	0
88	88	0	0	1	68	69	2	0	0	0
88	88	0	0	1	72	73	1	0	0	0
88	88	0	0	1	73	74	1	0	0	0
88	88	0	0	1	75	76	1	0	0	0
88	88	0	0	1	76	77	7	0	0	0
88	88	0	0	1	77	78	1	0	0	0
88	88	0	0	1	79	80	0	1	0	0
88	88	0	0	1	80	81	0	0	1	0
88	88	0	0	1	81	82	3	0	0	0
88	88	0	0	1	84	85	2	0	0	0
88	88	0	0	1	86	87	1	0	0	0
88	88	0	0	1	88	89	1	0	0	0
88	88	0	0	1	94	95	1	0	0	0
88	88	0	0	1	97	98	1	0	0	0
88	88	0	0	1	99	100	1	0	0	0
