67	67	0	0	1	1	2	1	2	0	0	35	36
67	67	0	0	1	2	2	1	4	0	0	28	33
67	67	0	0	1	3	4	1	2	3	4	0	0	0	0	34	33	33	36
67	67	0	0	1	4	3	1	2	3	0	0	0	33	34	31
67	67	0	0	1	5	4	3	4	5	6	0	0	0	0	35	32	33	33
67	67	0	0	1	6	2	3	4	0	0	37	32
67	67	0	0	1	7	1	5	0	35
67	67	0	0	1	8	3	5	6	6	0	0	0	36	32	17
67	67	0	0	1	9	2	5	6	0	0	32	28
67	67	0	0	1	10	1	8	1	33
67	67	0	0	1	11	1	9	0	36
67	67	0	0	1	12	1	9	0	33
67	67	0	0	1	13	4	10	10	11	12	0	0	0	0	24	18	11	19
67	67	0	0	1	14	2	10	11	0	0	34	27
67	67	0	0	1	15	5	10	10	11	11	12	0	0	0	0	0	30	33	26	32	33
67	67	0	0	1	16	3	10	11	13	0	0	0	35	33	25
67	67	0	0	1	17	3	11	12	13	0	0	0	33	25	25
67	67	0	0	1	18	5	11	12	12	13	13	0	0	0	0	0	35	30	31	20	24
67	67	0	0	1	19	3	11	12	13	0	0	0	13	30	34
67	67	0	0	1	20	3	12	13	14	0	0	0	27	32	32
67	67	0	0	1	21	1	13	0	19
67	67	0	0	1	22	1	14	0	31
67	67	0	0	1	23	1	14	0	34
67	67	0	0	1	24	1	14	0	26
67	67	0	0	1	25	1	14	0	34
67	67	0	0	1	26	1	14	0	34
67	67	0	0	1	27	1	14	0	34
67	67	0	0	1	28	2	14	14	0	0	35	26
67	67	0	0	1	29	0
67	67	0	0	1	30	1	15	0	26
67	67	0	0	1	31	1	15	0	33
67	67	0	0	1	32	3	15	18	19	0	0	0	35	34	33
67	67	0	0	1	33	1	16	1	34
67	67	0	0	1	34	2	16	17	1	0	36	27
67	67	0	0	1	35	1	16	1	36
67	67	0	0	1	36	2	17	18	0	0	30	20
67	67	0	0	1	37	2	17	18	0	0	32	15
67	67	0	0	1	38	2	18	19	0	0	27	32
67	67	0	0	1	39	3	18	19	20	0	0	0	27	30	37
67	67	0	0	1	40	2	18	19	0	0	28	33
67	67	0	0	1	41	2	18	19	0	0	32	27
67	67	0	0	1	42	1	19	0	22
67	67	0	0	1	43	3	20	20	21	0	0	0	31	32	15
67	67	0	0	1	44	1	20	0	33
67	67	0	0	1	45	5	20	21	22	23	24	0	0	0	0	0	37	31	32	32	29
67	67	0	0	1	46	2	20	21	0	0	35	37
67	67	0	0	1	47	1	21	0	36
67	67	0	0	1	48	2	21	24	0	0	35	29
67	67	0	0	1	49	1	22	0	26
67	67	0	0	1	50	2	22	23	0	0	27	26
67	67	0	0	1	51	2	22	23	0	0	24	19
67	67	0	0	1	52	4	22	23	24	25	0	0	0	0	35	25	29	11
67	67	0	0	1	53	7	22	23	24	26	27	28	29	0	0	0	0	0	0	0	34	34	37	33	32	24	31
67	67	0	0	1	54	3	22	23	24	0	0	0	31	28	32
67	67	0	0	1	55	1	24	0	24
67	67	0	0	1	56	4	25	32	33	34	0	0	0	0	32	25	30	28
67	67	0	0	1	57	2	25	34	0	1	31	34
67	67	0	0	1	58	6	26	26	27	27	28	29	0	0	0	0	0	0	15	19	29	15	16	24
67	67	0	0	1	59	7	26	26	27	27	28	29	30	0	0	0	0	0	0	0	15	21	14	15	24	31	32
67	67	0	0	1	60	6	26	26	27	27	28	29	0	0	0	0	0	0	33	18	18	22	22	7
67	67	0	0	1	61	5	26	27	28	29	34	0	0	0	0	0	18	33	29	25	29
67	67	0	0	1	62	1	30	0	35
67	67	0	0	1	63	2	30	31	0	0	37	31
67	67	0	0	1	64	1	31	0	34
67	67	0	0	1	65	1	31	0	39
67	67	0	0	1	66	2	32	35	0	0	33	36
67	67	0	0	1	67	3	32	33	34	0	0	0	37	32	32
67	67	0	0	1	68	2	32	33	0	0	40	34
67	67	0	0	1	69	2	33	34	0	0	35	34
67	67	0	0	1	70	2	34	35	0	0	24	33
67	67	0	0	1	71	1	34	0	35
67	67	0	0	1	72	1	35	0	7
67	67	0	0	1	73	2	35	35	0	0	31	39
67	67	0	0	1	74	1	35	0	27
67	67	0	0	1	75	1	36	0	30
67	67	0	0	1	76	0
67	67	0	0	1	77	1	37	1	33
67	67	0	0	1	78	1	37	1	23
67	67	0	0	1	79	4	37	39	40	41	1	1	0	0	32	35	31	31
67	67	0	0	1	80	3	37	39	40	1	1	0	33	33	26
67	67	0	0	1	81	1	38	0	35
67	67	0	0	1	82	1	38	0	28
67	67	0	0	1	83	1	38	0	36
67	67	0	0	1	84	3	39	40	42	1	0	0	18	27	28
67	67	0	0	1	85	2	39	40	1	0	28	28
67	67	0	0	1	86	3	39	40	41	1	0	0	30	34	33
67	67	0	0	1	87	4	39	40	41	42	1	0	0	0	27	31	29	30
67	67	0	0	1	88	3	39	40	41	1	0	0	32	25	33
67	67	0	0	1	89	1	41	0	30
67	67	0	0	1	90	1	42	0	2
67	67	0	0	1	91	2	42	43	0	0	30	21
67	67	0	0	1	92	2	44	49	0	0	32	16
67	67	0	0	1	93	2	44	50	0	0	28	10
67	67	0	0	1	94	3	44	45	51	0	1	0	22	32	38
67	67	0	0	1	95	2	44	45	0	1	36	31
67	67	0	0	1	96	2	49	51	0	0	18	37
67	67	0	0	1	97	2	49	53	0	0	22	36
67	67	0	0	1	98	1	51	0	23
67	67	0	0	1	99	2	51	54	0	0	32	35
67	67	0	0	1	100	2	51	52	0	0	34	33
67	67	0	0	1	101	2	51	52	0	0	36	33
67	67	0	0	1	102	3	52	55	56	0	0	0	25	36	25
67	67	0	0	1	103	1	54	0	34
67	67	0	0	1	104	1	54	0	26
67	67	0	0	1	105	2	54	60	0	0	35	34
67	67	0	0	1	106	3	55	61	62	0	0	0	26	31	32
67	67	0	0	1	107	3	55	56	57	0	0	0	33	24	35
67	67	0	0	1	108	4	57	58	59	62	0	0	0	0	33	25	23	33
67	67	0	0	1	109	2	60	60	0	0	25	12
67	67	0	0	1	110	3	62	63	64	0	0	0	31	31	30
67	67	0	0	1	111	1	64	0	30
67	67	0	0	1	112	2	65	66	0	0	28	31
67	67	0	0	1	113	3	65	66	67	0	0	0	31	17	29
67	67	0	0	1	114	3	65	66	67	0	0	0	36	36	24
67	67	0	0	1	115	2	66	67	0	0	9	28
67	67	0	0	1	116	1	68	0	39
67	67	0	0	1	117	3	68	69	70	0	0	0	38	30	35
67	67	0	0	1	118	4	68	69	70	71	0	0	0	0	21	25	13	28
67	67	0	0	1	119	3	68	69	70	0	0	0	32	36	34
67	67	0	0	1	120	3	68	69	70	0	0	0	32	34	21
67	67	0	0	1	121	2	69	70	0	0	35	33
67	67	0	0	1	122	2	69	70	0	0	32	33
67	67	0	0	1	123	2	70	71	0	0	8	30
67	67	0	0	1	124	1	71	0	31
67	67	0	0	1	125	1	71	0	31
67	67	0	0	1	126	1	71	0	29
67	67	0	0	1	127	2	71	75	0	0	34	32
67	67	0	0	1	128	1	72	0	30
67	67	0	0	1	129	2	72	75	0	0	26	28
67	67	0	0	1	130	1	72	0	31
67	67	0	0	1	131	2	73	79	0	0	16	27
67	67	0	0	1	132	3	73	74	74	0	0	0	25	26	17
67	67	0	0	1	133	2	73	74	0	0	17	28
67	67	0	0	1	134	2	74	74	0	0	14	17
67	67	0	0	1	135	2	74	75	0	0	16	24
67	67	0	0	1	136	1	74	0	30
67	67	0	0	1	137	2	75	78	0	0	21	8
67	67	0	0	1	138	1	75	0	15
67	67	0	0	1	139	3	76	77	83	0	0	0	32	32	35
67	67	0	0	1	140	4	76	77	78	79	0	0	0	0	15	13	17	36
67	67	0	0	1	141	3	76	77	78	0	0	0	22	24	26
67	67	0	0	1	142	2	79	82	0	0	35	17
67	67	0	0	1	143	3	80	81	83	1	0	0	24	26	27
67	67	0	0	1	144	3	83	84	85	0	0	0	36	26	37
67	67	0	0	1	145	2	83	85	0	0	32	25
67	67	0	0	1	146	4	84	85	86	87	0	0	0	0	35	16	34	28
67	67	0	0	1	147	4	84	84	85	85	0	0	0	0	36	29	33	29
67	67	0	0	1	148	5	84	85	91	92	93	0	0	0	0	0	34	32	35	38	34
67	67	0	0	1	149	2	86	87	0	0	34	36
67	67	0	0	1	150	8	86	86	87	87	88	88	89	89	0	0	0	0	0	0	0	0	37	30	40	36	36	25	36	35
67	67	0	0	1	151	4	86	87	88	89	0	0	0	0	31	38	38	30
67	67	0	0	1	152	4	86	87	88	89	0	0	0	0	36	34	34	34
67	67	0	0	1	153	7	86	87	88	89	90	91	92	0	0	0	0	0	0	0	31	37	36	34	23	32	35
67	67	0	0	1	154	2	90	90	0	0	27	13
67	67	0	0	1	155	3	90	91	93	0	0	0	33	16	34
67	67	0	0	1	156	5	91	92	92	93	93	0	0	0	0	0	32	35	36	33	35
67	67	0	0	1	157	2	94	95	0	0	32	28
67	67	0	0	1	158	2	94	95	0	0	31	33
67	67	0	0	1	159	1	96	0	25
67	67	0	0	1	160	1	96	0	35
67	67	0	0	1	161	5	96	97	98	99	100	0	0	0	0	0	33	24	33	35	37
67	67	0	0	1	162	4	97	98	99	100	0	0	0	0	33	31	33	31
67	67	0	0	1	163	8	97	97	98	98	99	99	100	100	0	0	0	0	0	0	0	0	20	15	35	32	13	13	17	32
