86	86	0	0	1	1	2	1	2	1	0	31	31
86	86	0	0	1	2	6	1	2	3	4	5	6	0	0	0	0	0	0	27	30	32	28	31	36
86	86	0	0	1	3	4	1	2	3	4	0	0	0	0	33	37	34	29
86	86	0	0	1	4	4	1	2	3	4	0	0	0	0	44	35	34	29
86	86	0	0	1	5	3	2	3	4	0	0	0	19	26	17
86	86	0	0	1	6	5	3	4	5	6	7	0	0	0	0	0	31	33	32	31	22
86	86	0	0	1	7	4	3	4	5	6	0	0	0	0	32	36	33	29
86	86	0	0	1	8	2	3	4	0	0	22	18
86	86	0	0	1	9	4	5	6	7	8	0	0	0	1	28	28	39	43
86	86	0	0	1	10	3	7	8	9	0	1	0	38	37	40
86	86	0	0	1	11	1	9	0	40
86	86	0	0	1	12	1	9	0	31
86	86	0	0	1	13	1	9	0	37
86	86	0	0	1	14	1	9	0	28
86	86	0	0	1	15	5	10	11	12	13	14	0	0	0	0	0	39	27	41	42	35
86	86	0	0	1	16	4	10	11	12	13	0	0	0	0	39	32	41	39
86	86	0	0	1	17	5	10	11	12	13	14	0	0	0	0	0	30	30	32	30	35
86	86	0	0	1	18	5	10	11	12	13	14	0	0	0	0	0	25	24	31	32	34
86	86	0	0	1	19	1	14	0	29
86	86	0	0	1	20	3	15	16	17	0	1	0	38	39	42
86	86	0	0	1	21	5	17	18	19	20	21	0	0	0	0	0	36	35	43	41	45
86	86	0	0	1	22	3	17	18	19	0	0	0	28	36	43
86	86	0	0	1	23	3	17	18	19	0	0	0	30	22	33
86	86	0	0	1	24	2	20	21	0	0	29	35
86	86	0	0	1	25	5	20	21	22	23	24	0	0	0	0	0	42	39	32	28	36
86	86	0	0	1	26	2	20	21	0	0	34	35
86	86	0	0	1	27	3	22	23	24	0	0	0	47	39	39
86	86	0	0	1	28	3	22	23	24	0	0	0	39	40	32
86	86	0	0	1	29	3	22	23	24	0	0	0	36	42	38
86	86	0	0	1	30	3	22	23	24	0	0	0	43	44	42
86	86	0	0	1	31	3	22	23	24	0	0	0	35	39	34
86	86	0	0	1	32	2	22	23	0	0	28	30
86	86	0	0	1	33	3	22	23	24	0	0	0	26	26	29
86	86	0	0	1	34	1	25	0	21
86	86	0	0	1	35	8	25	26	27	28	29	30	31	32	0	0	0	0	0	0	0	0	36	31	31	22	33	35	36	34
86	86	0	0	1	36	10	25	26	27	28	29	30	31	32	33	34	0	0	0	0	0	0	0	0	0	0	39	30	30	31	22	36	37	34	28	21
86	86	0	0	1	37	1	30	0	30
86	86	0	0	1	38	6	30	31	32	33	34	35	0	0	0	0	0	0	49	38	37	35	29	27
86	86	0	0	1	39	5	32	33	34	35	36	0	0	0	0	0	33	37	21	36	39
86	86	0	0	1	40	3	32	33	34	0	0	0	32	35	23
86	86	0	0	1	41	2	34	35	0	0	28	34
86	86	0	0	1	42	1	35	0	35
86	86	0	0	1	43	1	35	0	32
86	86	0	0	1	44	1	36	0	28
86	86	0	0	1	45	1	36	0	22
86	86	0	0	1	46	2	36	37	0	1	37	39
86	86	0	0	1	47	1	36	0	27
86	86	0	0	1	48	1	36	0	25
86	86	0	0	1	49	2	37	38	1	0	34	28
86	86	0	0	1	50	2	37	38	1	0	38	37
86	86	0	0	1	51	3	39	40	41	1	0	0	42	40	45
86	86	0	0	1	52	9	42	43	44	45	46	47	48	49	50	0	0	0	1	0	0	0	0	0	42	45	33	22	42	41	31	34	34
86	86	0	0	1	53	3	42	43	44	0	0	0	39	36	30
86	86	0	0	1	54	5	42	43	44	45	46	0	0	0	1	0	32	33	35	36	30
86	86	0	0	1	55	2	42	43	0	0	30	34
86	86	0	0	1	56	8	42	43	44	45	46	47	48	49	0	0	0	1	0	0	0	0	33	33	26	34	42	42	35	31
86	86	0	0	1	57	10	42	43	44	45	46	47	48	49	50	51	0	0	0	1	0	0	0	0	0	0	41	39	42	35	42	42	35	34	28	25
86	86	0	0	1	58	10	42	43	44	45	46	47	48	49	50	51	0	0	0	1	0	0	0	0	0	0	46	41	29	42	40	42	36	34	36	26
86	86	0	0	1	59	9	44	45	46	47	48	49	50	51	52	0	1	0	0	0	0	0	0	0	35	35	38	29	40	38	34	25	40
86	86	0	0	1	60	8	44	45	46	47	48	49	50	51	0	1	0	0	0	0	0	0	34	37	30	31	22	22	22	23
86	86	0	0	1	61	5	44	45	46	47	48	0	1	0	0	0	36	33	32	22	31
86	86	0	0	1	62	5	45	46	47	48	49	1	0	0	0	0	36	32	21	28	33
86	86	0	0	1	63	4	47	48	49	50	0	0	0	0	20	32	33	31
86	86	0	0	1	64	6	47	48	49	50	51	52	0	0	0	0	0	0	27	32	39	42	28	39
86	86	0	0	1	65	1	51	0	25
86	86	0	0	1	66	1	52	0	30
86	86	0	0	1	67	8	52	53	54	55	56	57	58	59	0	0	0	0	0	0	0	0	39	42	31	42	36	39	39	37
86	86	0	0	1	68	1	52	0	21
86	86	0	0	1	69	3	54	55	56	0	0	0	39	30	35
86	86	0	0	1	70	3	54	55	56	0	0	0	36	31	32
86	86	0	0	1	71	1	54	0	35
86	86	0	0	1	72	2	55	56	0	0	23	25
86	86	0	0	1	73	8	55	56	57	58	59	60	61	62	0	0	0	0	0	0	0	0	41	32	40	33	36	39	43	40
86	86	0	0	1	74	7	55	56	57	58	59	60	61	0	0	0	0	0	0	0	36	39	41	40	40	37	23
86	86	0	0	1	75	6	55	56	57	58	59	60	0	0	0	0	0	0	33	25	31	28	34	28
86	86	0	0	1	76	2	60	61	0	0	24	27
86	86	0	0	1	77	2	61	62	0	0	41	40
86	86	0	0	1	78	4	61	62	63	64	0	0	0	0	27	36	31	28
86	86	0	0	1	79	2	61	62	0	0	29	35
86	86	0	0	1	80	2	61	62	0	0	36	35
86	86	0	0	1	81	2	61	62	0	0	28	37
86	86	0	0	1	82	5	63	64	65	66	67	0	0	0	0	0	32	33	35	35	21
86	86	0	0	1	83	2	63	64	0	0	31	29
86	86	0	0	1	84	5	63	64	65	66	67	0	0	0	0	0	31	25	41	34	33
86	86	0	0	1	85	2	63	64	0	0	34	31
86	86	0	0	1	86	5	63	64	65	66	67	0	0	0	0	0	32	29	33	33	21
86	86	0	0	1	87	1	67	0	31
86	86	0	0	1	88	3	68	69	70	0	0	0	39	32	39
86	86	0	0	1	89	5	68	69	70	71	72	0	0	0	0	0	44	42	40	43	38
86	86	0	0	1	90	3	68	69	70	0	0	0	40	33	32
86	86	0	0	1	91	10	68	69	70	71	72	73	74	75	76	77	0	0	0	0	0	0	0	0	0	0	37	28	30	37	36	41	41	39	41	42
86	86	0	0	1	92	3	68	69	70	0	0	0	36	37	30
86	86	0	0	1	93	2	69	70	0	0	33	31
86	86	0	0	1	94	2	71	72	0	0	40	29
86	86	0	0	1	95	1	72	0	23
86	86	0	0	1	96	1	72	0	28
86	86	0	0	1	97	1	73	0	26
86	86	0	0	1	98	13	73	74	75	76	77	78	79	80	81	82	83	84	85	0	0	0	0	0	0	0	1	0	0	0	0	0	38	36	38	42	49	36	40	42	40	42	40	30	39
86	86	0	0	1	99	2	73	74	0	0	21	27
86	86	0	0	1	100	11	75	76	77	78	79	80	81	82	83	84	85	0	0	0	0	0	1	0	0	0	0	0	39	42	42	44	43	38	41	37	29	36	34
86	86	0	0	1	101	7	76	77	78	79	80	81	82	0	0	0	0	1	0	0	31	31	30	36	35	36	31
86	86	0	0	1	102	10	76	77	78	79	80	81	82	83	84	85	0	0	0	0	1	0	0	0	0	0	30	28	27	23	36	38	35	38	40	40
86	86	0	0	1	103	8	78	79	80	81	82	83	84	85	0	0	1	0	0	0	0	0	32	24	41	40	41	37	39	41
86	86	0	0	1	104	7	79	80	81	82	83	84	85	0	1	0	0	0	0	0	38	41	37	33	38	35	39
86	86	0	0	1	105	3	83	84	85	0	0	0	39	35	40
86	86	0	0	1	106	4	86	87	88	89	0	0	0	0	31	26	31	30
86	86	0	0	1	107	6	90	91	92	93	94	95	0	0	0	0	0	0	36	41	36	35	30	35
86	86	0	0	1	108	5	90	91	92	93	94	0	0	0	0	0	36	30	36	26	26
86	86	0	0	1	109	4	92	93	94	95	0	0	0	0	34	25	32	29
86	86	0	0	1	110	3	94	95	96	0	0	0	38	36	32
86	86	0	0	1	111	7	94	95	96	97	98	99	100	0	0	0	0	0	0	0	41	36	41	39	44	40	42
86	86	0	0	1	112	4	97	98	99	100	0	0	0	0	24	26	33	27
