38	38	0	0	1	1	2	1	0	0	0
38	38	0	0	1	3	4	2	0	0	0
38	38	0	0	1	5	6	2	0	0	0
38	38	0	0	1	7	8	0	2	0	0
38	38	0	0	1	10	11	3	0	0	0
38	38	0	0	1	11	12	2	0	0	0
38	38	0	0	1	12	13	1	0	0	0
38	38	0	0	1	18	19	3	0	0	0
38	38	0	0	1	19	20	2	0	0	0
38	38	0	0	1	22	23	3	0	0	0
38	38	0	0	1	23	24	1	0	0	0
38	38	0	0	1	28	29	2	0	0	0
38	38	0	0	1	30	31	1	0	0	0
38	38	0	0	1	32	33	2	0	0	0
38	38	0	0	1	36	37	0	1	0	0
38	38	0	0	1	42	43	1	0	0	0
38	38	0	0	1	45	46	0	0	1	0
38	38	0	0	1	47	48	1	0	0	0
38	38	0	0	1	55	56	2	0	0	0
38	38	0	0	1	57	58	1	0	0	0
38	38	0	0	1	65	66	2	0	0	0
38	38	0	0	1	69	70	3	0	0	0
38	38	0	0	1	76	77	2	0	0	0
38	38	0	0	1	81	82	1	0	0	0
38	38	0	0	1	84	85	6	0	0	0
38	38	0	0	1	86	87	1	0	0	0
38	38	0	0	1	89	90	1	0	0	0
38	38	0	0	1	91	92	1	0	0	0
38	38	0	0	1	96	97	1	0	0	0
38	38	0	0	1	97	98	3	0	0	0
38	38	0	0	1	99	100	4	0	0	0
