81	81	0	0	1	1	2	3	0	0	0
81	81	0	0	1	5	6	1	0	0	0
81	81	0	0	1	6	7	1	0	0	0
81	81	0	0	1	17	18	1	0	0	0
81	81	0	0	1	26	27	3	0	0	0
81	81	0	0	1	27	28	1	0	0	0
81	81	0	0	1	28	29	1	0	0	0
81	81	0	0	1	32	33	1	0	4	0
81	81	0	0	1	37	38	0	0	1	0
81	81	0	0	1	39	40	0	0	2	0
81	81	0	0	1	45	46	0	0	2	0
81	81	0	0	1	46	47	2	0	0	0
81	81	0	0	1	47	48	2	0	0	0
81	81	0	0	1	48	49	1	0	0	0
81	81	0	0	1	52	53	1	0	0	0
81	81	0	0	1	55	56	1	0	0	0
81	81	0	0	1	58	59	1	0	0	0
81	81	0	0	1	63	64	1	0	0	0
81	81	0	0	1	65	66	3	0	0	0
81	81	0	0	1	68	69	1	0	0	0
81	81	0	0	1	69	70	1	0	0	0
81	81	0	0	1	76	77	2	0	0	0
81	81	0	0	1	81	82	1	0	0	0
81	81	0	0	1	84	85	2	0	0	0
81	81	0	0	1	86	87	3	0	0	0
81	81	0	0	1	91	92	1	0	0	0
81	81	0	0	1	94	95	1	0	0	0
81	81	0	0	1	96	97	1	0	0	0
81	81	0	0	1	97	98	2	0	0	0
81	81	0	0	1	99	100	3	0	0	0
