84	84	0	0	1	1	6	1	2	3	4	5	6	0	0	0	0	0	0	26	41	28	22	40	35
84	84	0	0	1	2	2	1	2	0	0	30	31
84	84	0	0	1	3	8	1	2	3	4	5	6	7	8	0	0	0	0	0	0	0	0	29	41	40	38	39	38	41	33
84	84	0	0	1	4	6	1	2	3	4	5	6	0	0	0	0	0	0	38	31	40	36	39	35
84	84	0	0	1	5	4	1	2	3	4	0	0	0	0	23	30	29	33
84	84	0	0	1	6	5	2	3	4	5	6	0	0	0	0	0	37	34	35	35	32
84	84	0	0	1	7	6	3	4	5	6	7	8	0	0	0	0	0	0	31	33	32	27	28	21
84	84	0	0	1	8	2	4	5	0	0	38	35
84	84	0	0	1	9	4	5	6	7	8	0	0	0	0	29	34	41	32
84	84	0	0	1	10	2	7	8	0	1	31	36
84	84	0	0	1	11	2	7	8	0	0	29	21
84	84	0	0	1	12	2	7	8	0	0	41	41
84	84	0	0	1	13	2	7	8	0	1	35	35
84	84	0	0	1	14	4	7	8	55	56	0	0	0	0	31	20	34	32
84	84	0	0	1	15	1	9	0	35
84	84	0	0	1	16	2	10	11	0	0	31	32
84	84	0	0	1	17	3	10	11	12	0	0	0	29	31	32
84	84	0	0	1	18	5	10	11	12	13	14	0	0	0	0	0	43	39	46	41	31
84	84	0	0	1	19	4	10	11	12	13	0	0	0	0	35	37	38	41
84	84	0	0	1	20	5	10	11	12	13	14	0	0	0	0	0	35	38	39	41	41
84	84	0	0	1	21	1	14	0	34
84	84	0	0	1	22	4	14	65	66	67	0	0	0	0	33	33	24	28
84	84	0	0	1	23	2	15	16	0	1	37	45
84	84	0	0	1	24	2	15	16	0	1	37	37
84	84	0	0	1	25	7	15	16	17	18	19	20	21	0	1	0	0	0	0	0	38	37	30	28	36	40	28
84	84	0	0	1	26	2	15	16	0	1	33	35
84	84	0	0	1	27	2	19	20	0	0	33	36
84	84	0	0	1	28	3	19	20	21	0	0	0	40	33	40
84	84	0	0	1	29	3	19	20	21	0	0	0	27	35	40
84	84	0	0	1	30	2	20	21	0	0	40	43
84	84	0	0	1	31	2	20	21	0	0	35	35
84	84	0	0	1	32	5	20	21	22	23	24	0	0	0	0	0	24	41	33	32	33
84	84	0	0	1	33	3	20	21	42	0	0	0	37	34	32
84	84	0	0	1	34	2	20	21	0	0	34	39
84	84	0	0	1	35	1	21	0	34
84	84	0	0	1	36	3	22	23	24	0	0	0	38	43	33
84	84	0	0	1	37	3	22	23	24	0	0	0	29	29	31
84	84	0	0	1	38	3	22	23	24	0	0	0	27	30	27
84	84	0	0	1	39	3	22	23	24	0	0	0	30	33	25
84	84	0	0	1	40	4	22	23	24	25	0	0	0	0	42	38	41	38
84	84	0	0	1	41	3	22	23	24	0	0	0	27	30	27
84	84	0	0	1	42	13	22	23	24	25	26	27	28	29	30	31	32	33	34	0	0	0	0	0	0	0	0	0	0	0	0	0	40	40	39	31	43	43	41	36	41	34	36	34	40
84	84	0	0	1	43	6	22	23	24	25	26	27	0	0	0	0	0	0	31	37	27	40	41	34
84	84	0	0	1	44	5	25	26	27	28	29	0	0	0	0	0	39	39	40	35	40
84	84	0	0	1	45	6	25	26	27	28	29	30	0	0	0	0	0	0	41	41	42	35	30	33
84	84	0	0	1	46	5	25	26	27	28	29	0	0	0	0	0	35	29	29	30	20
84	84	0	0	1	47	2	34	35	0	0	29	35
84	84	0	0	1	48	2	34	35	0	0	29	35
84	84	0	0	1	49	2	35	36	0	0	35	29
84	84	0	0	1	50	2	35	36	0	0	35	29
84	84	0	0	1	51	2	35	36	0	0	36	31
84	84	0	0	1	52	1	35	0	35
84	84	0	0	1	53	1	36	0	29
84	84	0	0	1	54	2	36	37	0	1	29	36
84	84	0	0	1	55	2	37	38	1	0	40	41
84	84	0	0	1	56	2	37	38	1	0	35	26
84	84	0	0	1	57	4	37	38	39	40	1	0	1	0	42	36	37	40
84	84	0	0	1	58	1	38	0	31
84	84	0	0	1	59	4	38	39	40	41	0	1	0	0	41	40	39	36
84	84	0	0	1	60	4	38	39	40	41	0	1	0	0	26	40	44	33
84	84	0	0	1	61	3	39	40	41	1	0	0	34	33	26
84	84	0	0	1	62	1	41	0	27
84	84	0	0	1	63	1	41	0	29
84	84	0	0	1	64	7	45	46	47	48	49	50	51	1	0	0	0	0	0	0	33	36	25	30	34	33	34
84	84	0	0	1	65	7	46	47	48	49	50	51	52	0	0	0	0	0	0	0	37	40	36	38	41	26	29
84	84	0	0	1	66	6	46	47	48	49	50	51	0	0	0	0	0	0	39	31	21	29	27	20
84	84	0	0	1	67	2	49	50	0	0	26	28
84	84	0	0	1	68	4	51	52	53	54	0	0	0	0	25	39	38	32
84	84	0	0	1	69	6	51	52	53	54	55	56	0	0	0	0	0	0	28	32	38	38	40	44
84	84	0	0	1	70	4	51	52	53	54	0	0	0	0	26	30	40	32
84	84	0	0	1	71	4	51	52	53	54	0	0	0	0	28	35	42	38
84	84	0	0	1	72	3	52	53	54	0	0	0	36	43	35
84	84	0	0	1	73	3	52	53	54	0	0	0	22	32	31
84	84	0	0	1	74	3	52	53	54	0	0	0	21	34	36
84	84	0	0	1	75	2	52	53	0	0	21	33
84	84	0	0	1	76	2	52	53	0	0	34	34
84	84	0	0	1	77	2	53	54	0	0	34	35
84	84	0	0	1	78	3	54	55	56	0	0	0	36	30	28
84	84	0	0	1	79	2	55	56	0	0	32	30
84	84	0	0	1	80	4	55	56	57	58	0	0	0	0	27	35	36	24
84	84	0	0	1	81	6	55	56	57	58	59	60	0	0	0	0	0	0	32	29	32	30	34	30
84	84	0	0	1	82	6	55	56	57	58	59	60	0	0	0	0	0	0	39	35	41	41	38	34
84	84	0	0	1	83	6	55	56	57	58	59	60	0	0	0	0	0	0	31	27	33	30	28	30
84	84	0	0	1	84	5	55	56	57	58	59	0	0	0	0	0	31	26	30	30	35
84	84	0	0	1	85	10	55	56	57	58	59	60	61	62	63	64	0	0	0	0	0	0	0	0	0	0	28	31	36	29	37	27	41	39	40	34
84	84	0	0	1	86	7	56	57	58	59	60	61	62	0	0	0	0	0	0	0	28	42	34	32	40	38	45
84	84	0	0	1	87	6	57	58	59	60	61	62	0	0	0	0	0	0	28	30	34	30	33	33
84	84	0	0	1	88	3	60	61	62	0	0	0	31	27	36
84	84	0	0	1	89	2	61	62	0	0	29	33
84	84	0	0	1	90	2	61	62	0	0	29	36
84	84	0	0	1	91	5	63	64	65	66	67	0	0	0	0	0	39	36	38	34	30
84	84	0	0	1	92	5	63	64	65	66	67	0	0	0	0	0	40	38	37	39	31
84	84	0	0	1	93	3	65	66	67	0	0	0	37	28	38
84	84	0	0	1	94	3	65	66	67	0	0	0	42	37	41
84	84	0	0	1	95	3	65	66	67	0	0	0	37	34	31
84	84	0	0	1	96	3	65	66	67	0	0	0	32	31	22
84	84	0	0	1	97	5	68	69	70	71	72	0	0	0	0	0	36	41	42	41	40
84	84	0	0	1	98	1	72	0	19
84	84	0	0	1	99	1	72	0	33
84	84	0	0	1	100	5	74	75	76	77	78	0	0	0	0	0	43	32	35	39	39
84	84	0	0	1	101	4	75	76	77	78	0	0	0	0	26	30	28	29
84	84	0	0	1	102	7	75	76	77	78	79	80	81	0	0	0	0	0	1	0	38	39	37	29	36	35	17
84	84	0	0	1	103	8	75	76	77	78	79	80	81	82	0	0	0	0	0	1	0	0	29	29	27	31	34	32	27	29
84	84	0	0	1	104	6	78	79	80	81	82	83	0	0	1	0	0	0	37	32	40	38	41	37
84	84	0	0	1	105	8	86	87	88	89	90	91	92	93	0	0	0	0	0	0	0	0	43	30	24	44	44	37	44	43
84	84	0	0	1	106	8	86	87	88	89	90	91	92	93	0	0	0	0	0	0	0	0	38	36	32	34	42	34	38	35
84	84	0	0	1	107	4	86	87	88	89	0	0	0	0	30	34	24	34
84	84	0	0	1	108	4	86	87	88	89	0	0	0	0	28	33	26	32
84	84	0	0	1	109	14	87	88	89	90	91	92	93	94	95	96	97	98	99	100	0	0	0	0	0	0	0	0	0	0	0	0	0	0	29	24	27	42	32	40	33	35	41	34	30	34	39	39
84	84	0	0	1	110	8	88	89	90	91	92	93	94	95	0	0	0	0	0	0	0	0	26	26	32	29	38	24	35	39
84	84	0	0	1	111	11	90	91	92	93	94	95	96	97	98	99	100	0	0	0	0	0	0	0	0	0	0	0	35	39	33	35	39	37	39	30	39	28	38
84	84	0	0	1	112	4	91	92	93	94	0	0	0	0	30	32	28	38
84	84	0	0	1	113	8	93	94	95	96	97	98	99	100	0	0	0	0	0	0	0	0	35	33	34	31	33	31	35	37
84	84	0	0	1	114	2	94	95	0	0	36	34
84	84	0	0	1	115	5	96	97	98	99	100	0	0	0	0	0	31	30	31	41	32
84	84	0	0	1	116	4	97	98	99	100	0	0	0	0	30	34	35	32
84	84	0	0	1	117	1	100	0	31
