96	96	0	0	1	1	4	1	2	3	4	0	0	0	0	28	30	16	25
96	96	0	0	1	2	6	1	2	3	4	5	6	0	0	0	0	0	0	31	38	38	40	35	37
96	96	0	0	1	3	8	1	2	3	4	5	6	7	8	0	0	0	0	0	0	0	1	32	37	37	39	38	35	39	40
96	96	0	0	1	4	4	1	2	3	4	0	0	0	0	37	35	27	21
96	96	0	0	1	5	6	1	2	3	4	5	6	0	0	0	0	0	0	34	33	30	38	34	29
96	96	0	0	1	6	4	1	2	3	4	0	0	0	0	34	26	30	32
96	96	0	0	1	7	8	1	2	3	4	5	6	7	8	0	0	0	0	0	0	0	1	27	37	28	18	38	36	42	42
96	96	0	0	1	8	7	1	2	3	4	5	6	7	0	0	0	0	0	0	0	25	28	31	35	35	28	31
96	96	0	0	1	9	2	7	8	0	1	33	32
96	96	0	0	1	10	2	8	9	1	0	42	42
96	96	0	0	1	11	1	9	0	41
96	96	0	0	1	12	1	9	0	28
96	96	0	0	1	13	1	9	0	41
96	96	0	0	1	14	1	9	0	29
96	96	0	0	1	15	1	9	0	34
96	96	0	0	1	16	1	9	0	31
96	96	0	0	1	17	4	10	11	12	13	0	0	0	0	42	38	41	39
96	96	0	0	1	18	5	10	11	12	13	14	0	0	0	0	0	35	41	36	41	44
96	96	0	0	1	19	1	14	0	40
96	96	0	0	1	20	1	15	0	35
96	96	0	0	1	21	5	15	16	17	18	19	0	1	0	0	0	38	35	41	33	32
96	96	0	0	1	22	5	15	16	17	18	19	0	1	0	0	0	39	41	37	36	29
96	96	0	0	1	23	4	15	16	17	18	0	1	0	0	34	34	29	19
96	96	0	0	1	24	3	17	18	19	0	0	0	21	30	32
96	96	0	0	1	25	4	17	18	19	20	0	0	0	0	20	31	36	32
96	96	0	0	1	26	5	20	21	22	23	24	0	0	0	0	0	39	34	46	40	39
96	96	0	0	1	27	2	20	21	0	0	33	43
96	96	0	0	1	28	3	22	23	24	0	0	0	28	29	30
96	96	0	0	1	29	9	22	23	24	25	26	27	28	29	30	0	0	0	0	0	0	0	0	0	37	37	43	28	35	37	37	33	30
96	96	0	0	1	30	3	22	23	24	0	0	0	34	43	40
96	96	0	0	1	31	1	24	0	31
96	96	0	0	1	32	7	25	26	27	28	29	30	31	0	0	0	0	0	0	0	34	30	29	22	30	34	37
96	96	0	0	1	33	6	26	27	28	29	30	31	0	0	0	0	0	0	31	30	21	31	33	36
96	96	0	0	1	34	6	26	27	28	29	30	31	0	0	0	0	0	0	27	33	19	28	35	36
96	96	0	0	1	35	5	32	33	34	35	36	0	0	0	0	0	35	37	26	35	41
96	96	0	0	1	36	4	35	36	37	38	0	0	1	0	32	41	42	36
96	96	0	0	1	37	1	35	0	34
96	96	0	0	1	38	2	36	37	0	1	36	41
96	96	0	0	1	39	2	37	38	1	0	44	38
96	96	0	0	1	40	6	37	38	39	40	41	42	1	0	1	0	0	0	43	35	41	41	43	42
96	96	0	0	1	41	4	37	38	39	40	1	0	1	0	42	36	40	43
96	96	0	0	1	42	7	38	39	40	41	42	43	44	0	1	0	0	0	0	0	36	39	48	45	41	37	37
96	96	0	0	1	43	4	39	40	41	70	1	0	0	0	34	31	31	30
96	96	0	0	1	44	3	41	42	43	0	0	0	37	43	41
96	96	0	0	1	45	2	41	42	0	0	32	27
96	96	0	0	1	46	2	42	43	0	0	31	33
96	96	0	0	1	47	7	42	43	44	45	46	47	48	0	0	0	1	0	0	0	39	39	36	35	40	34	36
96	96	0	0	1	48	7	42	43	44	45	46	47	48	0	0	0	1	0	0	0	35	40	41	40	42	34	39
96	96	0	0	1	49	8	42	43	44	45	46	47	48	49	0	0	0	1	0	0	0	0	38	40	43	43	41	43	36	30
96	96	0	0	1	50	7	44	45	46	47	48	49	50	0	1	0	0	0	0	0	35	33	30	20	31	30	29
96	96	0	0	1	51	6	44	45	46	47	48	49	0	1	0	0	0	0	36	31	39	24	32	38
96	96	0	0	1	52	10	44	45	46	47	48	49	50	51	52	53	0	1	0	0	0	0	0	0	0	0	34	21	35	32	38	38	27	31	40	36
96	96	0	0	1	53	7	45	46	47	48	49	50	51	1	0	0	0	0	0	0	43	37	40	35	39	37	32
96	96	0	0	1	54	7	45	46	47	48	49	50	51	1	0	0	0	0	0	0	45	38	37	32	40	41	28
96	96	0	0	1	55	4	51	52	53	54	0	0	0	0	26	37	38	37
96	96	0	0	1	56	2	51	52	0	0	27	26
96	96	0	0	1	57	3	52	53	54	0	0	0	20	31	33
96	96	0	0	1	58	2	53	54	0	0	31	28
96	96	0	0	1	59	2	53	54	0	0	19	29
96	96	0	0	1	60	6	55	56	57	58	59	60	0	0	0	0	0	0	30	28	30	30	36	28
96	96	0	0	1	61	5	55	56	57	58	59	0	0	1	0	0	29	27	32	32	38
96	96	0	0	1	62	6	55	56	57	58	59	60	0	0	1	0	0	0	42	38	42	42	41	40
96	96	0	0	1	63	6	55	56	57	58	59	60	0	0	1	0	0	0	31	28	34	30	36	29
96	96	0	0	1	64	5	63	64	65	66	67	0	0	0	0	0	30	28	32	30	21
96	96	0	0	1	65	1	67	0	37
96	96	0	0	1	66	1	68	0	39
96	96	0	0	1	67	3	68	69	70	0	0	0	36	34	30
96	96	0	0	1	68	1	71	0	29
96	96	0	0	1	69	1	72	0	24
96	96	0	0	1	70	8	73	74	75	76	77	78	79	80	0	0	0	0	0	0	0	1	41	43	41	46	39	45	37	41
96	96	0	0	1	71	8	73	74	75	76	77	78	79	80	0	0	0	0	0	0	0	1	32	40	27	40	33	33	22	32
96	96	0	0	1	72	2	73	74	0	0	31	30
96	96	0	0	1	73	13	73	74	75	76	77	78	79	80	81	82	83	84	85	0	0	0	0	0	0	0	1	0	0	0	0	0	38	37	33	30	40	33	34	44	36	45	37	32	36
96	96	0	0	1	74	5	75	76	77	78	79	0	0	0	0	0	38	37	23	33	28
96	96	0	0	1	75	3	75	76	77	0	0	0	27	30	28
96	96	0	0	1	76	5	75	76	77	78	79	0	0	0	0	0	32	30	26	33	18
96	96	0	0	1	77	1	79	0	28
96	96	0	0	1	78	1	79	0	18
96	96	0	0	1	79	15	79	80	81	82	83	84	85	86	87	88	89	90	91	92	93	0	1	0	0	0	0	0	0	0	0	0	0	0	0	0	22	36	33	30	24	27	42	40	35	28	45	43	43	43	35
96	96	0	0	1	80	6	80	81	82	83	84	85	1	0	0	0	0	0	35	33	29	34	34	27
96	96	0	0	1	81	4	82	83	84	85	0	0	0	0	44	35	33	29
96	96	0	0	1	82	2	84	85	0	0	39	39
96	96	0	0	1	83	2	84	85	0	0	38	29
96	96	0	0	1	84	4	84	85	86	87	0	0	0	0	32	29	30	19
96	96	0	0	1	85	6	90	91	92	93	94	95	0	0	0	0	0	0	41	41	44	43	38	40
96	96	0	0	1	86	2	94	95	0	0	34	28
96	96	0	0	1	87	7	94	95	96	97	98	99	100	0	0	0	0	0	0	0	39	28	36	28	36	29	32
96	96	0	0	1	88	5	96	97	98	99	100	0	0	0	0	0	38	27	39	28	40
96	96	0	0	1	89	5	96	97	98	99	100	0	0	0	0	0	39	33	42	37	41
