66	66	0	0	1	1	3	1	2	8	0	0	1	32	28	35
66	66	0	0	1	2	2	1	2	0	0	32	35
66	66	0	0	1	3	2	1	2	0	0	33	31
66	66	0	0	1	4	2	1	2	0	0	25	34
66	66	0	0	1	5	2	1	2	0	0	36	32
66	66	0	0	1	6	3	2	3	4	0	0	0	34	32	35
66	66	0	0	1	7	2	3	4	0	0	35	35
66	66	0	0	1	8	3	4	5	6	0	0	0	28	31	30
66	66	0	0	1	9	1	4	0	26
66	66	0	0	1	10	2	5	6	0	0	34	31
66	66	0	0	1	11	1	5	0	17
66	66	0	0	1	12	2	5	6	0	0	33	31
66	66	0	0	1	13	2	5	6	0	0	33	32
66	66	0	0	1	14	2	5	6	0	0	33	36
66	66	0	0	1	15	2	5	6	0	0	31	31
66	66	0	0	1	16	2	5	6	0	0	29	31
66	66	0	0	1	17	1	7	0	33
66	66	0	0	1	18	2	7	8	0	1	31	25
66	66	0	0	1	19	2	7	8	0	1	36	32
66	66	0	0	1	20	2	7	8	0	1	31	19
66	66	0	0	1	21	1	8	1	34
66	66	0	0	1	22	1	9	0	33
66	66	0	0	1	23	1	9	0	35
66	66	0	0	1	24	1	9	0	27
66	66	0	0	1	25	1	9	0	20
66	66	0	0	1	26	1	9	0	2
66	66	0	0	1	27	1	9	0	28
66	66	0	0	1	28	1	10	0	31
66	66	0	0	1	29	2	10	11	0	0	26	32
66	66	0	0	1	30	2	10	11	0	0	33	33
66	66	0	0	1	31	3	10	11	12	0	0	0	31	32	27
66	66	0	0	1	32	3	10	11	12	0	0	0	31	28	27
66	66	0	0	1	33	4	10	11	12	13	0	0	0	0	30	36	20	26
66	66	0	0	1	34	4	10	11	12	13	0	0	0	0	31	34	33	22
66	66	0	0	1	35	3	11	12	13	0	0	0	31	32	23
66	66	0	0	1	36	2	12	13	0	0	33	31
66	66	0	0	1	37	2	12	13	0	0	32	31
66	66	0	0	1	38	1	13	0	31
66	66	0	0	1	39	1	14	0	36
66	66	0	0	1	40	1	14	0	30
66	66	0	0	1	41	1	14	0	33
66	66	0	0	1	42	1	14	0	32
66	66	0	0	1	43	2	14	15	0	0	26	32
66	66	0	0	1	44	1	14	0	34
66	66	0	0	1	45	1	14	0	33
66	66	0	0	1	46	1	14	0	20
66	66	0	0	1	47	1	14	0	33
66	66	0	0	1	48	2	14	15	0	0	32	32
66	66	0	0	1	49	2	14	15	0	0	31	34
66	66	0	0	1	50	1	14	0	31
66	66	0	0	1	51	1	14	0	31
66	66	0	0	1	52	1	14	0	30
66	66	0	0	1	53	2	15	16	0	1	2	33
66	66	0	0	1	54	2	15	19	0	0	33	32
66	66	0	0	1	55	1	15	0	33
66	66	0	0	1	56	2	15	16	0	1	33	36
66	66	0	0	1	57	3	16	20	21	1	0	0	28	34	36
66	66	0	0	1	58	2	16	21	1	0	34	6
66	66	0	0	1	59	1	16	1	29
66	66	0	0	1	60	1	16	1	35
66	66	0	0	1	61	2	16	19	1	0	34	36
66	66	0	0	1	62	1	16	1	33
66	66	0	0	1	63	1	16	1	29
66	66	0	0	1	64	2	17	18	0	0	23	32
66	66	0	0	1	65	1	17	0	30
66	66	0	0	1	66	3	17	18	19	0	0	0	26	31	35
66	66	0	0	1	67	3	17	18	19	0	0	0	25	31	33
66	66	0	0	1	68	3	17	18	19	0	0	0	31	25	30
66	66	0	0	1	69	1	17	0	32
66	66	0	0	1	70	3	17	18	19	0	0	0	22	27	33
66	66	0	0	1	71	3	17	18	19	0	0	0	24	31	36
66	66	0	0	1	72	1	17	0	16
66	66	0	0	1	73	1	19	0	36
66	66	0	0	1	74	1	19	0	24
66	66	0	0	1	75	4	20	22	23	24	0	0	0	0	35	21	28	29
66	66	0	0	1	76	1	20	0	28
66	66	0	0	1	77	4	20	22	23	24	0	0	0	0	36	32	33	31
66	66	0	0	1	78	4	20	22	23	24	0	0	0	0	34	27	24	15
66	66	0	0	1	79	1	20	0	35
66	66	0	0	1	80	3	20	22	23	0	0	0	36	32	31
66	66	0	0	1	81	2	21	21	0	0	22	32
66	66	0	0	1	82	4	21	22	23	24	0	0	0	0	26	27	31	30
66	66	0	0	1	83	1	21	0	31
66	66	0	0	1	84	1	21	0	34
66	66	0	0	1	85	5	22	26	27	28	29	0	0	0	0	0	30	15	29	23	28
66	66	0	0	1	86	3	22	23	24	0	0	0	32	33	32
66	66	0	0	1	87	3	22	23	24	0	0	0	28	31	32
66	66	0	0	1	88	8	22	23	24	26	27	28	29	30	0	0	0	0	0	0	0	0	19	27	35	30	30	26	32	35
66	66	0	0	1	89	8	22	23	24	26	27	28	29	30	0	0	0	0	0	0	0	0	34	32	36	32	26	25	31	35
66	66	0	0	1	90	5	22	23	24	30	31	0	0	0	0	0	32	32	36	34	36
66	66	0	0	1	91	1	25	0	31
66	66	0	0	1	92	1	25	0	34
66	66	0	0	1	93	5	25	26	27	28	31	0	0	0	0	0	34	30	16	2	16
66	66	0	0	1	94	3	25	26	34	0	0	0	27	32	25
66	66	0	0	1	95	6	25	26	27	28	29	35	0	0	0	0	0	0	31	32	31	29	23	25
66	66	0	0	1	96	4	26	27	28	29	0	0	0	0	30	31	23	21
66	66	0	0	1	97	8	26	26	27	27	28	28	29	29	0	0	0	0	0	0	0	0	29	30	33	24	23	26	20	32
66	66	0	0	1	98	5	27	28	29	30	35	0	0	0	0	0	33	32	26	28	26
66	66	0	0	1	99	5	27	28	29	30	35	0	0	0	0	0	32	32	26	20	33
66	66	0	0	1	100	4	30	31	32	33	0	0	0	0	33	31	32	35
66	66	0	0	1	101	3	30	31	35	0	0	0	31	31	33
66	66	0	0	1	102	2	30	31	0	0	31	36
66	66	0	0	1	103	3	30	31	35	0	0	0	32	28	33
66	66	0	0	1	104	2	30	31	0	0	35	38
66	66	0	0	1	105	1	32	0	30
66	66	0	0	1	106	2	32	35	0	0	34	31
66	66	0	0	1	107	2	32	33	0	0	31	31
66	66	0	0	1	108	5	32	33	33	34	34	0	0	0	0	0	32	17	19	28	10
66	66	0	0	1	109	6	32	32	33	33	34	34	0	0	0	0	0	0	34	33	31	35	31	32
66	66	0	0	1	110	3	32	33	34	0	0	0	30	33	32
66	66	0	0	1	111	1	34	0	34
66	66	0	0	1	112	1	34	0	34
66	66	0	0	1	113	2	35	35	0	0	32	27
66	66	0	0	1	114	2	35	37	0	1	35	36
66	66	0	0	1	115	1	35	0	30
66	66	0	0	1	116	1	35	0	34
66	66	0	0	1	117	1	35	0	25
66	66	0	0	1	118	1	36	0	25
66	66	0	0	1	119	3	36	39	40	0	1	0	26	33	28
66	66	0	0	1	120	1	36	0	20
66	66	0	0	1	121	1	37	1	32
66	66	0	0	1	122	2	37	41	1	0	29	32
66	66	0	0	1	123	1	37	1	33
66	66	0	0	1	124	1	37	1	34
66	66	0	0	1	125	1	37	1	30
66	66	0	0	1	126	1	38	0	34
66	66	0	0	1	127	1	38	0	36
66	66	0	0	1	128	1	38	0	34
66	66	0	0	1	129	1	38	0	31
66	66	0	0	1	130	1	38	0	33
66	66	0	0	1	131	1	38	0	37
66	66	0	0	1	132	3	38	42	43	0	0	0	34	32	27
66	66	0	0	1	133	2	39	40	1	0	31	30
66	66	0	0	1	134	4	39	40	41	43	1	0	0	0	33	23	28	35
66	66	0	0	1	135	4	39	40	42	43	1	0	0	0	2	2	27	35
66	66	0	0	1	136	3	39	40	41	1	0	0	29	24	30
66	66	0	0	1	137	4	39	40	41	41	1	0	0	0	33	23	26	32
66	66	0	0	1	138	1	41	0	33
66	66	0	0	1	139	2	42	43	0	0	36	33
66	66	0	0	1	140	6	42	43	45	46	47	48	0	0	1	0	0	0	36	32	28	36	25	32
66	66	0	0	1	141	1	44	0	34
66	66	0	0	1	142	3	44	45	51	0	1	0	35	36	32
66	66	0	0	1	143	5	44	45	46	47	48	0	1	0	0	0	25	23	35	24	32
66	66	0	0	1	144	5	45	46	47	48	53	1	0	0	0	0	30	17	30	20	33
66	66	0	0	1	145	5	45	46	47	48	51	1	0	0	0	0	27	21	28	20	31
66	66	0	0	1	146	5	46	47	47	48	48	0	0	0	0	0	32	32	21	24	21
66	66	0	0	1	147	4	46	47	48	53	0	0	0	0	31	32	25	30
66	66	0	0	1	148	4	47	48	51	52	0	0	0	0	27	23	30	33
66	66	0	0	1	149	2	47	48	0	0	25	31
66	66	0	0	1	150	3	47	48	53	0	0	0	32	25	26
66	66	0	0	1	151	1	49	0	36
66	66	0	0	1	152	4	49	49	50	50	0	0	0	0	32	37	28	33
66	66	0	0	1	153	1	49	0	30
66	66	0	0	1	154	0
66	66	0	0	1	155	3	49	50	54	0	0	0	30	23	33
66	66	0	0	1	156	2	49	50	0	0	36	34
66	66	0	0	1	157	1	49	0	30
66	66	0	0	1	158	2	50	54	0	0	29	34
66	66	0	0	1	159	1	51	0	35
66	66	0	0	1	160	2	51	52	0	0	37	25
66	66	0	0	1	161	4	51	52	55	56	0	0	0	0	35	22	30	27
66	66	0	0	1	162	3	52	57	58	0	0	0	25	31	13
66	66	0	0	1	163	1	52	0	30
66	66	0	0	1	164	1	53	0	10
66	66	0	0	1	165	4	53	57	58	59	0	0	0	0	33	35	24	33
66	66	0	0	1	166	1	53	0	26
66	66	0	0	1	167	1	53	0	33
66	66	0	0	1	168	1	53	0	25
66	66	0	0	1	169	3	53	58	59	0	0	0	8	32	32
66	66	0	0	1	170	1	54	0	32
66	66	0	0	1	171	2	55	56	0	0	38	32
66	66	0	0	1	172	3	57	58	59	0	0	0	31	32	33
66	66	0	0	1	173	3	57	58	59	0	0	0	27	28	25
66	66	0	0	1	174	2	58	59	0	0	32	35
66	66	0	0	1	175	2	60	63	0	0	35	29
66	66	0	0	1	176	1	60	0	34
66	66	0	0	1	177	2	60	63	0	0	34	32
66	66	0	0	1	178	1	61	0	19
66	66	0	0	1	179	2	61	62	0	0	31	31
66	66	0	0	1	180	5	61	62	65	66	67	0	0	0	0	0	30	28	28	23	15
66	66	0	0	1	181	2	61	62	0	0	34	9
66	66	0	0	1	182	2	61	62	0	0	32	30
66	66	0	0	1	183	5	61	62	65	66	67	0	0	0	0	0	9	31	35	20	29
66	66	0	0	1	184	1	62	0	32
66	66	0	0	1	185	4	62	65	66	67	0	0	0	0	32	33	29	32
66	66	0	0	1	186	1	63	0	35
66	66	0	0	1	187	1	63	0	36
66	66	0	0	1	188	1	63	0	36
66	66	0	0	1	189	1	63	0	33
66	66	0	0	1	190	2	63	64	0	0	35	4
66	66	0	0	1	191	2	63	64	0	0	36	33
66	66	0	0	1	192	2	63	64	0	0	35	30
66	66	0	0	1	193	1	63	0	30
66	66	0	0	1	194	2	63	64	0	0	35	33
66	66	0	0	1	195	3	65	66	67	0	0	0	31	36	24
66	66	0	0	1	196	3	65	66	67	0	0	0	24	29	24
66	66	0	0	1	197	2	65	66	0	0	2	2
66	66	0	0	1	198	2	67	68	0	0	21	35
66	66	0	0	1	199	1	67	0	27
66	66	0	0	1	200	1	67	0	30
66	66	0	0	1	201	1	68	0	35
66	66	0	0	1	202	1	68	0	36
66	66	0	0	1	203	4	68	69	70	73	0	0	0	0	34	25	25	32
66	66	0	0	1	204	4	68	69	70	73	0	0	0	0	35	24	29	32
66	66	0	0	1	205	5	68	69	70	73	74	0	0	0	0	0	35	31	31	32	32
66	66	0	0	1	206	2	68	69	0	0	35	27
66	66	0	0	1	207	3	68	69	70	0	0	0	32	27	24
66	66	0	0	1	208	1	68	0	35
66	66	0	0	1	209	6	68	69	69	70	70	71	0	0	0	0	0	0	36	31	7	33	23	30
66	66	0	0	1	210	2	71	75	0	0	36	16
66	66	0	0	1	211	3	71	76	77	0	0	0	35	29	33
66	66	0	0	1	212	1	72	0	6
66	66	0	0	1	213	1	72	0	32
66	66	0	0	1	214	1	72	0	25
66	66	0	0	1	215	3	73	80	81	0	1	0	25	29	30
66	66	0	0	1	216	2	73	74	0	0	23	28
66	66	0	0	1	217	4	73	74	81	82	0	0	0	0	11	28	32	32
66	66	0	0	1	218	2	73	74	0	0	20	27
66	66	0	0	1	219	4	73	74	81	82	0	0	0	0	24	32	30	26
66	66	0	0	1	220	1	73	0	2
66	66	0	0	1	221	3	74	81	82	0	0	0	32	28	30
66	66	0	0	1	222	1	74	0	9
66	66	0	0	1	223	2	74	82	0	0	31	30
66	66	0	0	1	224	2	75	83	0	0	32	17
66	66	0	0	1	225	3	75	81	82	0	0	0	21	34	27
66	66	0	0	1	226	4	76	77	78	79	0	0	0	0	22	9	27	33
66	66	0	0	1	227	5	77	78	79	84	85	0	0	0	0	0	31	36	33	33	36
66	66	0	0	1	228	2	78	79	0	0	29	33
66	66	0	0	1	229	1	79	0	12
66	66	0	0	1	230	2	80	81	1	0	22	23
66	66	0	0	1	231	2	80	81	1	0	33	31
66	66	0	0	1	232	3	80	81	82	1	0	0	29	33	30
66	66	0	0	1	233	6	81	82	86	87	88	89	0	0	0	0	0	0	31	32	33	33	27	30
66	66	0	0	1	234	4	82	83	84	85	0	0	0	0	33	29	30	36
66	66	0	0	1	235	2	83	83	0	0	34	32
66	66	0	0	1	236	5	83	86	87	88	89	0	0	0	0	0	20	34	35	32	35
66	66	0	0	1	237	3	83	83	84	0	0	0	35	22	33
66	66	0	0	1	238	5	84	85	90	91	92	0	0	0	0	0	27	31	30	23	36
66	66	0	0	1	239	4	84	84	85	85	0	0	0	0	33	33	26	36
66	66	0	0	1	240	2	84	85	0	0	36	33
66	66	0	0	1	241	3	86	87	88	0	0	0	27	34	28
66	66	0	0	1	242	3	86	87	88	0	0	0	35	36	34
66	66	0	0	1	243	3	86	87	88	0	0	0	35	36	33
66	66	0	0	1	244	7	89	90	96	97	98	99	100	0	0	0	0	0	0	0	30	33	34	34	34	29	27
66	66	0	0	1	245	2	90	91	0	0	32	28
66	66	0	0	1	246	6	91	92	93	98	99	100	0	0	0	0	0	0	32	34	32	29	34	25
66	66	0	0	1	247	4	92	93	94	95	0	0	0	0	32	32	34	36
66	66	0	0	1	248	2	94	95	0	0	34	7
66	66	0	0	1	249	1	96	0	31
66	66	0	0	1	250	1	96	0	30
66	66	0	0	1	251	5	96	97	98	99	100	0	0	0	0	0	34	19	28	30	26
66	66	0	0	1	252	5	96	97	98	99	100	0	0	0	0	0	33	31	34	32	32
66	66	0	0	1	253	3	98	99	100	0	0	0	35	35	35
66	66	0	0	1	254	2	99	100	0	0	32	35
66	66	0	0	1	255	1	100	0	36
