53	53	0	0	1	1	2	1	0	0	0
53	53	0	0	1	2	3	2	0	0	0
53	53	0	0	1	3	4	1	0	0	0
53	53	0	0	1	5	6	1	0	0	0
53	53	0	0	1	6	7	1	0	0	0
53	53	0	0	1	7	8	1	2	0	0
53	53	0	0	1	8	9	0	0	1	0
53	53	0	0	1	10	11	1	0	0	0
53	53	0	0	1	11	12	3	0	0	0
53	53	0	0	1	14	15	1	0	0	0
53	53	0	0	1	15	16	1	2	0	0
53	53	0	0	1	17	18	2	0	0	0
53	53	0	0	1	18	19	1	0	0	0
53	53	0	0	1	20	21	1	0	0	0
53	53	0	0	1	23	24	2	0	0	0
53	53	0	0	1	25	26	1	0	0	0
53	53	0	0	1	26	27	1	0	0	0
53	53	0	0	1	28	29	1	0	0	0
53	53	0	0	1	30	31	1	0	0	0
53	53	0	0	1	31	32	1	0	0	0
53	53	0	0	1	32	33	0	0	1	0
53	53	0	0	1	33	34	4	0	0	0
53	53	0	0	1	39	40	0	0	1	0
53	53	0	0	1	40	41	1	0	0	0
53	53	0	0	1	42	43	4	0	0	0
53	53	0	0	1	45	46	1	0	1	0
53	53	0	0	1	46	47	1	0	0	0
53	53	0	0	1	47	48	2	0	0	0
53	53	0	0	1	48	49	1	0	0	0
53	53	0	0	1	49	50	2	0	0	0
53	53	0	0	1	50	51	1	0	0	0
53	53	0	0	1	51	52	2	0	0	0
53	53	0	0	1	52	53	1	0	0	0
53	53	0	0	1	55	56	1	0	0	0
53	53	0	0	1	56	57	2	0	0	0
53	53	0	0	1	58	59	2	0	0	0
53	53	0	0	1	59	60	1	0	0	0
53	53	0	0	1	61	62	3	0	0	0
53	53	0	0	1	63	64	2	0	0	0
53	53	0	0	1	66	67	1	0	0	0
53	53	0	0	1	69	70	2	0	0	0
53	53	0	0	1	71	72	1	0	0	0
53	53	0	0	1	73	74	2	0	0	0
53	53	0	0	1	74	75	2	0	0	0
53	53	0	0	1	76	77	1	0	0	0
53	53	0	0	1	77	78	1	0	0	0
53	53	0	0	1	79	80	0	2	0	0
53	53	0	0	1	80	81	0	0	1	0
53	53	0	0	1	84	85	1	0	2	0
53	53	0	0	1	87	88	2	0	0	0
53	53	0	0	1	94	95	3	0	1	0
53	53	0	0	1	96	97	1	0	0	0
53	53	0	0	1	97	98	5	0	0	0
53	53	0	0	1	98	99	1	0	0	0
53	53	0	0	1	99	100	5	0	0	0
