75	75	0	0	1	1	1	1	0	36
75	75	0	0	1	2	1	1	0	33
75	75	0	0	1	3	2	1	2	0	0	30	34
75	75	0	0	1	4	2	3	4	0	0	27	37
75	75	0	0	1	5	1	7	0	36
75	75	0	0	1	6	1	8	1	23
75	75	0	0	1	7	1	9	0	24
75	75	0	0	1	8	1	9	0	30
75	75	0	0	1	9	1	10	0	33
75	75	0	0	1	10	2	12	13	0	0	30	24
75	75	0	0	1	11	1	13	0	33
75	75	0	0	1	12	1	13	0	27
75	75	0	0	1	13	1	13	0	33
75	75	0	0	1	14	1	13	0	29
75	75	0	0	1	15	1	13	0	33
75	75	0	0	1	16	1	13	0	22
75	75	0	0	1	17	1	14	0	31
75	75	0	0	1	18	1	14	0	32
75	75	0	0	1	19	1	14	0	28
75	75	0	0	1	20	1	17	0	33
75	75	0	0	1	21	2	17	19	0	0	34	29
75	75	0	0	1	22	2	17	18	0	0	31	25
75	75	0	0	1	23	2	17	18	0	0	29	13
75	75	0	0	1	24	1	18	0	19
75	75	0	0	1	25	2	20	21	0	0	30	33
75	75	0	0	1	26	1	21	0	30
75	75	0	0	1	27	1	22	0	34
75	75	0	0	1	28	1	22	0	33
75	75	0	0	1	29	3	22	23	24	0	0	0	28	27	32
75	75	0	0	1	30	3	22	23	24	0	0	0	32	34	32
75	75	0	0	1	31	1	24	0	37
75	75	0	0	1	32	1	25	0	36
75	75	0	0	1	33	1	25	0	37
75	75	0	0	1	34	2	25	31	0	0	31	29
75	75	0	0	1	35	2	26	31	0	0	24	24
75	75	0	0	1	36	1	26	0	28
75	75	0	0	1	37	4	26	27	28	29	0	0	0	0	32	32	31	12
75	75	0	0	1	38	2	30	31	0	0	26	36
75	75	0	0	1	39	1	32	0	10
75	75	0	0	1	40	2	32	33	0	0	36	17
75	75	0	0	1	41	2	32	33	0	0	36	34
75	75	0	0	1	42	1	34	0	33
75	75	0	0	1	43	2	37	38	1	0	36	28
75	75	0	0	1	44	1	37	1	36
75	75	0	0	1	45	1	37	1	35
75	75	0	0	1	46	1	37	1	32
75	75	0	0	1	47	1	37	1	37
75	75	0	0	1	48	1	37	1	36
75	75	0	0	1	49	1	38	0	32
75	75	0	0	1	50	1	41	0	28
75	75	0	0	1	51	1	41	0	34
75	75	0	0	1	52	1	42	0	32
75	75	0	0	1	53	1	42	0	34
75	75	0	0	1	54	1	43	0	37
75	75	0	0	1	55	2	44	45	0	1	32	22
75	75	0	0	1	56	3	47	48	49	0	0	0	32	27	35
75	75	0	0	1	57	3	47	48	50	0	0	0	33	27	34
75	75	0	0	1	58	1	48	0	22
75	75	0	0	1	59	2	49	51	0	0	24	29
75	75	0	0	1	60	2	49	51	0	0	33	12
75	75	0	0	1	61	2	51	52	0	0	32	31
75	75	0	0	1	62	1	52	0	28
75	75	0	0	1	63	1	52	0	26
75	75	0	0	1	64	1	52	0	23
75	75	0	0	1	65	1	54	0	18
75	75	0	0	1	66	2	55	56	0	0	35	32
75	75	0	0	1	67	2	55	56	0	0	27	25
75	75	0	0	1	68	2	57	60	0	0	32	20
75	75	0	0	1	69	2	57	60	0	0	32	24
75	75	0	0	1	70	3	57	58	60	0	0	0	29	30	30
75	75	0	0	1	71	2	58	59	0	0	15	21
75	75	0	0	1	72	2	60	61	0	0	19	33
75	75	0	0	1	73	2	60	61	0	0	31	27
75	75	0	0	1	74	2	60	62	0	0	36	36
75	75	0	0	1	75	2	60	62	0	0	34	4
75	75	0	0	1	76	1	62	0	37
75	75	0	0	1	77	3	63	63	64	0	0	0	22	30	33
75	75	0	0	1	78	4	63	65	66	67	0	0	0	0	28	36	33	33
75	75	0	0	1	79	3	63	64	67	0	0	0	38	28	19
75	75	0	0	1	80	4	64	65	66	67	0	0	0	0	26	31	4	29
75	75	0	0	1	81	2	65	66	0	0	27	17
75	75	0	0	1	82	2	65	66	0	0	35	35
75	75	0	0	1	83	1	67	0	32
75	75	0	0	1	84	1	71	0	39
75	75	0	0	1	85	1	71	0	33
75	75	0	0	1	86	1	73	0	22
75	75	0	0	1	87	1	74	0	25
75	75	0	0	1	88	1	74	0	32
75	75	0	0	1	89	3	74	76	77	0	0	0	33	18	26
75	75	0	0	1	90	3	75	76	77	0	0	0	25	28	28
75	75	0	0	1	91	4	75	76	77	78	0	0	0	0	20	13	18	33
75	75	0	0	1	92	2	75	78	0	0	36	20
75	75	0	0	1	93	2	75	78	0	0	36	32
75	75	0	0	1	94	2	76	80	0	1	31	30
75	75	0	0	1	95	2	76	78	0	0	32	30
75	75	0	0	1	96	3	76	77	78	0	0	0	33	33	28
75	75	0	0	1	97	1	78	0	26
75	75	0	0	1	98	3	79	81	82	0	0	0	32	37	33
75	75	0	0	1	99	2	80	83	1	0	35	36
75	75	0	0	1	100	3	82	84	85	0	0	0	34	34	33
75	75	0	0	1	101	1	83	0	22
75	75	0	0	1	102	1	83	0	27
75	75	0	0	1	103	1	84	0	33
75	75	0	0	1	104	1	85	0	32
75	75	0	0	1	105	4	86	87	88	89	0	0	0	0	35	34	32	35
75	75	0	0	1	106	1	89	0	17
75	75	0	0	1	107	1	90	0	29
75	75	0	0	1	108	1	91	0	33
75	75	0	0	1	109	3	91	92	93	0	0	0	34	38	25
