61	61	0	0	1	1	2	7	0	0	0
61	61	0	0	1	2	3	10	0	0	0
61	61	0	0	1	3	4	10	0	0	0
61	61	0	0	1	4	5	8	0	0	0
61	61	0	0	1	5	6	9	0	0	0
61	61	0	0	1	6	7	3	0	0	0
61	61	0	0	1	7	8	5	2	0	0
61	61	0	0	1	10	11	4	0	0	0
61	61	0	0	1	11	12	6	0	0	0
61	61	0	0	1	12	13	5	0	0	0
61	61	0	0	1	13	14	3	0	0	0
61	61	0	0	1	15	16	6	1	0	0
61	61	0	0	1	16	17	1	0	0	0
61	61	0	0	1	17	18	3	0	0	0
61	61	0	0	1	18	19	9	0	0	0
61	61	0	0	1	19	20	1	0	0	0
61	61	0	0	1	20	21	10	0	1	0
61	61	0	0	1	22	23	7	0	0	0
61	61	0	0	1	23	24	16	0	0	0
61	61	0	0	1	26	27	6	0	0	0
61	61	0	0	1	27	28	5	0	0	0
61	61	0	0	1	28	29	9	0	0	0
61	61	0	0	1	29	30	4	0	0	0
61	61	0	0	1	30	31	1	4	0	0
61	61	0	0	1	31	32	0	0	0	1
61	61	0	0	1	32	33	3	0	4	0
61	61	0	0	1	33	34	9	0	0	0
61	61	0	0	1	35	36	4	0	0	0
61	61	0	0	1	37	38	1	0	1	0
61	61	0	0	1	38	39	0	2	0	0
61	61	0	0	1	39	40	0	0	6	0
61	61	0	0	1	40	41	9	0	0	0
61	61	0	0	1	42	43	13	0	0	0
61	61	0	0	1	43	44	1	0	0	0
61	61	0	0	1	44	45	2	3	0	0
61	61	0	0	1	45	46	5	0	5	0
61	61	0	0	1	46	47	2	0	0	0
61	61	0	0	1	47	48	11	0	0	0
61	61	0	0	1	49	50	5	0	0	0
61	61	0	0	1	50	51	13	0	0	0
61	61	0	0	1	51	52	3	0	0	0
61	61	0	0	1	52	53	3	0	0	0
61	61	0	0	1	53	54	4	0	0	0
61	61	0	0	1	55	56	10	0	0	0
61	61	0	0	1	56	57	8	0	0	0
61	61	0	0	1	57	58	4	0	0	0
61	61	0	0	1	58	59	12	0	0	0
61	61	0	0	1	59	60	4	0	0	0
61	61	0	0	1	61	62	9	0	0	0
61	61	0	0	1	62	63	2	0	0	0
61	61	0	0	1	63	64	10	0	0	0
61	61	0	0	1	64	65	1	0	0	0
61	61	0	0	1	65	66	4	1	0	0
61	61	0	0	1	66	67	11	0	0	0
61	61	0	0	1	68	69	3	0	0	0
61	61	0	0	1	69	70	13	0	0	0
61	61	0	0	1	70	71	4	0	0	0
61	61	0	0	1	71	72	8	0	0	0
61	61	0	0	1	72	73	1	0	0	0
61	61	0	0	1	73	74	9	0	0	0
61	61	0	0	1	74	75	2	0	0	0
61	61	0	0	1	76	77	3	0	0	0
61	61	0	0	1	77	78	10	0	0	0
61	61	0	0	1	78	79	3	0	0	0
61	61	0	0	1	79	80	0	2	0	0
61	61	0	0	1	80	81	0	0	4	0
61	61	0	0	1	81	82	12	0	0	0
61	61	0	0	1	82	83	2	0	0	0
61	61	0	0	1	83	84	0	1	0	0
61	61	0	0	1	84	85	3	0	7	0
61	61	0	0	1	85	86	2	0	0	0
61	61	0	0	1	86	87	2	0	0	0
61	61	0	0	1	87	88	17	0	0	0
61	61	0	0	1	88	89	2	0	0	0
61	61	0	0	1	89	90	15	0	0	0
61	61	0	0	1	90	91	1	0	0	0
61	61	0	0	1	91	92	12	0	0	0
61	61	0	0	1	92	93	6	0	0	0
61	61	0	0	1	93	94	1	4	0	0
61	61	0	0	1	94	95	8	0	7	0
61	61	0	0	1	95	96	1	0	0	0
61	61	0	0	1	96	97	4	0	0	0
61	61	0	0	1	97	98	10	0	0	0
61	61	0	0	1	98	99	7	0	0	0
61	61	0	0	1	99	100	13	0	0	0
