62	62	0	0	1	1	2	3	0	0	0
62	62	0	0	1	3	4	2	0	0	0
62	62	0	0	1	4	5	1	0	0	0
62	62	0	0	1	5	6	1	0	0	0
62	62	0	0	1	10	11	4	0	0	0
62	62	0	0	1	11	12	1	0	0	0
62	62	0	0	1	12	13	2	0	0	0
62	62	0	0	1	16	17	1	0	0	0
62	62	0	0	1	17	18	2	0	0	0
62	62	0	0	1	18	19	2	0	0	0
62	62	0	0	1	20	21	3	0	0	0
62	62	0	0	1	22	23	7	0	0	0
62	62	0	0	1	23	24	1	0	0	0
62	62	0	0	1	26	27	4	0	1	0
62	62	0	0	1	28	29	6	0	0	0
62	62	0	0	1	30	31	2	2	0	0
62	62	0	0	1	32	33	1	0	2	0
62	62	0	0	1	33	34	1	0	0	0
62	62	0	0	1	37	38	0	0	1	0
62	62	0	0	1	38	39	0	1	0	0
62	62	0	0	1	39	40	0	0	1	0
62	62	0	0	1	41	42	1	0	0	0
62	62	0	0	1	42	43	1	0	0	0
62	62	0	0	1	44	45	1	1	0	0
62	62	0	0	1	45	46	1	0	0	0
62	62	0	0	1	49	50	2	0	0	0
62	62	0	0	1	50	51	2	0	0	0
62	62	0	0	1	51	52	1	0	0	0
62	62	0	0	1	55	56	2	0	0	0
62	62	0	0	1	57	58	1	0	0	0
62	62	0	0	1	60	61	2	0	0	0
62	62	0	0	1	61	62	3	0	0	0
62	62	0	0	1	63	64	1	0	0	0
62	62	0	0	1	64	65	1	0	0	0
62	62	0	0	1	65	66	5	0	0	0
62	62	0	0	1	66	67	2	0	0	0
62	62	0	0	1	68	69	4	0	0	0
62	62	0	0	1	69	70	1	0	0	0
62	62	0	0	1	73	74	4	0	0	0
62	62	0	0	1	75	76	3	0	0	0
62	62	0	0	1	76	77	2	0	0	0
62	62	0	0	1	77	78	3	0	0	0
62	62	0	0	1	78	79	1	0	0	0
62	62	0	0	1	80	81	0	0	2	0
62	62	0	0	1	81	82	3	0	0	0
62	62	0	0	1	83	84	1	0	0	0
62	62	0	0	1	84	85	0	0	1	0
62	62	0	0	1	86	87	1	0	0	0
62	62	0	0	1	88	89	2	0	0	0
62	62	0	0	1	89	90	1	0	0	0
62	62	0	0	1	91	92	1	0	0	0
62	62	0	0	1	94	95	1	0	1	0
62	62	0	0	1	96	97	3	0	0	0
62	62	0	0	1	97	98	2	0	0	0
62	62	0	0	1	98	99	4	0	0	0
62	62	0	0	1	99	100	3	0	0	0
