10 10 0 0 1 6 4 7 14 21 13 30 2 21 8 36 0 14 17 30 1 2 32 11 20 32 0 13 9 8 13 21 0 15 15 18 11 30 1 20 0 15 12 24 0 17 7 12 18 26 0 23 0 17 8 20 0 12 8 22 7 27 0 17 15 9 11 24 0 29 0 8 8 7 13 8 12 32 2 13 16 15 15 11 16 9 12 17 9 20 0 10 14 30 0 17 11 15 12 21 10 15 14 9 12 12 10 16 10 12 11 16 7 9 11 11 11 26 0 19 0 23 0 19 12 14 16 17 10 16 12 12 13 18 0 24 0 15 11 30 0 12 11 28 2 33 2 26 0 29 1 9 15 29 0 13 14 17 0 24 1 17 11 27 0 36 1 18 1 12 5 17 16 11 18 23 1 20 2 11 9 17 8 27 0 21 0 17 10 30 0 20 0 10 12 1 18 35 0 1 28 14 6 19 1
1 1 0 0 1 8 8 16 10 11 19 31 1 18 11 19 17 13 16 29 1 1 26 14 11 26 0 17 16 32 0 11 9 17 15 18 0 25 0 32 1 10 14 18 1 24 1 13 7 13 13 11 11 12 14 13 11 30 1 10 14 28 0 11 17 16 16 27 0 29 1 9 3 12 17 16 12 28 2 6 10 1 20 0 20 1 20 27 0 12 17 21 0 16 1 0 15 1 26 2 18 0 22 0 22 26 1 33 1 29 2 2 23 2 21 1 37 33 1 17 0 9 9 26 0 26 1 24 2 13 15 1 24 21 1 30 0 21 1 26 1 2 27 28 1 12 13 28 0 36 0 29 0 13 13 27 0 12 12 24 0 26 0 29 0 21 1 10 13 28 1 30 2 14 15 23 0 21 0 23 2 1 18 30 0 18 12 1 28 16 11 29 0 22 0 0 25 27 0 0 24 14 11 31 0
2 2 0 0 1 14 0 19 2 20 0 25 1 20 2 33 2 13 12 22 2 0 24 3 22 13 14 15 8 24 2 24 1 0 24 22 1 15 12 16 8 17 12 17 11 22 0 26 1 34 0 19 0 0 25 33 1 16 0 27 0 21 0 25 1 1 20 13 11 27 0 2 25 31 1 2 31 5 11 36 0 13 17 13 9 15 2 10 6 15 7 26 0 26 0 21 9 14 10 10 7 12 11 1 26 30 1 24 1 33 1 8 7 15 11 23 11 14 13 21 0 17 1 28 0 10 6 8 15 24 0 13 10 7 15 12 9 18 0 15 6 15 12 12 5 14 15 35 0 16 16 14 12 9 7 25 0 25 0 15 18 13 11 23 0 12 14 24 1 28 3 3 12 24 1 10 13 12 8 18 13 15 10 11 7 17 15 15 9 33 3 13 10 23 0 1 21 41 0 3 23 31 3 25 0
3 3 0 0 1 10 7 11 4 15 15 22 2 9 9 37 0 17 8 26 1 1 19 14 11 30 0 8 11 8 13 28 0 1 21 15 18 24 1 16 12 15 13 24 0 7 7 23 1 37 0 31 1 0 22 27 0 12 10 27 0 25 0 28 0 1 27 15 13 28 0 1 27 31 0 0 24 26 0 29 1 30 1 24 0 19 1 0 21 30 1 13 19 28 0 25 1 17 0 28 0 27 1 7 14 14 7 8 15 12 13 25 0 32 1 27 0 17 12 10 8 24 0 16 8 0 23 0 29 30 0 28 2 10 5 18 10 12 7 24 2 22 2 17 11 27 0 28 1 33 0 2 28 18 0 11 6 21 1 9 9 1 13 8 11 14 12 28 0 16 11 0 20 25 0 20 1 18 13 1 20 30 1 10 11 24 0 25 1 26 0 16 20 19 17 0 21 28 2 0 29 22 0 25 2
4 4 0 0 1 0 13 0 21 0 22 25 1 0 22 29 0 26 0 30 4 1 28 28 1 19 1 21 0 23 0 25 0 23 2 30 0 23 1 27 0 48 0 28 3 26 0 1 16 20 1 28 0 36 0 26 1 19 2 2 23 11 7 2 14 19 2 29 2 33 0 26 0 0 18 26 2 34 0 23 0 0 22 1 25 0 23 30 0 15 2 24 1 13 9 0 22 1 24 0 28 1 27 0 28 29 0 36 0 21 0 1 17 3 27 1 23 23 0 29 0 28 0 29 1 33 1 24 0 1 20 1 19 36 1 31 0 22 2 24 1 0 17 23 0 40 0 26 1 22 1 27 1 26 0 27 0 31 0 22 0 17 1 24 0 29 1 22 0 23 0 35 0 31 0 26 1 23 1 31 0 0 27 29 0 25 0 1 22 21 1 20 0 17 1 1 18 9 10 1 22 0 13 21 1
5 5 0 0 1 11 0 25 1 26 0 22 4 40 0 27 0 13 9 12 12 0 26 2 20 26 1 12 16 15 16 28 1 1 28 16 20 30 0 8 12 17 8 26 0 10 10 21 0 23 0 22 2 2 19 23 2 14 15 23 0 24 0 23 1 1 22 12 8 20 0 2 18 29 1 0 21 23 0 17 0 26 0 30 0 24 1 0 21 19 0 9 10 21 0 25 1 24 1 34 0 31 2 15 21 25 13 12 7 9 7 29 1 22 1 24 1 20 12 27 0 25 0 13 11 0 16 1 24 18 0 17 0 17 9 21 16 14 5 19 0 24 3 12 13 26 0 23 0 19 0 0 29 26 2 12 16 24 0 13 12 1 21 21 0 13 9 26 0 29 0 0 20 25 2 33 0 21 12 0 21 24 1 11 17 30 0 21 2 39 0 14 19 12 8 0 22 21 1 0 26 24 3 24 0
6 6 0 0 1 18 0 15 1 36 0 16 0 24 1 31 0 0 25 29 0 2 16 1 25 12 19 0 19 10 14 25 1 0 21 19 12 12 20 14 0 3 19 10 12 13 15 24 2 17 2 24 1 0 26 26 0 20 11 22 0 20 0 18 0 2 19 25 0 24 0 0 22 31 2 1 17 18 15 26 1 12 9 17 7 11 12 6 10 11 9 7 10 30 1 10 19 10 13 13 9 14 8 16 12 11 9 12 8 17 16 14 15 14 18 13 12 32 0 27 1 34 0 7 12 9 11 9 10 25 1 13 11 29 0 29 1 16 18 17 3 10 14 10 9 12 15 12 19 14 17 20 14 10 10 32 0 31 1 10 20 16 8 16 10 11 10 32 2 31 0 11 15 26 0 18 14 16 14 16 10 17 5 24 10 13 16 10 14 29 0 13 12 28 1 1 24 31 1 0 21 23 0 28 0
7 7 0 0 1 16 0 21 1 25 1 13 15 27 1 32 0 31 1 0 20 0 19 3 21 23 2 26 0 24 1 29 0 1 17 18 0 23 0 0 29 32 1 27 1 23 0 26 1 33 0 32 1 3 22 22 0 28 0 23 0 26 0 29 0 0 19 0 26 25 1 1 28 33 1 2 21 32 5 29 0 23 0 29 0 32 0 2 19 23 0 25 0 23 0 28 0 18 1 24 0 25 0 0 21 22 1 16 0 25 1 27 0 22 0 0 22 14 1 28 1 22 1 29 0 30 1 31 1 1 30 3 26 22 0 22 2 25 0 26 1 0 26 29 0 25 2 28 0 19 1 27 1 30 1 32 1 35 1 26 0 25 0 22 2 32 0 22 1 24 1 25 1 28 1 23 0 29 0 25 0 1 25 24 0 27 0 2 25 35 1 21 1 18 1 0 19 23 1 1 22 0 15 1 18
8 8 0 0 1 10 5 11 9 15 7 26 0 12 14 32 2 12 12 24 1 0 20 9 17 20 1 10 18 13 16 31 2 15 11 19 11 30 2 24 0 8 14 29 0 27 0 10 6 22 0 28 1 4 13 26 1 15 10 15 14 25 0 16 14 10 13 25 0 15 10 8 11 13 11 7 16 31 1 16 15 9 8 16 8 21 13 9 10 21 0 14 12 26 0 18 12 13 10 16 9 16 8 13 7 8 10 18 11 24 15 10 8 16 8 13 11 27 1 24 0 28 0 15 16 13 14 18 15 11 15 11 15 25 1 16 1 12 14 17 0 16 10 24 0 23 2 24 1 31 0 12 12 30 0 19 13 26 1 34 0 14 17 28 0 21 0 25 0 19 1 13 17 16 0 20 1 28 3 9 13 37 0 16 17 27 1 13 12 20 1 35 0 9 14 0 18 31 2 1 29 10 10 35 0
9 9 0 0 1 5 13 8 15 22 10 17 1 12 11 25 0 27 0 32 0 0 23 13 10 20 0 29 0 30 1 19 0 11 15 23 0 24 1 15 12 17 1 27 2 19 0 12 11 18 2 36 0 10 13 26 1 30 0 11 9 28 1 16 10 10 12 22 5 30 0 15 11 15 18 22 20 32 1 24 0 14 16 14 14 15 7 14 12 25 1 27 1 18 15 14 13 13 13 21 9 20 10 1 23 22 1 22 2 23 0 12 19 14 7 13 10 9 14 34 3 41 0 23 1 14 9 11 9 8 10 8 10 14 7 15 10 24 0 28 1 13 16 9 10 31 0 26 2 23 1 14 16 28 0 24 1 20 0 19 11 12 16 26 1 8 10 28 0 24 1 17 13 20 0 17 1 14 17 16 13 14 9 11 18 30 1 15 8 23 0 12 12 19 1 0 13 22 0 1 27 11 6 20 2
